/*--------------------------------*- C++ -*----------------------------------*\
| =========                 |                                                 |
| \\      /  F ield         | OpenFOAM: The Open Source CFD Toolbox           |
|  \\    /   O peration     | Version:  v1806                                 |
|   \\  /    A nd           | Web:      www.OpenFOAM.com                      |
|    \\/     M anipulation  |                                                 |
\*---------------------------------------------------------------------------*/
FoamFile
{
    version     2.0;
    format      ascii;
    class       volScalarField;
    location    "221";
    object      p;
}
// * * * * * * * * * * * * * * * * * * * * * * * * * * * * * * * * * * * * * //

dimensions      [0 2 -2 0 0 0 0];


internalField   nonuniform List<scalar> 
10720
(
1776.74
1866.7
1908.55
1909.77
1864.98
1755.48
1593.17
1391.95
1159.87
910.432
652.71
395.053
144.228
-95.596
-320.257
-524.987
-708.864
-865.629
-995.61
-1092.62
-1156.88
-1183.92
-1180.25
-1147.35
-1097.68
-1052.65
-1011.06
-960.397
-900.524
-833.227
-758.698
-677.215
-589.011
-493.863
-391.192
-277.121
-147.323
26.0836
259.183
1643.32
1470.38
1228.76
924.358
566.812
164.982
-249.797
-625.225
-921.293
-1144.07
-1285.52
-1349.27
-1368.83
-1361.97
-1333.45
-1300.11
-1264.16
-1232.31
-1206.53
-1192.09
-1187.03
-1192.05
-1203.25
-1214.5
-1206.6
-1171.82
-1123.08
-1065.05
-998.011
-921.744
-837.208
-745.363
-646.78
-541.088
-427.505
-302.05
-159.246
26.9571
279.318
1707.15
1779.26
1820.79
1825.58
1786.4
1700.72
1573.95
1411.95
1219.95
1006.14
778.273
543.525
308.444
78.3776
-141.71
-347.055
-534.579
-699.193
-838.899
-948.79
-1027.64
-1072.28
-1085.68
-1070.57
-1038.06
-1005.12
-971.647
-928.007
-874.035
-811.644
-741.261
-663.243
-577.908
-485.101
-384.272
-271.609
-142.908
29.7899
256.583
1609.42
1481.46
1309.7
1090.48
829.284
532.193
216.835
-89.6398
-364.144
-596.794
-779.685
-911.816
-1003.33
-1061.87
-1093.48
-1109.79
-1115.71
-1116.78
-1116.87
-1120.58
-1127.97
-1140.14
-1154.78
-1166.73
-1161.39
-1132.24
-1088.99
-1036.01
-973.578
-901.517
-820.715
-732.096
-636.219
-532.756
-420.936
-296.836
-155.122
30.4083
276.52
1610.83
1672.08
1708.88
1716.4
1687.91
1620.41
1515.67
1376.64
1207.09
1013.41
802.609
581.346
356.25
133.236
-82.326
-285.562
-472.327
-638.158
-779.886
-893.581
-977.128
-1027.97
-1047.89
-1040.41
-1014.63
-984.577
-952.298
-910.671
-858.873
-798.558
-730.185
-654.01
-570.307
-478.898
-379.202
-267.432
-139.445
32.1563
252.789
1527.68
1418.8
1272.53
1083.59
857.032
595.916
311.37
23.4922
-246.677
-484.552
-681.766
-832.666
-939.21
-1009.57
-1052.34
-1076.43
-1087.98
-1092.41
-1094.24
-1097.51
-1103.76
-1114.05
-1126.54
-1136.56
-1132.49
-1107.44
-1067.77
-1017.79
-958.016
-888.39
-809.761
-723.049
-628.803
-526.724
-416.021
-292.811
-151.849
32.5533
272.441
1503.38
1556.32
1589.66
1598.78
1577.83
1523.94
1437.87
1321.31
1176.47
1008.01
821.294
621.645
414.909
206.592
1.99063
-193.919
-376.594
-541.566
-684.996
-803.084
-893.08
-952.645
-982.955
-986.98
-971.877
-949.176
-922.182
-885.612
-838.219
-781.563
-716.31
-642.769
-561.262
-471.664
-373.415
-262.806
-135.815
34.1116
248.498
1432.54
1341.26
1218.95
1061.1
872.477
653.703
412.767
165.816
-71.4072
-287.591
-474.542
-627.074
-745.631
-834.843
-900.163
-946.925
-979.604
-1002.5
-1019.72
-1034.99
-1050.39
-1067.02
-1083.6
-1096.19
-1095.69
-1075.77
-1040.69
-994.668
-938.466
-872.087
-796.328
-712.1
-619.962
-519.652
-410.384
-288.347
-148.448
34.2228
267.41
1396.39
1442.75
1473.05
1482.9
1467.45
1424.04
1352.65
1254.12
1129.47
982.063
815.9
635.187
445.019
250.434
56.511
-131.755
-309.584
-472.398
-615.973
-736.519
-830.866
-896.838
-934.64
-946.837
-939.277
-921.642
-897.911
-864.464
-819.984
-765.907
-703.023
-631.636
-552.047
-464.123
-367.289
-257.882
-132.031
35.9041
243.662
1334.8
1256.21
1150.79
1014.33
851.582
661.689
450.352
230.747
15.3408
-186.847
-368.215
-523.316
-650.691
-751.846
-829.734
-887.685
-929.897
-960.586
-983.804
-1003.08
-1020.73
-1037.88
-1053.79
-1065.25
-1065.27
-1048.05
-1016.05
-972.949
-919.576
-855.926
-782.697
-700.756
-610.636
-512.084
-404.297
-283.53
-144.891
35.6552
261.517
1293.78
1334.8
1362.39
1372.38
1360.75
1325.16
1265.23
1181.43
1074.03
945.495
798.731
636.905
464.246
285.132
104.141
-73.9706
-244.44
-402.722
-544.425
-665.63
-762.97
-834.131
-878.728
-898.883
-899.316
-887.836
-868.58
-839.297
-798.712
-748.054
-688.183
-619.43
-542.102
-456.089
-360.834
-252.768
-128.219
37.3662
238.217
1239.69
1171.34
1079.65
960.778
819.475
654.065
468.829
275.051
82.9893
-100.402
-268.481
-416.239
-541.948
-645.879
-729.687
-795.775
-847.328
-887.556
-919.572
-946.291
-969.885
-991.448
-1010.47
-1024.31
-1027.42
-1014.73
-987.321
-948.279
-898.558
-838.236
-767.975
-688.629
-600.742
-504.096
-397.911
-278.535
-141.335
36.6807
254.787
1197.48
1234.04
1259.18
1268.91
1259.94
1230.25
1179.32
1107.41
1014.33
901.876
772.153
627.445
471.185
307.037
139.025
-28.4347
-190.803
-343.598
-482.378
-603.151
-702.399
-777.645
-828.045
-855.041
-862.395
-856.382
-841.1
-815.43
-778.272
-730.659
-673.51
-607.195
-532.016
-447.87
-354.204
-247.542
-124.423
38.476
232.255
1149.55
1089.42
1008.71
903.875
779.588
633.701
469.481
296.792
124.263
-42.7711
-198.719
-339.064
-462.173
-567.653
-656.067
-728.723
-787.664
-835.093
-873.493
-905.326
-932.625
-956.487
-976.688
-991.144
-995.593
-985.592
-961.328
-925.27
-878.429
-820.916
-753.297
-676.36
-590.618
-495.862
-391.309
-273.413
-137.811
37.2734
247.362
1107.95
1140.73
1163.62
1172.83
1165.73
1140.54
1096.7
1034.39
953.208
854.482
739.725
610.554
469.678
320.083
165.217
9.0234
-144.273
-290.372
-424.918
-543.928
-643.78
-721.84
-776.865
-809.735
-823.383
-822.756
-811.67
-789.83
-756.338
-712.03
-657.84
-594.174
-521.328
-439.205
-347.272
-242.162
-120.649
39.2276
225.852
1065.19
1011.86
940.225
847.015
736.77
607.121
460.639
306.11
150.96
-0.62289
-143.924
-274.965
-392.367
-495.521
-584.419
-659.752
-722.785
-775.056
-818.45
-854.91
-886.117
-913.024
-935.502
-951.831
-958.652
-952.177
-931.884
-899.589
-856.265
-802.062
-737.472
-663.24
-579.87
-487.181
-384.415
-268.148
-134.331
37.4487
239.392
1025.13
1054.65
1075.47
1084.04
1078.25
1056.5
1018.31
963.83
892.537
805.451
703.68
588.314
461.471
325.543
183.393
38.4787
-105.365
-244.122
-373.617
-489.934
-589.407
-669.272
-727.972
-765.825
-785.029
-789.403
-782.351
-764.166
-734.196
-693.112
-641.833
-580.803
-510.307
-430.256
-340.125
-236.682
-116.938
39.5951
219.022
986.781
939.132
875.092
791.596
693.044
576.945
445.381
306.248
166.113
28.282
-103.265
-225.052
-336.034
-435.61
-523.508
-600.028
-665.862
-721.909
-769.46
-809.881
-844.458
-873.959
-898.316
-916.161
-924.813
-921.054
-903.965
-874.824
-834.543
-783.307
-721.533
-649.891
-568.856
-478.25
-377.331
-262.809
-130.948
37.1868
230.964
948.692
975.361
994.29
1002.15
997.275
978.221
944.551
896.494
833.457
756.254
665.713
562.546
448.407
325.152
195.125
61.3133
-72.9079
-203.853
-327.596
-440.335
-538.461
-619.117
-680.475
-722.381
-746.391
-755.389
-752.277
-737.71
-711.265
-673.464
-625.176
-566.869
-498.82
-420.94
-332.726
-231.089
-113.301
39.5704
211.778
914.126
871.314
813.724
738.473
649.798
545.194
426.351
300.474
173.435
47.9058
-72.7217
-185.371
-289.324
-384.116
-469.374
-545.193
-611.901
-669.956
-720.156
-763.416
-800.65
-832.416
-858.634
-878.152
-888.805
-887.876
-874.175
-848.455
-811.486
-763.458
-704.712
-635.844
-557.3
-468.919
-369.988
-257.371
-127.668
36.4822
222.127
878.189
902.352
919.564
926.683
922.439
905.515
875.534
832.787
776.671
707.877
627.04
534.598
431.832
320.179
201.527
78.3844
-46.3048
-169.226
-286.739
-395.247
-491.237
-571.811
-634.943
-680.062
-708.15
-721.338
-721.973
-710.895
-687.877
-653.324
-608.029
-552.474
-486.925
-411.292
-325.092
-225.397
-109.753
39.1569
204.137
846.91
808.249
756.195
688.023
607.789
513.017
405.118
290.695
175.072
60.4488
-50.225
-154.237
-251.147
-340.651
-422.382
-496.386
-562.794
-621.741
-673.654
-719.041
-758.458
-792.219
-820.177
-841.331
-853.858
-855.451
-844.778
-822.195
-788.32
-743.342
-687.535
-621.412
-545.381
-459.284
-362.432
-251.862
-124.516
35.3388
212.915
813.157
835.097
850.75
857.149
853.333
838.108
811.165
772.847
722.579
660.97
588.527
505.496
412.878
311.762
203.651
90.6361
-24.7693
-139.627
-250.624
-354.394
-447.571
-527.272
-591.332
-638.845
-670.295
-687.199
-691.355
-683.634
-663.958
-632.629
-590.348
-537.588
-474.604
-401.303
-317.224
-219.616
-106.306
38.3584
196.131
784.755
749.702
702.441
640.403
567.453
481.182
382.779
278.329
172.717
67.79
-33.8652
-129.831
-219.864
-303.823
-381.43
-452.736
-517.786
-576.532
-629.122
-675.755
-716.674
-751.967
-781.406
-804.061
-818.361
-822.33
-814.574
-795.107
-764.364
-722.495
-669.704
-606.417
-532.997
-449.292
-354.646
-246.283
-121.499
33.7715
203.353
753.14
773.105
787.336
793.044
789.515
775.674
751.261
716.669
671.381
615.94
550.772
475.996
392.4
300.803
202.382
98.8589
-7.64242
-114.553
-218.899
-317.58
-407.415
-485.571
-549.812
-598.964
-633.091
-653.211
-660.617
-656.082
-639.624
-611.46
-572.182
-522.241
-461.874
-390.983
-309.13
-213.755
-102.969
37.1893
187.789
727.28
695.378
652.307
595.624
529.024
450.156
360.049
264.348
167.553
71.2473
-22.2711
-110.813
-194.293
-272.721
-345.909
-413.976
-476.94
-534.653
-587.101
-634.261
-676.122
-712.564
-743.252
-767.282
-783.236
-789.388
-784.321
-767.796
-740.062
-701.222
-651.414
-590.974
-520.212
-438.977
-346.649
-240.648
-118.63
31.7917
193.479
697.715
715.917
728.853
733.904
730.567
717.869
695.587
664.166
623.147
573.028
514.186
446.655
371.066
288.037
198.462
103.752
5.69741
-93.4942
-191.18
-284.539
-370.611
-446.658
-510.416
-560.509
-596.669
-619.493
-629.845
-628.298
-614.919
-589.847
-553.553
-506.446
-448.745
-380.34
-300.821
-207.825
-99.7571
35.6666
179.148
674.102
644.982
605.594
553.629
492.597
420.235
337.438
249.446
160.453
71.8273
-14.3488
-96.0841
-173.407
-246.445
-315.104
-379.579
-439.918
-495.944
-547.549
-594.566
-636.795
-673.948
-705.578
-730.778
-748.212
-756.348
-753.775
-740.058
-715.263
-679.421
-632.6
-575.045
-507.008
-428.335
-338.443
-234.967
-115.915
29.4262
183.329
646.49
663.105
674.867
679.304
676.1
664.354
643.888
615.194
577.859
532.359
479.043
417.888
349.406
274.054
192.521
105.953
15.8362
-75.9446
-167.075
-255.015
-337.023
-410.498
-473.197
-523.603
-561.19
-586.209
-599.168
-600.39
-589.927
-567.847
-534.499
-490.231
-435.233
-369.387
-292.305
-201.837
-96.674
33.8065
170.249
624.878
598.216
562.095
514.312
458.202
391.592
315.27
234.124
152.066
70.3133
-9.23954
-84.7552
-156.35
-224.235
-288.391
-349.104
-406.464
-460.325
-510.54
-556.855
-598.946
-636.393
-668.659
-694.811
-713.548
-723.464
-723.174
-712.094
-690.12
-657.203
-613.336
-558.677
-493.412
-417.381
-330.042
-229.25
-113.364
26.6948
172.948
599.1
614.286
624.987
628.863
625.749
614.803
595.906
569.577
535.446
493.981
445.509
389.975
327.805
259.338
185.097
106.005
23.29
-61.4503
-146.207
-228.712
-306.463
-377.011
-438.164
-488.327
-526.781
-553.504
-568.709
-572.454
-564.727
-545.521
-515.063
-473.625
-421.359
-358.137
-283.596
-195.802
-93.7289
31.6351
161.134
579.287
554.813
521.596
477.543
425.81
364.32
293.768
218.732
142.872
67.2878
-6.28155
-76.1241
-142.413
-205.42
-265.201
-322.102
-376.285
-427.641
-476.039
-521.182
-562.681
-600.027
-632.608
-659.463
-679.29
-690.771
-692.55
-683.93
-664.658
-634.588
-593.641
-541.884
-479.436
-406.128
-321.457
-223.506
-110.98
23.6295
162.38
555.23
569.13
578.866
582.23
579.173
568.918
551.39
527.125
495.803
457.882
413.675
363.115
306.561
244.264
176.616
104.361
28.5072
-49.5997
-128.222
-205.357
-278.742
-346.094
-405.304
-454.738
-493.549
-521.508
-538.587
-544.593
-539.404
-522.936
-495.294
-456.662
-407.148
-346.61
-274.709
-189.731
-90.923
29.1791
151.844
537.032
514.517
483.898
443.189
395.367
338.461
273.082
203.522
133.23
63.1983
-4.95106
-69.6168
-131.009
-189.444
-245.023
-298.161
-349.074
-397.711
-443.974
-487.575
-528.093
-564.976
-597.566
-624.869
-645.572
-658.393
-662.023
-655.674
-638.961
-611.644
-573.565
-524.702
-465.105
-394.592
-312.702
-217.746
-108.762
20.2616
151.667
514.589
527.326
536.187
539.085
536.066
526.421
510.096
487.65
458.808
424.019
383.586
337.438
285.887
229.118
167.425
101.408
31.888
-40.0022
-112.774
-184.667
-253.654
-317.625
-374.572
-422.868
-461.584
-490.345
-508.922
-516.913
-514.05
-500.164
-475.246
-439.384
-392.63
-334.827
-265.661
-183.633
-88.2582
26.4708
142.432
497.844
477.089
448.808
411.109
366.804
314.018
253.301
188.681
123.407
58.3987
-4.83004
-64.7703
-121.658
-175.829
-227.423
-276.901
-324.537
-370.338
-414.25
-456.023
-495.243
-531.342
-563.643
-591.136
-612.484
-626.419
-631.681
-627.407
-613.1
-588.429
-553.153
-507.165
-450.445
-382.794
-303.791
-211.979
-106.711
16.6299
140.866
476.911
488.596
496.665
499.141
496.156
487.048
471.793
450.966
424.329
392.32
355.241
313.022
265.94
214.133
157.82
97.4833
33.7901
-32.3095
-99.5443
-166.378
-230.998
-291.473
-345.917
-392.734
-430.955
-460.118
-479.826
-489.518
-488.755
-477.281
-454.98
-421.835
-377.839
-322.814
-256.468
-177.52
-85.7326
23.5445
132.947
461.478
442.31
416.144
381.165
340.037
290.977
234.479
174.333
113.609
53.1607
-5.5883
-61.2123
-113.955
-164.164
-212.008
-257.975
-302.39
-345.314
-386.746
-426.485
-464.152
-499.196
-530.941
-558.37
-580.13
-594.952
-601.624
-599.221
-587.157
-565.01
-532.459
-489.315
-435.487
-370.756
-294.741
-206.212
-104.817
12.7724
130.026
441.96
452.697
460.047
462.142
459.188
450.562
436.268
416.891
392.225
362.699
328.617
289.91
246.832
199.486
148.031
92.8593
34.5124
-26.2183
-88.2446
-150.229
-210.567
-267.499
-319.267
-364.33
-401.715
-430.915
-451.407
-462.509
-463.614
-454.371
-434.562
-404.069
-362.813
-310.598
-247.152
-171.401
-83.3412
20.4374
123.438
427.717
409.987
385.736
353.226
314.977
269.302
216.642
160.568
103.984
47.6898
-6.97232
-58.643
-107.568
-154.105
-198.436
-241.07
-282.362
-322.426
-361.317
-398.892
-434.818
-468.577
-499.524
-526.651
-548.599
-564.084
-571.943
-571.206
-561.213
-541.459
-511.543
-471.199
-420.265
-358.504
-285.571
-200.453
-103.075
8.73216
119.201
409.528
419.401
426.098
427.854
424.932
416.745
403.323
385.255
362.36
335.065
303.669
268.112
228.627
185.295
138.232
87.7546
34.3047
-21.4567
-78.6029
-135.975
-192.156
-245.55
-294.53
-337.629
-373.896
-402.809
-423.762
-435.986
-438.719
-431.516
-414.063
-386.14
-347.597
-298.212
-237.735
-165.286
-81.0751
17.1905
113.961
396.363
379.938
357.428
327.167
291.542
248.95
199.794
147.437
94.6339
42.1404
-8.77689
-56.8239
-102.237
-145.374
-186.426
-225.91
-264.209
-301.475
-337.817
-373.155
-407.205
-439.505
-469.445
-496.056
-517.974
-533.905
-542.733
-543.457
-535.355
-517.85
-490.469
-452.868
-404.821
-346.067
-276.298
-194.707
-101.469
4.55513
108.444
379.418
388.506
394.61
396.066
393.178
385.396
372.773
355.89
334.599
309.317
280.341
247.619
211.369
171.657
128.566
82.3577
33.3881
-17.7886
-70.3851
-123.398
-175.574
-225.477
-271.61
-312.589
-347.508
-375.857
-396.974
-410.04
-414.162
-408.803
-393.557
-368.109
-332.237
-285.692
-228.239
-159.184
-78.9245
13.8466
104.572
367.235
351.997
331.074
302.869
269.643
229.873
183.927
134.981
85.6446
36.6378
-10.8418
-55.5569
-97.7347
-137.724
-175.722
-212.248
-247.698
-282.264
-316.1
-349.173
-381.264
-411.97
-440.738
-466.639
-488.324
-504.496
-514.082
-516.061
-509.667
-494.261
-469.303
-434.377
-389.196
-333.476
-266.942
-188.98
-99.9863
0.285624
97.8131
351.453
359.829
365.396
366.588
363.739
356.333
344.444
328.645
308.812
285.356
258.568
228.408
195.08
158.64
119.147
76.8179
31.9443
-15.0133
-63.3805
-112.291
-160.637
-207.13
-250.403
-289.162
-322.552
-350.096
-371.114
-384.756
-390.033
-386.317
-373.12
-350.041
-316.785
-273.074
-218.689
-153.101
-76.8763
10.4454
95.3196
340.167
326.014
306.54
280.222
249.195
212.015
169.023
123.214
77.0722
31.2735
-13.0381
-54.682
-93.8762
-130.957
-166.117
-199.875
-232.636
-264.619
-296.014
-326.837
-356.928
-385.951
-413.414
-438.441
-459.711
-475.93
-486.07
-489.106
-484.237
-470.773
-448.116
-415.787
-373.438
-320.767
-257.525
-183.275
-98.6064
-4.02825
87.3612
325.477
333.204
338.285
339.244
336.44
329.388
318.178
303.374
284.875
263.081
238.281
210.441
179.76
146.285
110.056
71.2567
30.124
-12.9514
-57.3966
-102.459
-147.168
-190.361
-230.799
-267.28
-299.007
-325.552
-346.245
-360.214
-366.42
-364.145
-352.831
-332.002
-301.296
-260.402
-209.111
-147.047
-74.9143
7.0321
86.2601
315.009
301.85
283.706
259.122
230.116
195.323
155.055
112.146
68.95
26.1151
-15.2705
-54.0782
-90.5151
-124.903
-157.431
-188.607
-218.84
-248.369
-277.413
-306.032
-334.12
-361.406
-387.465
-411.482
-432.177
-448.27
-458.773
-462.675
-459.15
-447.468
-426.982
-397.16
-357.598
-307.975
-248.068
-177.595
-97.3087
-8.33911
77.1437
301.342
308.478
313.12
313.873
311.12
304.406
293.828
279.943
262.669
242.395
219.407
193.679
165.4
134.615
101.354
65.7683
28.0552
-11.4538
-52.2705
-93.7395
-135.009
-175.034
-212.691
-246.871
-276.844
-302.235
-322.406
-336.478
-343.397
-342.367
-332.767
-314.063
-285.826
-247.715
-199.531
-141.026
-73.0222
3.64931
77.4436
291.626
279.377
262.454
239.47
212.33
179.742
141.995
101.769
61.3022
21.2132
-17.4623
-53.646
-87.5304
-119.422
-149.506
-178.282
-206.15
-233.365
-260.163
-286.648
-312.761
-338.291
-362.878
-385.776
-405.758
-421.569
-432.259
-436.844
-434.485
-424.425
-405.976
-378.56
-341.73
-295.141
-238.591
-171.942
-96.0703
-12.6001
67.2122
278.918
285.513
289.76
290.334
287.638
281.245
271.258
258.226
242.081
223.203
201.872
178.07
151.98
123.643
93.082
60.4268
25.8411
-10.3946
-47.858
-85.9816
-124.012
-161.016
-195.972
-227.863
-256.027
-280.147
-299.633
-313.608
-321.036
-321.06
-313.009
-296.294
-270.435
-235.062
-189.975
-135.048
-71.1792
0.339503
68.9189
269.891
258.478
242.68
221.174
195.758
165.214
129.808
92.0747
54.1423
16.6035
-19.5549
-53.3045
-84.8248
-114.406
-142.226
-168.767
-194.429
-219.468
-244.139
-268.573
-292.762
-316.541
-339.62
-361.322
-380.477
-395.87
-406.589
-411.689
-410.324
-401.723
-385.174
-360.055
-325.886
-282.303
-229.121
-166.315
-94.8676
-16.765
57.6169
258.083
264.185
268.072
268.493
265.86
259.773
250.343
238.105
223.005
205.413
185.603
163.564
139.472
113.368
85.2682
55.287
23.5615
-9.66698
-44.0366
-79.0521
-114.044
-148.179
-180.532
-210.173
-236.506
-259.277
-277.943
-291.654
-299.404
-300.298
-293.629
-278.765
-255.182
-222.484
-180.475
-129.115
-69.3679
-2.86207
60.7305
249.688
239.044
224.286
204.148
180.332
151.685
118.457
83.0455
47.4734
12.309
-21.5071
-52.9934
-82.3174
-109.755
-135.477
-159.945
-183.55
-206.554
-229.219
-251.704
-274.031
-296.09
-317.652
-338.105
-356.344
-371.204
-381.811
-387.27
-386.739
-379.442
-364.649
-341.714
-310.124
-269.502
-219.678
-160.716
-93.674
-20.7937
48.4037
238.724
244.375
247.936
248.226
245.663
239.87
230.966
219.47
205.341
188.938
170.528
150.105
127.843
103.779
77.9291
50.3913
21.2843
-9.18488
-40.7007
-72.8318
-104.986
-136.41
-166.273
-193.722
-218.23
-239.599
-257.344
-270.649
-278.555
-280.149
-274.698
-261.544
-240.129
-210.03
-171.056
-123.237
-67.5716
-5.91494
52.9176
230.91
220.978
207.18
188.313
165.983
139.102
107.905
74.6606
41.2925
8.34445
-23.2879
-52.6667
-79.9495
-105.395
-129.169
-151.715
-173.412
-194.519
-215.305
-235.944
-256.489
-276.878
-296.929
-316.103
-333.362
-347.595
-357.968
-363.645
-363.795
-357.65
-344.474
-323.603
-294.501
-256.782
-210.283
-155.146
-92.4676
-24.6397
39.6154
220.739
225.978
229.244
229.422
226.935
221.426
213.02
202.22
188.995
173.693
156.575
137.641
117.057
94.8629
71.0701
45.7694
19.0609
-8.87516
-37.7628
-67.221
-96.726
-125.603
-153.097
-178.434
-201.146
-221.088
-237.839
-250.621
-258.537
-260.674
-256.285
-244.699
-225.332
-197.747
-161.747
-117.418
-65.7654
-8.78828
45.5171
213.46
204.185
191.278
173.592
152.647
127.413
98.1137
66.8977
35.5913
4.71574
-24.8751
-52.2891
-77.6722
-101.269
-123.235
-143.998
-163.922
-183.265
-202.294
-221.196
-240.05
-258.828
-277.397
-295.284
-311.519
-325.052
-335.09
-340.862
-341.555
-336.417
-324.718
-305.788
-279.074
-244.183
-200.962
-149.604
-91.2185
-28.2694
31.2889
204.033
208.894
211.893
211.979
209.572
204.338
196.404
186.258
173.878
159.602
143.678
126.117
107.077
86.5971
64.6913
41.4391
16.9295
-8.67912
-35.1467
-62.134
-89.1753
-115.663
-140.915
-164.229
-185.191
-203.707
-219.413
-231.585
-239.386
-241.922
-238.449
-228.29
-210.849
-185.678
-152.576
-111.663
-63.9377
-11.4495
38.5606
197.248
188.58
176.499
159.915
140.261
116.568
89.0453
59.7306
30.3569
1.42401
-26.2565
-51.8344
-75.4451
-97.3228
-117.613
-136.723
-155.005
-172.708
-190.102
-207.379
-224.635
-241.874
-259.004
-275.614
-290.801
-303.579
-313.201
-318.958
-320.07
-315.804
-305.447
-288.33
-263.897
-231.747
-191.737
-144.09
-89.9085
-31.6466
23.4549
188.519
193.033
195.791
195.801
193.477
188.509
181.025
171.495
159.907
146.584
131.771
115.477
97.8599
78.958
58.7837
37.4122
14.9198
-8.55227
-32.7897
-57.4929
-82.2467
-106.502
-129.643
-151.032
-170.306
-187.413
-202.052
-213.548
-221.13
-223.939
-221.245
-212.376
-196.735
-173.868
-143.57
-105.982
-62.0709
-13.8751
32.0713
182.189
174.085
162.773
147.216
128.768
106.517
80.6624
53.1316
25.5728
-1.53712
-27.4249
-51.2848
-73.2424
-93.5184
-112.253
-129.833
-146.594
-162.781
-178.655
-194.415
-210.171
-225.948
-241.696
-257.053
-271.185
-283.171
-292.315
-297.966
-299.383
-295.866
-286.72
-271.291
-249.022
-219.517
-182.629
-138.605
-88.5146
-34.7425
16.14
174.116
178.311
180.85
180.798
178.563
173.852
166.797
157.848
147.002
134.571
120.788
105.67
89.3662
71.9178
53.3357
33.6905
13.052
-8.45543
-30.6399
-53.2353
-75.8683
-98.0443
-119.205
-138.773
-156.432
-172.167
-185.73
-196.506
-203.787
-206.76
-204.72
-197.01
-183.04
-162.358
-134.755
-100.38
-60.1521
-16.0439
26.0669
168.206
160.625
150.028
135.431
118.114
97.2148
72.9267
47.0731
21.221
-4.17574
-28.3815
-50.6314
-71.0447
-89.8293
-107.118
-123.28
-138.634
-153.417
-167.886
-182.236
-196.588
-210.988
-225.414
-239.555
-252.642
-263.818
-272.437
-277.907
-279.534
-276.65
-268.592
-254.724
-234.5
-207.527
-173.662
-133.151
-87.0176
-37.5307
9.36535
160.746
164.65
166.991
166.891
164.746
160.285
153.638
145.24
135.092
123.494
110.671
96.6426
81.5545
65.4461
48.3308
30.2739
11.3392
-8.36157
-28.6574
-49.3076
-69.9785
-90.2218
-109.532
-127.387
-143.511
-157.923
-170.422
-180.45
-187.367
-190.412
-188.912
-182.235
-169.808
-151.185
-126.156
-94.8648
-58.1722
-17.9394
20.5613
155.226
148.132
138.202
124.503
108.244
88.6158
65.8004
41.5276
17.2816
-6.50365
-29.1285
-49.8689
-68.8377
-86.2322
-102.178
-117.026
-131.08
-144.567
-157.736
-170.779
-183.825
-196.934
-210.108
-223.078
-235.14
-245.5
-253.565
-258.797
-260.55
-258.197
-251.109
-238.68
-220.377
-195.816
-164.855
-127.731
-85.4052
-39.9929
3.14467
148.342
151.976
154.139
154.001
151.949
147.731
141.474
133.597
124.106
113.289
101.361
88.3463
74.384
59.5137
43.75
27.1558
9.78787
-8.25211
-26.8084
-45.6662
-64.5222
-82.9729
-100.559
-116.81
-131.486
-144.633
-156.092
-165.365
-171.872
-174.912
-173.852
-168.091
-157.08
-140.386
-117.797
-89.4468
-56.1227
-19.5507
15.5592
143.183
136.541
127.233
114.377
99.1114
80.677
59.2493
36.465
13.7332
-8.53325
-29.6702
-48.9945
-66.6112
-82.7093
-97.4073
-111.039
-123.892
-136.183
-148.153
-159.99
-171.823
-183.727
-195.722
-207.576
-218.646
-228.198
-235.689
-240.639
-242.449
-240.537
-234.313
-223.201
-206.694
-184.418
-156.229
-122.351
-83.6649
-42.1137
-2.51614
136.836
140.224
142.224
142.059
140.103
136.119
130.235
122.852
113.98
103.894
92.803
80.7316
67.8132
54.0887
39.5731
24.3259
8.40068
-8.11066
-25.0665
-42.2721
-59.4544
-76.2459
-92.2324
-106.987
-120.304
-132.251
-142.708
-151.23
-157.296
-160.27
-159.562
-154.609
-144.89
-129.99
-109.7
-84.1338
-54.0025
-20.8738
11.0607
132.013
125.792
117.067
105
90.668
73.3574
53.2377
31.8585
10.5542
-10.2802
-30.0173
-48.0111
-64.3633
-79.2521
-92.7915
-105.296
-117.039
-128.23
-139.095
-149.82
-160.534
-171.318
-182.206
-193.004
-203.122
-211.884
-218.798
-223.433
-225.244
-223.694
-218.234
-208.325
-193.487
-173.362
-147.804
-117.014
-81.7913
-43.8845
-7.61377
126.17
129.33
131.184
131
129.139
125.383
119.856
112.941
104.653
95.2539
84.9452
73.7518
61.8028
49.139
35.777
21.7722
7.17523
-7.9288
-23.4114
-39.0961
-54.7349
-69.9946
-84.4998
-97.8643
-109.914
-120.731
-130.23
-138.018
-143.627
-146.488
-146.056
-141.811
-133.264
-120.024
-101.884
-78.9361
-51.8115
-21.9071
7.05978
121.657
115.83
107.649
96.3239
82.8695
66.6174
47.7313
27.679
7.72213
-11.7622
-30.1807
-46.9255
-62.093
-75.8534
-88.316
-99.7773
-110.498
-120.675
-130.524
-140.227
-149.908
-159.655
-169.514
-179.317
-188.528
-196.528
-202.87
-207.173
-208.941
-207.683
-202.896
-194.081
-180.787
-162.674
-139.597
-111.729
-79.7789
-45.3031
-12.1528
116.286
119.235
120.958
120.762
118.998
115.462
110.276
103.805
96.067
87.3139
77.737
67.363
56.3154
44.6348
32.3389
19.4804
6.10774
-7.70101
-21.8281
-36.1134
-50.331
-64.1779
-77.3153
-89.3944
-100.266
-110.028
-118.619
-125.699
-130.847
-133.56
-133.341
-129.712
-122.224
-110.509
-94.3654
-73.8641
-49.552
-22.6558
3.5451
112.062
106.602
98.9307
88.3023
75.6739
60.4198
42.6982
23.898
5.21376
-12.9965
-30.173
-45.7437
-59.8025
-72.5099
-83.9716
-94.4684
-104.246
-113.49
-122.408
-131.172
-139.905
-148.696
-157.6
-166.473
-174.827
-182.098
-187.883
-191.843
-193.535
-192.512
-188.317
-180.492
-168.618
-152.378
-131.626
-106.502
-77.6307
-46.3692
-16.1423
107.13
109.887
111.489
111.289
109.621
106.297
101.437
95.3873
88.1697
80.0238
71.1315
61.5219
51.3128
40.5447
29.2349
17.4354
5.19096
-7.42538
-20.306
-33.3037
-46.2146
-58.762
-70.6396
-81.5334
-91.316
-100.096
-107.837
-114.24
-118.934
-121.475
-121.415
-118.321
-111.783
-101.461
-87.1605
-68.9288
-47.2319
-23.1285
0.500795
103.176
98.0592
90.8653
80.8918
69.0414
54.7281
38.1066
20.4896
3.00726
-14.0013
-30.0073
-44.4747
-57.4948
-69.2206
-79.7527
-89.3573
-98.2656
-106.654
-114.719
-122.622
-130.487
-138.4
-146.421
-154.429
-161.981
-168.561
-173.808
-177.426
-179.017
-178.181
-174.506
-167.574
-157.001
-142.492
-123.903
-101.345
-75.3516
-47.0924
-19.5976
98.6541
101.232
102.726
102.527
100.955
97.836
93.2867
87.637
80.9105
73.3351
65.0845
56.1885
46.76
36.8379
26.4413
15.6196
4.41566
-7.10325
-18.8375
-30.6523
-42.3624
-53.7161
-64.436
-74.24
-83.0211
-90.8946
-97.842
-103.606
-107.86
-110.214
-110.27
-107.639
-101.95
-92.8928
-80.2807
-64.1403
-44.8605
-23.3393
-2.09447
94.9509
90.1548
83.4088
74.0517
62.9343
49.5093
33.9265
17.4276
1.08044
-14.7942
-29.698
-43.1295
-55.1769
-65.9868
-75.656
-84.4356
-92.544
-100.148
-107.432
-114.55
-121.619
-128.727
-135.938
-143.146
-149.949
-155.88
-160.616
-163.898
-165.373
-164.684
-161.464
-155.334
-145.948
-133.031
-116.444
-96.268
-72.9505
-47.4835
-22.5371
90.8118
93.2245
94.6204
94.4266
92.9491
90.0279
85.7755
80.5051
74.2422
67.2036
59.5544
51.3247
42.6224
33.4862
23.9349
14.0164
3.77123
-6.73723
-17.4177
-28.1468
-38.7546
-49.0137
-58.6726
-67.4784
-75.3415
-82.3809
-88.595
-93.7617
-97.5941
-99.7556
-99.8917
-97.6587
-92.7253
-84.8094
-73.735
-59.5094
-42.4497
-23.3049
-4.2645
87.3421
82.8462
76.5207
67.7434
57.3171
44.7301
30.1287
14.6865
-0.58887
-15.3936
-29.2594
-41.7179
-52.8552
-62.8115
-71.6801
-79.6981
-87.0709
-93.9557
-100.526
-106.928
-113.272
-119.646
-126.113
-132.583
-138.693
-144.019
-148.275
-151.232
-152.582
-152.009
-149.185
-143.775
-135.466
-124.006
-109.26
-91.2812
-70.4385
-47.5587
-24.9852
83.5594
85.8192
87.1259
86.9416
85.5574
82.8263
78.8568
73.946
68.1207
61.5868
54.501
46.8937
38.8676
30.4608
21.6926
12.6084
3.24692
-6.33192
-16.0442
-25.7768
-35.3753
-44.6322
-53.3211
-61.2144
-68.2393
-74.516
-80.0557
-84.6679
-88.1036
-90.0711
-90.2604
-88.3692
-84.1044
-77.2126
-67.5299
-55.0461
-40.0134
-23.0455
-6.03636
80.3075
76.0931
70.162
61.931
52.1561
40.3602
26.6857
12.2419
-2.02154
-15.8176
-28.706
-40.2517
-50.5375
-59.6987
-67.8252
-75.1401
-81.8369
-88.0638
-93.9833
-99.733
-105.419
-111.123
-116.911
-122.706
-128.178
-132.943
-136.75
-139.398
-140.62
-140.138
-137.661
-132.894
-125.557
-115.422
-102.359
-86.3968
-67.8308
-47.3389
-26.9681
76.8564
78.9745
80.2003
80.0285
78.7358
76.1873
72.4873
67.917
62.5045
56.4451
49.8871
42.8611
35.4647
27.7351
19.6918
11.3782
2.83161
-5.8924
-14.7161
-23.5355
-32.21
-40.5509
-48.3546
-55.4172
-61.6795
-67.2618
-72.1853
-76.2872
-79.3523
-81.1303
-81.3518
-79.7531
-76.0777
-70.1001
-61.6687
-50.7596
-37.5667
-22.5836
-7.44064
73.808
69.857
64.2968
56.5801
47.4194
36.3701
23.5713
10.0703
-3.23785
-16.0829
-28.0524
-38.7417
-48.2325
-56.6534
-64.0922
-70.7588
-76.8352
-82.4609
-87.7879
-92.9449
-98.0321
-103.129
-108.299
-113.477
-118.365
-122.615
-126.006
-128.365
-129.459
-129.047
-126.873
-122.679
-116.217
-107.282
-95.7495
-81.6264
-65.144
-46.8466
-28.5152
70.6649
72.6516
73.8037
73.6469
72.4435
70.0701
66.6265
62.3785
57.3554
51.7417
45.6781
39.1948
32.3846
25.2835
17.9112
10.3094
2.51321
-5.42503
-13.4334
-21.4169
-29.2466
-36.7523
-43.75
-50.0581
-55.6292
-60.5816
-64.9451
-68.5809
-71.3035
-72.9001
-73.1378
-71.7893
-68.6311
-63.4651
-56.1523
-46.6575
-35.1252
-21.9435
-8.50838
67.8065
64.1025
58.8907
51.6585
43.0768
32.7321
20.7603
8.15007
-4.25737
-16.2068
-27.3126
-37.1992
-45.9474
-53.6801
-60.4825
-66.5521
-72.0599
-77.1367
-81.9248
-86.5447
-91.0901
-95.6369
-100.247
-104.863
-109.217
-112.997
-116.006
-118.096
-119.068
-118.71
-116.801
-113.117
-107.439
-99.5847
-89.4357
-76.9818
-62.3963
-46.1075
-29.6593
64.9493
66.8141
67.8989
67.7592
66.6425
64.4365
61.2365
57.2934
52.6371
47.442
41.841
35.8644
29.5995
23.0816
16.3304
9.38544
2.28023
-4.93619
-12.1975
-19.4161
-26.4751
-33.22
-39.4856
-45.1104
-50.0568
-54.4406
-58.2974
-61.5101
-63.9196
-65.345
-65.5875
-64.4522
-61.7464
-57.2973
-50.9785
-42.7471
-32.705
-21.1502
-9.27234
62.2685
58.7962
53.9118
47.1359
39.1003
29.4208
18.2298
6.45946
-5.0986
-16.205
-26.4996
-35.635
-43.6904
-50.7839
-56.9978
-62.5184
-67.5056
-72.0821
-76.3809
-80.5144
-84.5703
-88.6204
-92.7236
-96.832
-100.702
-104.053
-106.714
-108.558
-109.414
-109.098
-107.421
-104.189
-99.2113
-92.3253
-83.421
-72.4733
-59.6066
-45.149
-30.4331
59.6763
61.4277
62.4511
62.3298
61.2971
59.2508
56.2819
52.6269
48.3161
43.5137
38.3456
32.8414
27.0837
21.1067
14.9297
8.59072
2.12123
-4.43277
-11.0097
-17.5298
-23.8864
-29.9397
-35.5415
-40.5487
-44.9326
-48.8053
-52.2062
-55.0371
-57.1619
-58.4283
-58.6676
-57.7137
-55.4022
-51.5832
-46.1431
-39.0335
-30.3219
-20.2293
-9.7655
57.1615
53.9067
49.3301
42.9841
35.4633
26.4109
15.9567
4.97879
-5.77936
-16.093
-25.6264
-34.0592
-41.4691
-47.9695
-53.64
-58.6561
-63.1675
-67.2887
-71.1441
-74.8381
-78.4527
-82.0552
-85.7014
-89.3505
-92.7826
-95.7464
-98.0926
-99.7124
-100.46
-100.178
-98.7051
-95.8731
-91.5179
-85.4964
-77.7059
-68.1107
-56.7936
-43.9986
-30.8715
54.8146
56.4605
57.4277
57.3258
56.3741
54.4799
51.7301
48.3468
44.3607
39.9266
35.1631
30.0992
24.8131
19.3374
13.6911
7.91051
2.02557
-3.9209
-9.87205
-15.7546
-21.4719
-26.8978
-31.8994
-36.3501
-40.2289
-43.6435
-46.6359
-49.1239
-50.9921
-52.1126
-52.3431
-51.5436
-49.5743
-46.3068
-41.6393
-35.5207
-27.99
-19.206
-10.021
52.4553
49.4046
45.1174
39.1762
32.1407
23.6801
13.9204
3.68917
-6.31593
-15.8851
-24.7053
-32.4818
-39.2909
-45.2418
-50.4111
-54.9643
-59.041
-62.7486
-66.2028
-69.5006
-72.7181
-75.9182
-79.1538
-82.3894
-85.4273
-88.0427
-90.1051
-91.5224
-92.1712
-91.9172
-90.6224
-88.1441
-84.341
-79.0877
-72.2893
-63.9028
-53.9767
-42.685
-31.0093
50.335
51.8828
52.7984
52.7164
51.8424
50.0928
47.5501
44.4229
40.7418
36.6527
32.267
27.6132
22.7649
17.7536
12.5976
7.33134
1.98327
-3.40665
-8.78604
-14.0879
-19.2244
-24.0819
-28.5417
-32.4922
-35.9188
-38.9241
-41.5521
-43.7339
-45.3722
-46.3602
-46.5787
-45.9101
-44.2371
-41.4499
-37.4584
-32.2106
-25.7235
-18.1045
-10.071
48.1213
45.2621
41.247
35.6872
29.109
21.2058
12.101
2.57292
-6.72428
-15.5946
-23.7472
-30.9114
-37.1624
-42.6046
-47.3125
-51.4411
-55.1218
-58.4541
-61.5458
-64.4866
-67.3476
-70.187
-73.0544
-75.9192
-78.6034
-80.9064
-82.7148
-83.9508
-84.5103
-84.2795
-83.1415
-80.9751
-77.6598
-73.0865
-67.1685
-59.857
-51.1741
-41.2357
-30.8813
46.2103
47.6665
48.5345
48.4725
47.6729
46.0605
43.7132
40.8269
37.4321
33.6659
29.6327
25.3605
20.9185
16.3365
11.6329
6.83993
1.98459
-2.89607
-7.75364
-12.527
-17.1366
-21.4802
-25.4521
-28.954
-31.9767
-34.6179
-36.9219
-38.8314
-40.2648
-41.1335
-41.338
-40.7807
-39.3634
-36.9927
-33.5901
-29.1038
-23.534
-16.9478
-9.94643
44.1329
41.4536
37.6944
32.4936
26.346
18.9681
10.4798
1.61334
-7.0187
-15.2339
-22.7625
-29.3562
-35.0891
-40.0613
-44.3448
-48.085
-51.4049
-54.3974
-57.1622
-59.7824
-62.3237
-64.8403
-67.3783
-69.9116
-72.2796
-74.3038
-75.8858
-76.9605
-77.4403
-77.2294
-76.2293
-74.3376
-71.4522
-67.4787
-62.3383
-55.9792
-48.4024
-39.6778
-30.5213
42.4146
43.7854
44.6095
44.5675
43.8387
42.356
40.193
37.533
34.4065
30.9419
27.2372
23.3195
19.2541
15.0691
10.7825
6.42471
2.02096
-2.39413
-6.77609
-11.0692
-15.2016
-19.0814
-22.6146
-25.7151
-28.3783
-30.6964
-32.7132
-34.3817
-35.6337
-36.3958
-36.5856
-36.1225
-34.9251
-32.9146
-30.0225
-26.1991
-21.432
-15.7572
-9.67684
40.4651
37.9548
34.4362
29.5732
23.8311
16.9475
9.03948
0.795131
-7.21286
-14.8146
-21.7605
-27.8233
-33.076
-37.6145
-41.5083
-44.8939
-47.8856
-50.5707
-53.0411
-55.3737
-57.6291
-59.8576
-62.1018
-64.3391
-66.4255
-68.2017
-69.5831
-70.5152
-70.9248
-70.7314
-69.8525
-68.2025
-65.6949
-62.2485
-57.7925
-52.2739
-45.6775
-38.0375
-29.9627
38.9242
40.215
40.9985
40.976
40.3144
38.9542
36.9645
34.5169
31.6413
28.4581
25.0592
21.4709
17.754
13.9357
10.033
6.07477
2.08459
-1.90546
-5.85452
-9.71193
-13.4128
-16.8748
-20.0144
-22.7566
-25.1005
-27.1325
-28.8957
-30.3517
-31.4435
-32.111
-32.2862
-31.903
-30.8941
-29.1938
-26.7426
-23.4936
-19.4259
-14.5519
-9.28982
37.0946
34.743
31.4505
26.9054
21.5449
15.1266
7.76419
0.10392
-7.31905
-14.3472
-20.7496
-26.3194
-31.1276
-35.2664
-38.8028
-41.8647
-44.5589
-46.9663
-49.1719
-51.2469
-53.2471
-55.2187
-57.2014
-59.1754
-61.0117
-62.5683
-63.7724
-64.5792
-64.9274
-64.7498
-63.9777
-62.5399
-60.3635
-57.3791
-53.5231
-48.7433
-43.0129
-36.338
-29.2364
35.7167
36.9327
37.6784
37.6746
37.0767
35.8318
34.0047
31.7559
29.1148
26.1938
23.0793
19.7962
16.4018
12.9217
9.37212
5.78032
2.1683
-1.43419
-4.98982
-8.45243
-11.7637
-14.8497
-17.637
-20.06
-22.1207
-23.9003
-25.4403
-26.7095
-27.6606
-28.2446
-28.4057
-28.0901
-27.2425
-25.8082
-23.7363
-20.9832
-17.5225
-13.349
-8.81077
33.9996
31.797
28.717
24.4709
19.4692
13.4884
6.63865
-0.47352
-7.34883
-13.8412
-19.7376
-24.8497
-29.2472
-33.0184
-36.2276
-38.9947
-41.4189
-43.5758
-45.5439
-47.3887
-49.1613
-50.9046
-52.6551
-54.3951
-56.0096
-57.3724
-58.4208
-59.1178
-59.4128
-59.2498
-58.5721
-57.3202
-55.4335
-52.8528
-49.5215
-45.3888
-40.4204
-34.6016
-28.3719
32.7711
33.917
34.6274
34.6416
34.1036
32.9669
31.2923
29.2293
26.8068
24.13
21.2793
18.279
15.1823
12.0137
8.7886
5.53249
2.2659
-0.983652
-4.18208
-7.2875
-10.2475
-12.9961
-15.4684
-17.6075
-19.4179
-20.9752
-22.3192
-23.4247
-24.2527
-24.7633
-24.9112
-24.6526
-23.9427
-22.7362
-20.9895
-18.6627
-15.7265
-12.1636
-8.26254
31.1596
29.097
26.2167
22.2518
17.5873
12.0173
5.64889
-0.949535
-7.31257
-13.3051
-18.7309
-23.4191
-27.4377
-30.8711
-33.7812
-36.28
-38.4599
-40.3914
-42.1466
-43.7856
-45.3559
-46.8964
-48.4408
-49.9738
-51.3924
-52.5844
-53.4963
-54.0977
-54.347
-54.1977
-53.6031
-52.5142
-50.8805
-48.6515
-45.7775
-42.2103
-37.9102
-32.8479
-27.3966
30.0679
31.148
31.8253
31.8565
31.3748
30.3393
28.8072
26.9176
24.6988
22.2488
19.6428
16.9039
14.0819
11.1998
8.27238
5.32335
2.37194
-0.556619
-3.43123
-6.21392
-8.85768
-11.3039
-13.4952
-15.3824
-16.9718
-18.3338
-19.506
-20.4685
-21.1891
-21.6355
-21.7712
-21.5608
-20.9681
-19.9558
-18.4869
-16.5256
-14.041
-11.0081
-7.66577
28.5555
26.6245
23.9318
20.231
15.8833
10.6991
4.78204
-1.33532
-7.21979
-12.7465
-17.7353
-22.0314
-25.7009
-28.8244
-31.4613
-33.7164
-35.6757
-37.4043
-38.9688
-40.4247
-41.815
-43.1758
-44.5379
-45.8879
-47.1337
-48.1759
-48.9685
-49.4871
-49.6973
-49.561
-49.0397
-48.0933
-46.68
-44.757
-42.2806
-39.2058
-35.4902
-31.0945
-26.3354
27.5889
28.6072
29.2534
29.3004
28.8712
27.9304
26.5311
24.803
22.7735
20.5339
18.1543
15.6569
13.0879
10.4691
7.81446
5.14607
2.48177
-0.155262
-2.73672
-5.22828
-7.5879
-9.76336
-11.7044
-13.3684
-14.7631
-15.9537
-16.9758
-17.8136
-18.4408
-18.8313
-18.9558
-18.786
-18.2929
-17.4458
-16.2137
-14.5645
-12.4676
-9.89299
-7.0385
26.1696
24.3621
21.8457
18.3929
14.3426
9.52026
4.0262
-1.64127
-7.07913
-12.1725
-16.756
-20.6897
-24.038
-26.8776
-29.2655
-31.2995
-33.0596
-34.6059
-36.0001
-37.2928
-38.5236
-39.7254
-40.9263
-42.1149
-43.2087
-44.1196
-44.8083
-45.2552
-45.4324
-45.3084
-44.8518
-44.03
-42.8084
-41.151
-39.0196
-36.3726
-33.1667
-29.3565
-25.2109
25.3171
26.2772
26.8941
26.9556
26.5753
25.7227
24.4471
22.8691
21.0151
18.9704
16.8001
14.5252
12.1891
9.81182
7.40681
4.99444
2.59135
0.218749
-2.09763
-4.32692
-6.43149
-8.36501
-10.0834
-11.55
-12.7736
-13.8141
-14.7053
-15.4346
-15.9806
-16.3225
-16.4369
-16.3014
-15.8926
-15.1857
-14.1547
-12.7714
-11.0061
-8.82656
-6.39626
23.9853
22.2937
19.9428
16.7228
12.9515
8.46835
3.37037
-1.87669
-6.89835
-11.5889
-15.7969
-19.3963
-22.4494
-25.0293
-27.1906
-29.0244
-30.6048
-31.9878
-33.2298
-34.3774
-35.4668
-36.528
-37.5868
-38.6331
-39.5933
-40.3894
-40.988
-41.3733
-41.5225
-41.4102
-41.0109
-40.2978
-39.2427
-37.8155
-35.9828
-33.7065
-30.9442
-27.6466
-24.0429
23.2367
24.1421
24.7311
24.8058
24.4709
23.7
22.5392
21.1004
19.4091
17.5445
15.5672
13.4974
11.375
9.21908
7.04215
4.86316
2.69742
0.564355
-1.51267
-3.50601
-5.382
-7.0996
-8.62026
-9.91242
-10.9857
-11.8951
-12.6723
-13.3073
-13.783
-14.0828
-14.1881
-14.0813
-13.7439
-13.1558
-12.2953
-11.1378
-9.65535
-7.81509
-5.75231
21.9872
20.4045
18.2089
15.2073
11.6974
7.53194
2.80443
-2.05016
-6.68418
-11.0008
-14.8616
-18.1529
-20.9352
-23.2779
-25.233
-26.8856
-28.3043
-29.5409
-30.6472
-31.6659
-32.6302
-33.5673
-34.5008
-35.422
-36.2651
-36.961
-37.4814
-37.8138
-37.9397
-37.8385
-37.4896
-36.8714
-35.9609
-34.7328
-33.1583
-31.2028
-28.8254
-25.9759
-22.8492
21.3331
22.1869
22.7493
22.8358
22.5426
21.8475
20.793
19.4829
17.9419
16.2435
14.4441
12.5627
10.6364
8.68302
6.71423
4.74763
2.79728
0.880935
-0.980324
-2.76164
-4.43302
-5.9582
-7.30347
-8.44181
-9.3832
-10.1782
-10.8561
-11.4095
-11.8243
-12.0877
-12.1848
-12.1021
-11.8249
-11.3371
-10.6209
-9.65464
-8.41282
-6.86317
-5.11758
20.1608
18.6804
16.6305
13.8336
10.5688
6.70043
2.31914
-2.16943
-6.44294
-10.4128
-13.9527
-16.9605
-19.4946
-21.6208
-23.3888
-24.8775
-26.1508
-27.2563
-28.2418
-29.1462
-29.9998
-30.8275
-31.6508
-32.462
-33.2025
-33.8112
-34.2639
-34.551
-34.6575
-34.5668
-34.2625
-33.7271
-32.9418
-31.8858
-30.5341
-28.8557
-26.8118
-24.3527
-21.6447
19.5924
20.3975
20.9346
21.0316
20.7766
20.1513
19.1949
18.0037
16.6013
15.0561
13.4203
11.7118
9.96504
8.1966
6.41749
4.64388
2.88874
1.16819
-0.498743
-2.08976
-3.57824
-4.93211
-6.12199
-7.12482
-7.95069
-8.64587
-9.23755
-9.72019
-10.0824
-10.3143
-10.4042
-10.3416
-10.1151
-9.71201
-9.11741
-8.31293
-7.27526
-5.97381
-4.50098
18.4929
17.1084
15.1952
12.5901
9.55455
5.96408
1.90617
-2.2415
-6.17995
-9.82857
-13.0724
-15.8197
-18.1265
-20.0554
-21.6536
-22.9945
-24.1371
-25.1254
-26.0033
-26.8064
-27.5622
-28.2934
-29.0198
-29.7345
-30.3853
-30.9181
-31.3124
-31.5607
-31.6512
-31.5705
-31.3054
-30.8422
-30.1655
-29.258
-28.0984
-26.6589
-24.9034
-22.7839
-20.4424
18.0021
18.7612
19.2739
19.3799
19.1598
18.5986
17.7327
16.6509
15.3761
13.9717
12.486
10.9358
9.35324
7.75354
6.14704
4.54861
2.97014
1.42628
-0.0658294
-1.48628
-2.81143
-4.01297
-5.0654
-5.9489
-6.67365
-7.28191
-7.79873
-8.22011
-8.53697
-8.7416
-8.82509
-8.77932
-8.5955
-8.2636
-7.77148
-7.10347
-6.2386
-5.14851
-3.90947
16.9709
15.6765
13.8914
11.4658
8.64477
5.31383
1.5577
-2.27264
-5.90002
-9.25138
-12.2223
-14.7304
-16.8294
-18.5787
-20.023
-21.2305
-22.2558
-23.1395
-23.9216
-24.6349
-25.3043
-25.9507
-26.5918
-27.222
-27.7943
-28.2612
-28.605
-28.8203
-28.8977
-28.8263
-28.5959
-28.1956
-27.6129
-26.8336
-25.8394
-24.6057
-23.0993
-21.2746
-19.2531
16.5502
17.2658
17.7551
17.8686
17.6803
17.1777
16.3948
15.4135
14.2559
12.9807
11.6324
10.2271
8.79433
7.34836
5.89871
4.45904
3.04027
1.65567
0.320614
-0.947112
-2.12656
-3.19279
-4.12364
-4.90225
-5.53857
-6.07113
-6.52301
-6.89141
-7.16911
-7.35023
-7.42797
-7.3962
-7.24821
-6.97617
-6.5702
-6.0171
-5.29819
-4.3877
-3.34842
15.5835
14.3734
12.7083
10.4507
7.83006
4.74133
1.26659
-2.26868
-5.60721
-8.68363
-11.4033
-13.6921
-15.6014
-17.1872
-18.4922
-19.5795
-20.4995
-21.2897
-21.9868
-22.6204
-23.2137
-23.7854
-24.3517
-24.9077
-25.4116
-25.8212
-26.1216
-26.3088
-26.3754
-26.3129
-26.1131
-25.7675
-25.2662
-24.5974
-23.7456
-22.6891
-21.3974
-19.8282
-18.0855
15.2263
15.9007
16.3674
16.4869
16.327
15.8779
15.1708
14.2815
13.2312
12.0742
10.8516
9.57848
8.28235
6.9762
5.66882
4.37286
3.09826
1.85703
0.662934
-0.468178
-1.51775
-2.46388
-3.28732
-3.97373
-4.53273
-4.99944
-5.39502
-5.71763
-5.96152
-6.12235
-6.19494
-6.17478
-6.05681
-5.835
-5.50138
-5.04485
-4.44903
-3.69075
-2.8217
14.32
13.1891
11.6363
9.53557
7.10209
4.23908
1.02648
-2.23476
-5.30515
-8.12742
-10.6161
-12.7041
-14.4401
-15.8774
-17.0563
-18.0354
-18.8609
-19.5677
-20.1891
-20.7524
-21.2785
-21.7845
-22.2852
-22.7761
-23.2203
-23.5802
-23.8432
-24.0066
-24.0645
-24.0102
-23.8374
-23.5395
-23.1086
-22.5351
-21.8058
-20.9017
-19.7951
-18.4469
-16.9467
14.0203
14.6557
15.1006
15.2245
15.0899
14.6892
14.0511
13.2457
12.2933
11.2444
10.1362
8.98354
7.81182
6.63266
5.45417
4.28809
3.14353
2.03122
0.963527
-0.045477
-0.97939
-1.81899
-2.54756
-3.15296
-3.64443
-4.05385
-4.40059
-4.68358
-4.89832
-5.04161
-5.10962
-5.09905
-5.0062
-4.82646
-4.55347
-4.17798
-3.68573
-3.05621
-2.33186
13.171
12.1142
10.6665
8.71226
6.45338
3.80057
0.832025
-2.17515
-4.99696
-7.58473
-9.8613
-11.7654
-13.3432
-14.6455
-15.7104
-16.592
-17.333
-17.9653
-18.5195
-19.0206
-19.4873
-19.9356
-20.3786
-20.8127
-21.2047
-21.5215
-21.7524
-21.8954
-21.9463
-21.8997
-21.7508
-21.4945
-21.1246
-20.6332
-20.0092
-19.2361
-18.2889
-17.1319
-15.8421
12.9224
13.5207
13.9446
14.0715
13.9594
13.6022
13.0269
12.2977
11.4345
10.4839
9.47956
8.43646
7.3779
6.31388
5.25192
4.20309
3.17567
2.17924
1.2248
0.324882
-0.506089
-1.25123
-1.89607
-2.43031
-2.86275
-3.2223
-3.52671
-3.77543
-3.96498
-4.09308
-4.15696
-4.15429
-4.08242
-3.93789
-3.71567
-3.4081
-3.00288
-2.48207
-1.88041
12.1266
11.1393
9.78992
7.97227
5.87628
3.41914
0.678053
-2.09352
-4.68454
-7.05674
-9.13936
-10.875
-12.3084
-13.488
-14.4498
-15.2435
-15.9087
-16.4745
-16.969
-17.4149
-17.8294
-18.2268
-18.6192
-19.0035
-19.35
-19.6294
-19.8327
-19.9586
-20.0039
-19.9645
-19.8367
-19.6167
-19.2996
-18.879
-18.3457
-17.6851
-16.8751
-15.8831
-14.7758
11.9225
12.4858
12.8893
13.0181
12.9258
12.6077
12.0892
11.4294
10.6474
9.78633
8.87605
7.93264
6.977
6.01702
5.06005
4.11682
3.19479
2.30236
1.4493
0.646743
-0.0926276
-0.754039
-1.32499
-1.79675
-2.17763
-2.4938
-2.76146
-2.98051
-3.14829
-3.26322
-3.32335
-3.32713
-3.2727
-3.15755
-2.97772
-2.72699
-2.39478
-1.96557
-1.46767
11.1771
10.2547
8.99705
7.30644
5.36219
3.08674
0.557639
-1.99468
-4.36791
-6.54191
-8.44857
-10.0309
-11.3324
-12.4006
-13.2692
-13.984
-14.5811
-15.0877
-15.5292
-15.9262
-16.2946
-16.6472
-16.9952
-17.3357
-17.6426
-17.8896
-18.0691
-18.1806
-18.2214
-18.1886
-18.0795
-17.8911
-17.6197
-17.2603
-16.805
-16.2412
-15.5491
-14.6997
-13.7502
11.0144
11.5445
11.928
12.057
11.9818
11.6981
11.2308
10.6336
9.92488
9.14575
8.32036
7.46799
6.60589
5.73942
4.87665
4.02832
3.20094
2.40171
1.63933
0.923616
0.265765
-0.321381
-0.827091
-1.24386
-1.57964
-1.85799
-2.09374
-2.28709
-2.43601
-2.53955
-2.59632
-2.60539
-2.56551
-2.4749
-2.33053
-2.12732
-1.85625
-1.50412
-1.09387
10.3161
9.4541
8.28164
6.70873
4.90515
2.79751
0.464343
-1.8846
-4.0498
-6.03981
-7.78704
-9.22982
-10.4113
-11.3785
-12.1631
-12.807
-13.3434
-13.797
-14.1913
-14.5452
-14.8728
-15.186
-15.495
-15.7974
-16.0695
-16.2886
-16.4478
-16.5469
-16.5844
-16.5578
-16.4654
-16.3047
-16.0731
-15.7665
-15.3783
-14.8976
-14.3072
-13.5807
-12.7678
10.1978
10.6962
11.0597
11.1868
11.1249
10.8702
10.4479
9.90469
9.26108
8.55678
7.80453
7.03546
6.25861
5.47593
4.69786
3.9353
3.19328
2.47777
1.79664
1.15855
0.573293
0.0520233
-0.396017
-0.764454
-1.06065
-1.30597
-1.51385
-1.68479
-1.81725
-1.91073
-1.96432
-1.9775
-1.94962
-1.87937
-1.76449
-1.60094
-1.38103
-1.0936
-0.756912
9.5438
8.73802
7.64514
6.1813
4.50797
2.55462
0.401435
-1.76189
-3.74215
-5.56234
-7.16186
-8.47472
-9.5452
-10.4201
-11.1284
-11.708
-12.1896
-12.5957
-12.9481
-13.2636
-13.5551
-13.8336
-14.1083
-14.3771
-14.6188
-14.8135
-14.9551
-15.044
-15.0788
-15.058
-14.9802
-14.8437
-14.6466
-14.3856
-14.0553
-13.6464
-13.1434
-12.523
-11.8281
9.46754
9.93542
10.2791
10.4024
10.3505
10.1194
9.73598
9.2375
8.65268
8.01356
7.31969
6.62899
5.93131
5.22357
4.52189
3.83752
3.17298
2.53298
1.92476
1.35618
0.835631
0.372811
-0.0242591
-0.350253
-0.61194
-0.828571
-1.01238
-1.16401
-1.28235
-1.36727
-1.41812
-1.43467
-1.41676
-1.36353
-1.27321
-1.14269
-0.965554
-0.732548
-0.458184
8.85535
8.10224
7.08429
5.72224
4.17098
2.36071
0.376602
-1.61545
-3.44158
-5.11693
-6.57944
-7.76714
-8.73327
-9.52331
-10.1618
-10.6827
-11.1144
-11.4777
-11.7924
-12.0737
-12.3333
-12.581
-12.8254
-13.0646
-13.28
-13.4536
-13.5804
-13.6609
-13.694
-13.6788
-13.6141
-13.4991
-13.3322
-13.1108
-12.8304
-12.4832
-12.0555
-11.5267
-10.9341
8.9039
9.34588
9.66747
9.77604
9.71711
9.48475
9.11209
8.62618
8.07458
7.45035
6.81991
6.2346
5.63004
4.99733
4.36537
3.74899
3.14857
2.56815
2.01555
1.49863
1.02536
0.604688
0.244117
-0.0515065
-0.288418
-0.484279
-0.650577
-0.787769
-0.895323
-0.973577
-1.02067
-1.03827
-1.02621
-0.983736
-0.909448
-0.800888
-0.652654
-0.457022
-0.225574
8.3229
7.60741
6.63905
5.34736
3.88611
2.18553
0.3592
-1.44962
-3.03271
-4.64366
-6.02334
-7.12335
-8.02009
-8.75761
-9.35301
-9.8372
-10.2375
-10.5741
-10.8652
-11.125
-11.3646
-11.5931
-11.8185
-12.0393
-12.2382
-12.3986
-12.5159
-12.5907
-12.6226
-12.6109
-12.5551
-12.4545
-12.308
-12.1136
-11.8675
-11.5627
-11.1872
-10.7226
-10.2018
8.45672
8.8757
9.1729
9.25937
9.18167
8.93258
8.55144
8.05918
7.5219
6.88304
6.30462
5.8383
5.33362
4.77733
4.2126
3.65898
3.11564
2.58641
2.07995
1.6048
1.16896
0.781216
0.448895
0.176712
-0.0411114
-0.220921
-0.373677
-0.499535
-0.598594
-0.671756
-0.71492
-0.732398
-0.724042
-0.688873
-0.625764
-0.532879
-0.405632
-0.237529
-0.0386631
7.90016
7.2122
6.2796
5.03983
3.64985
2.04429
0.368751
-1.27139
-2.59152
-4.17205
-5.50069
-6.53461
-7.38202
-8.08567
-8.65428
-9.11528
-9.49577
-9.81557
-10.0917
-10.3379
-10.5647
-10.7811
-10.9945
-11.2037
-11.3924
-11.5446
-11.6559
-11.7276
-11.7593
-11.7504
-11.7009
-11.6102
-11.4778
-11.3023
-11.0802
-10.8056
-10.4676
-10.0491
-9.5802
8.02062
8.41694
8.69072
8.75676
8.66233
8.39938
8.01231
7.51705
6.99386
6.34391
5.81663
5.45084
5.03631
4.55282
4.05226
3.5588
3.07112
2.59232
2.13151
1.69773
1.29894
0.943751
0.639211
0.389932
0.190695
0.0264061
-0.113392
-0.2285
-0.319457
-0.387922
-0.427385
-0.444685
-0.439781
-0.411314
-0.35844
-0.279988
-0.172135
-0.0293015
0.14071
7.48882
6.82925
5.93375
4.74802
3.43018
1.92076
0.390578
-1.0952
-2.16686
-3.70276
-4.98244
-5.95157
-6.74721
-7.41498
-7.95607
-8.39348
-8.75388
-9.05655
-9.31784
-9.55054
-9.76467
-9.96888
-10.1706
-10.3685
-10.5473
-10.6915
-10.7976
-10.8665
-10.8982
-10.8926
-10.8498
-10.7695
-10.6515
-10.4948
-10.2965
-10.0514
-9.74968
-9.37599
-8.9597
7.59829
7.97244
8.22384
8.27118
8.16197
7.88774
7.49689
7.00137
6.4917
5.83489
5.35344
5.07167
4.73831
4.32367
3.88394
3.44765
3.01363
2.58414
2.16821
1.77522
1.41306
1.08999
0.812696
0.585759
0.404523
0.255312
0.128129
0.0235447
-0.0595601
-0.123658
-0.160042
-0.17783
-0.177005
-0.155779
-0.113424
-0.0492559
0.0398039
0.15786
0.297014
7.09132
6.46054
5.60301
4.4727
3.227
1.8146
0.422408
-0.915365
-1.76702
-3.23779
-4.46701
-5.3756
-6.11884
-6.74884
-7.26154
-7.67534
-8.01546
-8.30084
-8.54705
-8.76628
-8.96788
-9.16014
-9.35019
-9.53705
-9.70604
-9.84245
-9.94312
-10.009
-10.0403
-10.0373
-10
-9.92888
-9.82393
-9.68441
-9.508
-9.29036
-9.02241
-8.68963
-8.31624
7.19358
7.54617
7.77632
7.80671
7.68441
7.40091
7.00767
6.51298
6.01502
5.35261
4.9102
4.69813
4.43739
4.08754
3.70586
3.3242
2.94206
2.5606
2.18864
1.83572
1.50975
1.21849
0.968264
0.763303
0.599448
0.464438
0.348984
0.254238
0.17888
0.11964
0.0873463
0.0708795
0.0701664
0.0870533
0.12192
0.174912
0.248754
0.347739
0.469455
6.71125
6.10942
5.2901
4.21578
3.04097
1.72493
0.461588
-0.733477
-1.39727
-2.78251
-3.95501
-4.80697
-5.4987
-6.08939
-6.5726
-6.96254
-7.2823
-7.55036
-7.78152
-7.98726
-8.17646
-8.35703
-8.53559
-8.71177
-8.87162
-9.00143
-9.09822
-9.16298
-9.19622
-9.19817
-9.16911
-9.10946
-9.01941
-8.89841
-8.74462
-8.55406
-8.31938
-8.02898
-7.71121
6.81001
7.14191
7.35193
7.36689
7.23284
6.94153
6.5467
6.05254
5.5634
4.89301
4.48154
4.32721
4.13163
3.84235
3.51596
3.187
2.85546
2.52118
2.19225
1.87835
1.58743
1.32696
1.10313
0.920104
0.774062
0.653602
0.549656
0.46343
0.393369
0.335593
0.302748
0.282291
0.274702
0.282424
0.305917
0.344996
0.401104
0.474938
0.557825
6.35177
5.77843
4.99699
3.97806
2.87201
1.64998
0.505379
-0.553119
-1.06018
-2.34131
-3.44756
-4.24567
-4.888
-5.43853
-5.89124
-6.25695
-6.55648
-6.80741
-7.02383
-7.21631
-7.39326
-7.56204
-7.72914
-7.8941
-8.04358
-8.16467
-8.25457
-8.31455
-8.34548
-8.34769
-8.3218
-8.26853
-8.18842
-8.0813
-7.94608
-7.77909
-7.57273
-7.31269
-7.01318
6.45173
6.7641
6.95502
6.95523
6.80941
6.51026
6.11277
5.61638
5.13158
4.44816
4.05865
3.95381
3.81859
3.58581
3.3111
3.03252
2.75069
2.46374
2.17851
1.9042
1.64826
1.41753
1.21781
1.05366
0.922984
0.816633
0.72634
0.653619
0.596553
0.54929
0.526646
0.514175
0.511518
0.520721
0.54184
0.574537
0.62167
0.688432
0.781871
6.01625
5.46984
4.72447
3.75852
2.71757
1.58548
0.549093
-0.379985
-0.758862
-1.91861
-2.94676
-3.69205
-4.28734
-4.79741
-5.21887
-5.55994
-5.83897
-6.07238
-6.27396
-6.45384
-6.61982
-6.77861
-6.93664
-7.09378
-7.23846
-7.35832
-7.45022
-7.51516
-7.55403
-7.5671
-7.55488
-7.51782
-7.4563
-7.37004
-7.25803
-7.11779
-6.94539
-6.73598
-6.52389
6.12353
6.41794
6.59072
6.576
6.4168
6.10753
5.70239
5.19703
4.71059
4.00794
3.62873
3.56915
3.4943
3.3165
3.09057
2.85892
2.62335
2.38129
2.13917
1.90587
1.68816
1.49174
1.32092
1.17814
1.06005
0.959037
0.868516
0.790682
0.72491
0.666976
0.631567
0.603796
0.585489
0.579728
0.586605
0.604721
0.632413
0.664626
0.685784
5.70862
5.18637
4.47344
3.55564
2.57401
1.52559
0.586734
-0.220659
-0.496812
-1.51823
-2.45471
-3.14654
-3.69703
-4.16635
-4.55553
-4.8724
-5.13197
-5.34793
-5.53271
-5.69618
-5.84626
-5.98976
-6.13258
-6.27373
-6.40136
-6.50455
-6.58145
-6.63339
-6.66135
-6.66591
-6.64817
-6.6092
-6.55009
-6.47132
-6.37203
-6.24896
-6.09298
-5.88483
-5.61825
5.8294
6.10757
6.26403
6.23542
6.06259
5.74182
5.32274
4.80131
4.30673
3.57065
3.17843
3.1607
3.14899
3.0283
2.85485
2.67347
2.48376
2.28181
2.07522
1.8744
1.68685
1.51898
1.37727
1.26716
1.18568
1.12272
1.06972
1.0291
0.997836
0.966354
0.95619
0.951303
0.949802
0.953343
0.962321
0.977384
1.00414
1.05258
1.14566
5.43325
4.93285
4.24905
3.37393
2.4443
1.47032
0.615716
-0.0810377
-0.277916
-1.14424
-1.97336
-2.60911
-3.11784
-3.5472
-3.90114
-4.19019
-4.43044
-4.63547
-4.81557
-4.97765
-5.12743
-5.27048
-5.41327
-5.5577
-5.69549
-5.81505
-5.91223
-5.98784
-6.0424
-6.07608
-6.08902
-6.08128
-6.05295
-6.00404
-5.9345
-5.84456
-5.73756
-5.62266
-5.55284
5.57135
5.83504
5.97789
5.93867
5.75561
5.4263
4.99212
4.45636
3.94649
3.1407
2.69691
2.72201
2.77096
2.69928
2.57934
2.46145
2.33703
2.19417
2.03717
1.87562
1.71571
1.56049
1.41133
1.27118
1.1474
1.04318
0.952119
0.873855
0.808659
0.752559
0.717347
0.683843
0.657897
0.64462
0.642769
0.648062
0.653362
0.645252
0.594176
5.19291
4.71348
4.05743
3.22112
2.33644
1.42463
0.635962
0.0326235
-0.106043
-0.801244
-1.50586
-2.07772
-2.54496
-2.94065
-3.26631
-3.52517
-3.72711
-3.88688
-4.02075
-4.14093
-4.2552
-4.36866
-4.48477
-4.59946
-4.69894
-4.77515
-4.82967
-4.86443
-4.8805
-4.879
-4.8615
-4.82988
-4.78573
-4.72988
-4.66112
-4.57406
-4.45213
-4.26117
-3.95808
5.35536
5.60788
5.73759
5.68496
5.48716
5.14217
4.68394
4.13059
3.58067
2.65918
2.15244
2.25474
2.37521
2.32986
2.22586
2.13778
2.06272
1.98562
1.90573
1.82945
1.76321
1.71448
1.68877
1.68496
1.68161
1.66474
1.63794
1.61593
1.59573
1.55726
1.54444
1.53116
1.51362
1.49705
1.48419
1.47699
1.48625
1.52925
1.65591
4.98896
4.52331
3.88568
3.07689
2.22546
1.36224
0.625556
0.105784
0.0143312
-0.492645
-1.06003
-1.55936
-1.97153
-2.31839
-2.61997
-2.8912
-3.13538
-3.34883
-3.5314
-3.68759
-3.82471
-3.951
-4.07725
-4.21464
-4.36388
-4.50948
-4.63882
-4.75011
-4.84345
-4.91891
-4.97559
-5.01243
-5.02909
-5.02606
-5.00576
-4.97413
-4.94927
-4.96614
-5.11077
5.20172
5.45055
5.56285
5.47766
5.23527
4.8326
4.30171
3.67713
3.00687
1.95413
1.46118
1.70929
1.98816
2.04336
1.97669
1.8737
1.7545
1.62165
1.48063
1.33687
1.18981
1.03452
0.870821
0.712089
0.595384
0.531284
0.486781
0.452611
0.430458
0.397491
0.381484
0.37196
0.375346
0.387236
0.402513
0.416707
0.415865
0.373251
0.237079
4.82997
4.35276
3.69984
2.88125
2.0338
1.20403
0.526162
0.11178
0.074094
-0.217081
-0.631813
-1.0724
-1.4573
-1.74662
-1.93216
-2.0403
-2.10544
-2.15776
-2.21424
-2.28084
-2.35744
-2.44292
-2.53289
-2.61171
-2.65891
-2.6787
-2.68519
-2.68175
-2.66889
-2.64694
-2.61833
-2.58589
-2.55165
-2.51611
-2.47651
-2.42278
-2.32405
-2.12324
-1.72715
5.13181
5.38485
5.47976
5.34943
5.03986
4.546
3.90204
3.14978
2.28515
1.11429
0.602173
0.900524
1.34822
1.68875
1.95014
2.15581
2.31572
2.43667
2.52883
2.60467
2.67814
2.758
2.83589
2.88817
2.87095
2.78712
2.71916
2.63423
2.60164
2.68451
2.52055
2.41063
2.35637
2.30396
2.2435
2.19055
2.16746
2.20585
2.35482
4.73924
4.22713
3.52673
2.65981
1.78378
0.968089
0.352751
0.0568991
0.0570692
0.00185747
-0.177111
-0.480245
-0.870876
-1.30899
-1.73687
-2.11146
-2.41609
-2.64435
-2.80864
-2.92845
-3.02286
-3.10919
-3.21236
-3.3698
-3.59566
-3.83717
-4.04991
-4.23475
-4.39932
-4.54463
-4.66734
-4.76499
-4.83791
-4.88864
-4.92494
-4.96275
-5.04375
-5.23088
-5.63888
709.305
686.423
660.673
632.799
603.244
572.703
541.914
511.391
481.403
452.087
423.525
395.789
368.947
343.061
318.182
294.354
271.608
249.963
229.429
210.003
191.674
174.422
158.22
143.037
128.836
115.579
103.229
91.7443
81.0913
71.2326
62.135
53.7676
46.0992
39.1023
32.7497
27.014
21.8688
17.2862
13.2382
9.69574
6.62879
4.00561
1.79408
-0.0381852
-1.52503
-2.69994
-3.59585
-4.24523
-4.67956
-4.92905
-5.02214
-4.98523
-4.84284
-4.61707
-4.32772
-3.99231
-3.62608
-3.24206
-2.85113
-2.46233
-2.08289
-1.71843
-1.37335
-1.05046
-0.752582
-0.479062
-0.234491
-0.0399864
0.117637
0.272853
0.400712
0.561974
0.612557
0.852949
0.691295
1.21388
0.552223
1.73339
0.154681
2.48124
710.037
688.116
661.783
634.234
604.687
573.616
541.899
510.268
479.197
448.936
419.584
391.196
363.817
337.484
312.227
288.069
265.021
243.087
222.259
202.521
183.851
166.222
149.602
133.957
119.251
105.452
92.5234
80.4341
69.1534
58.6542
48.9124
39.9045
31.6082
24.0037
17.0715
10.7909
5.14048
0.096467
-4.36523
-8.27046
-11.646
-14.5204
-16.9242
-18.889
-20.4475
-21.6335
-22.4813
-23.0247
-23.2977
-23.3326
-23.1613
-22.8139
-22.3184
-21.7008
-20.9853
-20.1933
-19.3441
-18.4547
-17.54
-16.6125
-15.683
-14.7601
-13.8514
-12.9621
-12.0976
-11.2591
-10.4527
-9.78387
-9.20594
-8.63185
-8.02045
-7.46831
-6.77375
-6.37154
-5.40069
-5.51113
-3.72257
-5.19864
-1.47839
-5.79674
257.709
255.899
256.361
256.567
256.337
255.53
254.013
251.688
248.514
244.496
239.657
234.033
227.668
220.613
212.929
204.681
195.945
186.802
177.333
167.625
157.766
147.839
137.924
128.097
118.428
108.979
99.8024
90.9446
82.444
74.3296
66.6248
59.3473
52.5078
46.1138
40.1687
34.6718
29.62
25.007
20.8241
17.0602
13.7015
10.7316
8.13227
5.8838
3.96362
2.34826
1.01344
-0.0660876
-0.91584
-1.56133
-2.02747
-2.33828
-2.51676
-2.58439
-2.56105
-2.46491
-2.31225
-2.11752
-1.89327
-1.65033
-1.39782
-1.14322
-0.892779
-0.650957
-0.422249
-0.207326
-0.0122669
0.145801
0.274195
0.40365
0.507068
0.648367
0.679913
0.902633
0.73473
1.2279
0.592225
1.70919
0.205829
2.43306
259.278
259.381
261.134
263.525
265.307
266.305
266.356
265.217
262.785
259.084
254.179
248.151
241.103
233.134
224.35
214.864
204.787
194.234
183.324
172.168
160.875
149.544
138.268
127.131
116.204
105.55
95.2198
85.2587
75.702
66.5786
57.9114
49.7157
42.0021
34.7786
28.0494
21.8157
16.0776
10.8323
6.07466
1.79543
-2.01726
-5.3779
-8.30434
-10.8162
-12.9355
-14.6863
-16.0941
-17.1857
-17.9886
-18.5304
-18.8392
-18.9421
-18.8655
-18.6346
-18.2733
-17.8037
-17.246
-16.6187
-15.9382
-15.2191
-14.4742
-13.7141
-12.9484
-12.1842
-11.429
-10.6856
-9.96136
-9.35501
-8.82624
-8.30038
-7.72993
-7.22209
-6.5588
-6.19674
-5.25231
-5.38511
-3.64967
-5.07661
-1.5224
-5.61366
118.778
118.307
117.987
117.488
117.095
116.802
116.594
116.454
116.359
116.278
116.168
115.984
115.679
115.205
114.517
113.569
112.326
110.755
108.828
106.529
103.851
100.795
97.3715
93.6031
89.519
85.1574
80.5618
75.781
70.867
65.8726
60.8499
55.8502
50.9205
46.1044
41.4411
36.9644
32.7031
28.6805
24.9153
21.421
18.2063
15.2751
12.6278
10.2612
8.16767
6.3373
4.75745
3.41317
2.28786
1.3635
0.621412
0.0425372
-0.392261
-0.701566
-0.903365
-1.01463
-1.05113
-1.02732
-0.956195
-0.84936
-0.716969
-0.567679
-0.408995
-0.246602
-0.0862755
0.0701261
0.215517
0.336734
0.435593
0.538442
0.617727
0.736334
0.752368
0.949638
0.786342
1.23333
0.64452
1.67055
0.269998
2.35409
118.819
118.082
117.436
116.842
116.253
115.829
115.629
115.636
115.822
116.133
116.494
116.819
117.023
117.021
116.737
116.099
115.05
113.539
111.533
109.011
105.97
102.419
98.3822
93.8979
89.0157
83.7931
78.2927
72.5803
66.7216
60.7817
54.8245
48.9091
43.0902
37.4178
31.9356
26.6817
21.688
16.9803
12.58
8.50268
4.75943
1.35692
-1.70327
-4.42342
-6.80974
-8.87201
-10.623
-12.0784
-13.2559
-14.175
-14.8566
-15.3224
-15.594
-15.6936
-15.6425
-15.4612
-15.1694
-14.7853
-14.3256
-13.8059
-13.2397
-12.6391
-12.015
-11.376
-10.7309
-10.0844
-9.44414
-8.90217
-8.42472
-7.94862
-7.42283
-6.95845
-6.33523
-6.00316
-5.10844
-5.23182
-3.59977
-4.91471
-1.59673
-5.40019
121.321
121.187
120.854
120.32
119.619
118.717
117.628
116.363
114.932
113.349
111.621
109.762
107.784
105.698
103.515
101.243
98.889
96.4561
93.9444
91.3525
88.6765
85.9098
83.0458
80.078
77.0002
73.8095
70.5056
67.0919
63.5771
59.9737
56.2988
52.5744
48.8248
45.0772
41.3605
37.7037
34.1353
30.6822
27.3691
24.2179
21.2468
18.4705
15.8998
13.5423
11.4012
9.47653
7.76516
6.2609
4.95518
3.83707
2.8941
2.11256
1.47772
0.97454
0.587776
0.302477
0.10426
-0.0205568
-0.0846619
-0.0997013
-0.0762021
-0.0234195
0.0503704
0.138614
0.234584
0.335478
0.433348
0.5193
0.590158
0.667653
0.723724
0.820798
0.820697
0.99618
0.831082
1.24473
0.681866
1.64787
0.306775
2.30276
121.241
120.905
120.392
119.677
118.726
117.531
116.082
114.398
112.525
110.509
108.387
106.185
103.923
101.616
99.2778
96.9134
94.5234
92.1011
89.6341
87.1062
84.4968
81.7831
78.9423
75.9539
72.8004
69.4698
65.9568
62.2645
58.4032
54.3908
50.2528
46.0189
41.7233
37.4038
33.0991
28.8481
24.6882
20.6541
16.7781
13.0883
9.60888
6.36044
3.3584
0.61386
-1.86631
-4.07951
-6.02686
-7.71351
-9.14755
-10.3398
-11.3037
-12.0541
-12.6076
-12.9816
-13.194
-13.2628
-13.2056
-13.0395
-12.7807
-12.4444
-12.0448
-11.5943
-11.1047
-10.5855
-10.0466
-9.49407
-8.93601
-8.45667
-8.02848
-7.60016
-7.11761
-6.6956
-6.1106
-5.81063
-4.95783
-5.087
-3.52752
-4.78384
-1.61325
-5.25459
107.873
107.634
107.353
107.036
106.654
106.187
105.632
104.975
104.206
103.313
102.286
101.116
99.7943
98.3158
96.6769
94.8764
92.9161
90.7999
88.5342
86.1279
83.5914
80.9356
78.1733
75.317
72.3783
69.3694
66.301
63.1833
60.026
56.8383
53.6295
50.41
47.1902
43.9821
40.7992
37.6561
34.5683
31.5523
28.6251
25.8032
23.1023
20.5367
18.119
15.8598
13.7669
11.8458
10.0991
8.52674
7.12628
5.89276
4.81921
3.89704
3.11609
2.4652
1.93244
1.50555
1.1722
0.920273
0.738073
0.614589
0.539556
0.503678
0.498405
0.516731
0.551326
0.598741
0.650365
0.701739
0.745087
0.79748
0.830386
0.906222
0.888974
1.04462
0.873251
1.26063
0.711855
1.63352
0.331051
2.26673
107.895
107.684
107.434
107.166
106.848
106.456
105.957
105.322
104.53
103.569
102.43
101.105
99.5875
97.8738
95.965
93.8654
91.5839
89.1322
86.5244
83.7763
80.9041
77.9236
74.849
71.6926
68.4643
65.1718
61.8202
58.4138
54.9559
51.4504
47.9028
44.32
40.7112
37.0895
33.4703
29.8721
26.3158
22.8234
19.4183
16.1234
12.9611
9.95223
7.11537
4.46629
2.01789
-0.220237
-2.24175
-4.04404
-5.62755
-6.99575
-8.15494
-9.11374
-9.88303
-10.4752
-10.9039
-11.1835
-11.329
-11.3553
-11.2771
-11.1088
-10.8638
-10.5546
-10.1933
-9.78969
-9.35425
-8.89418
-8.41759
-8.00065
-7.62154
-7.241
-6.8019
-6.42291
-5.87565
-5.61095
-4.79508
-4.94161
-3.43592
-4.66487
-1.59699
-5.13146
81.8278
81.565
81.3114
81.042
80.7439
80.4182
80.0652
79.682
79.2657
78.8115
78.3143
77.7677
77.1641
76.4958
75.7538
74.9293
74.0127
72.9954
71.869
70.626
69.2608
67.7689
66.1486
64.3999
62.5254
60.5302
58.4215
56.2082
53.9012
51.5123
49.0546
46.5418
43.9878
41.4066
38.8128
36.2205
33.6443
31.0985
28.5976
26.1558
23.787
21.5043
19.3201
17.246
15.2915
13.4649
11.7724
10.218
8.80403
7.5302
6.39439
5.39266
4.51932
3.7673
3.1283
2.59322
2.15242
1.7959
1.51369
1.29602
1.13345
1.01723
0.939012
0.891789
0.868014
0.863896
0.870457
0.887706
0.90368
0.930814
0.940376
0.994529
0.95981
1.095
0.917014
1.27727
0.74271
1.61819
0.356707
2.22772
81.8555
81.6046
81.345
81.1008
80.8365
80.5483
80.2374
79.8946
79.5082
79.0727
78.5851
78.0387
77.4237
76.7281
75.9392
75.0438
74.0284
72.8805
71.5894
70.1465
68.5457
66.784
64.8618
62.7828
60.5534
58.1834
55.6837
53.0676
50.3486
47.5411
44.6597
41.7185
38.7315
35.7133
32.678
29.6405
26.6163
23.6213
20.6725
17.787
14.9825
12.2763
9.68536
7.2253
4.91033
2.75282
0.762919
-1.05197
-2.68696
-4.13981
-5.41101
-6.5035
-7.42262
-8.17572
-8.77174
-9.22116
-9.53544
-9.72667
-9.80726
-9.78975
-9.68651
-9.50918
-9.26928
-8.9768
-8.64207
-8.27303
-7.8775
-7.52338
-7.19418
-6.86246
-6.46823
-6.1335
-5.62576
-5.39753
-4.62059
-4.78507
-3.33583
-4.53559
-1.57637
-4.99416
63.6645
63.5014
63.3484
63.1733
62.9737
62.7505
62.503
62.2299
61.9302
61.6018
61.2434
60.8529
60.4282
59.9671
59.4672
58.9255
58.3387
57.7034
57.0152
56.2691
55.4605
54.5838
53.6333
52.6036
51.4898
50.2879
48.9945
47.6081
46.1283
44.5571
42.8982
41.1574
39.3423
37.4621
35.5276
33.5508
31.5445
29.5223
27.4983
25.4863
23.5004
21.5539
19.66
17.8309
16.0779
14.4109
12.8388
11.3684
10.0052
8.75282
7.61289
6.58542
5.66864
4.85931
4.15268
3.54293
3.02327
2.58625
2.22398
1.92837
1.69133
1.50504
1.36183
1.25509
1.1774
1.12495
1.0887
1.07307
1.06246
1.06477
1.05136
1.08375
1.03179
1.14586
0.961774
1.29341
0.774384
1.60096
0.383386
2.18408
63.6722
63.4819
63.286
63.0955
62.8789
62.6322
62.3583
62.0528
61.7078
61.3202
60.8938
60.4319
59.9341
59.3984
58.8222
58.202
57.5331
56.8099
56.0264
55.1754
54.2489
53.2383
52.135
50.931
49.6193
48.1939
46.6507
44.9883
43.2075
41.3114
39.3064
37.2006
35.0042
32.7296
30.3904
28.0012
25.5776
23.1356
20.6917
18.2627
15.8652
13.5161
11.2316
9.0274
6.91834
4.91816
3.03908
1.29146
-0.316257
-1.77774
-3.08906
-4.24845
-5.25646
-6.1158
-6.83103
-7.40847
-7.85586
-8.18207
-8.39672
-8.51008
-8.5327
-8.47488
-8.34715
-8.15894
-7.92015
-7.63896
-7.32263
-7.03063
-6.75124
-6.4685
-6.11985
-5.82988
-5.36317
-5.17154
-4.43637
-4.61712
-3.22956
-4.39487
-1.55282
-4.84498
52.8038
52.7136
52.6281
52.5262
52.4082
52.2729
52.1189
51.945
51.7493
51.5296
51.2838
51.0094
50.7043
50.366
49.9922
49.5805
49.1289
48.6354
48.0977
47.5138
46.8822
46.2009
45.468
44.6815
43.8398
42.9409
41.9826
40.9635
39.8819
38.7367
37.5275
36.2547
34.9198
33.5254
32.0755
30.5755
29.0324
27.4541
25.8502
24.2307
22.6066
20.9892
19.3901
17.8209
16.2924
14.8151
13.3987
12.0517
10.7814
9.59349
8.49256
7.48143
6.56138
5.73228
4.99245
4.33902
3.76798
3.27436
2.85253
2.4963
2.19916
1.95458
1.75585
1.59707
1.47132
1.37499
1.29926
1.25285
1.21715
1.19577
1.16033
1.17146
1.10283
1.19583
1.00577
1.30894
0.80464
1.58337
0.407611
2.13998
52.7985
52.6676
52.5315
52.3979
52.2474
52.0758
51.8834
51.6673
51.4208
51.1364
50.8121
50.4505
50.0522
49.6154
49.1376
48.6166
48.0504
47.4368
46.7741
46.0606
45.2942
44.4727
43.5935
42.6541
41.6514
40.5817
39.4415
38.2274
36.9359
35.5646
34.1118
32.5775
30.9627
29.2708
27.5069
25.6781
23.7933
21.863
19.8993
17.9154
15.9253
13.9438
11.9858
10.0661
8.19932
6.39955
4.67985
3.05209
1.52679
0.112864
-1.18267
-2.35459
-3.39981
-4.31718
-5.10743
-5.77315
-6.31853
-6.74917
-7.07181
-7.29413
-7.42452
-7.47155
-7.44434
-7.35135
-7.20161
-7.00326
-6.76259
-6.53065
-6.29982
-6.06508
-5.76169
-5.51605
-5.09096
-4.93566
-4.2436
-4.44038
-3.11558
-4.24752
-1.52029
-4.69351
44.36
44.2973
44.2376
44.1679
44.0884
43.9978
43.8954
43.7805
43.6518
43.5077
43.3465
43.1665
42.9658
42.7423
42.4936
42.2175
41.9115
41.5731
41.1997
40.7887
40.3378
39.8446
39.3068
38.7226
38.0903
37.4085
36.676
35.8922
35.0566
34.169
33.2297
32.2393
31.1988
30.1098
28.9744
27.7954
26.5764
25.3216
24.0367
22.7276
21.4016
20.0664
18.7304
17.4026
16.092
14.8077
13.5585
12.3529
11.1985
10.1021
9.06951
8.10527
7.21272
6.39396
5.6497
4.97949
4.3817
3.85366
3.39184
2.99198
2.64927
2.35861
2.11448
1.91189
1.74467
1.60964
1.49846
1.42393
1.36509
1.32153
1.26539
1.25611
1.17159
1.24398
1.04801
1.32354
0.832534
1.56568
0.42851
2.09677
44.3516
44.2503
44.1441
44.0412
43.9287
43.8037
43.6658
43.5138
43.3449
43.1533
42.9332
42.6843
42.4085
42.1047
41.7704
41.4024
40.9979
40.5538
40.0672
39.5353
38.9552
38.3245
37.6409
36.9024
36.1075
35.2546
34.3426
33.3706
32.3378
31.2437
30.088
28.8708
27.5925
26.2542
24.8577
23.406
21.9029
20.3536
18.7648
17.1443
15.5012
13.846
12.1898
10.5443
8.92203
7.33532
5.79645
4.31704
2.9081
1.57957
0.340135
-0.802936
-1.84406
-2.77927
-3.60633
-4.32476
-4.93563
-5.44158
-5.84654
-6.15562
-6.37492
-6.51103
-6.57141
-6.56325
-6.49436
-6.37256
-6.20286
-6.02802
-5.84378
-5.65542
-5.39631
-5.19406
-4.81058
-4.69113
-4.04268
-4.25588
-2.99316
-4.09513
-1.47752
-4.54154
37.085
37.0373
36.9925
36.9409
36.8825
36.8166
36.7429
36.6608
36.5694
36.4677
36.3549
36.2297
36.0909
35.9373
35.7673
35.5794
35.3719
35.143
34.8908
34.6133
34.3083
33.9735
33.6067
33.2055
32.7677
32.2911
31.7738
31.2139
30.61
29.9609
29.2661
28.5251
27.7384
26.9067
26.0313
25.1142
24.1577
23.165
22.1397
21.0863
20.0096
18.9151
17.809
16.6979
15.5887
14.4889
13.4059
12.3469
11.3192
10.3294
9.38362
8.48722
7.64461
6.8593
6.13365
5.46902
4.86567
4.32286
3.83893
3.4114
3.03711
2.71243
2.43313
2.19528
1.99361
1.82553
1.68342
1.58382
1.50407
1.44017
1.36493
1.33639
1.23698
1.28944
1.0878
1.33652
0.857851
1.54725
0.446565
2.0537
37.0765
36.9939
36.907
36.8234
36.733
36.6342
36.5262
36.4081
36.2791
36.1366
35.9753
35.7919
35.588
35.3649
35.1216
34.856
34.5659
34.2491
33.9032
33.5256
33.1136
32.6646
32.1756
31.6438
31.0665
30.4413
29.7656
29.0376
28.2556
27.4185
26.5257
25.577
24.5729
23.5143
22.4027
21.2403
20.0301
18.7754
17.4808
16.1513
14.7931
13.4133
12.0198
10.6213
9.22725
7.84759
6.49262
5.17258
3.89761
2.67743
1.52104
0.436546
-0.569085
-1.49018
-2.32245
-3.06303
-3.7106
-4.26523
-4.72838
-5.10275
-5.39221
-5.60132
-5.73575
-5.80124
-5.80415
-5.7517
-5.64742
-5.52604
-5.38589
-5.24179
-5.02556
-4.86534
-4.52306
-4.43873
-3.83409
-4.0638
-2.86267
-3.93713
-1.42612
-4.38721
31.1597
31.1257
31.0944
31.0581
31.0168
30.9703
30.9182
30.8601
30.7952
30.723
30.6427
30.5535
30.4544
30.3446
30.223
30.0886
29.9402
29.7766
29.5964
29.3982
29.1808
28.9423
28.6813
28.3962
28.085
27.746
27.3775
26.9777
26.5448
26.0771
25.5734
25.0324
24.4532
23.8353
23.1786
22.4836
21.7514
20.9833
20.1818
19.3495
18.4897
17.6065
16.7044
15.7882
14.8636
13.9362
13.0122
12.0978
11.1993
10.3227
9.47385
8.65829
7.88081
7.14563
6.45611
5.81483
5.22342
4.68264
4.19238
3.7517
3.35893
3.01183
2.70745
2.44298
2.21412
2.01902
1.85088
1.72961
1.63155
1.54946
1.45702
1.41066
1.29762
1.33106
1.12428
1.34707
0.880221
1.52742
0.461891
2.00985
31.1508
31.0841
31.0137
30.9459
30.8728
30.7932
30.7073
30.6135
30.5111
30.3993
30.2752
30.1343
29.9754
29.8006
29.6105
29.404
29.1796
28.9355
28.6704
28.3824
28.07
27.731
27.3637
26.9659
26.5354
26.0701
25.5675
25.0255
24.442
23.8148
23.1424
22.4233
21.6564
20.8413
19.9782
19.0676
18.1112
17.1109
16.0696
14.9909
13.8793
12.7398
11.5784
10.4016
9.2167
8.03163
6.85473
5.69461
4.56008
3.45996
2.40275
1.39656
0.448752
-0.43413
-1.24657
-1.98418
-2.64383
-3.22365
-3.72303
-4.14257
-4.48412
-4.75033
-4.94502
-5.07246
-5.13742
-5.14635
-5.10115
-5.0289
-4.9298
-4.82731
-4.65199
-4.53199
-4.23003
-4.17969
-3.61878
-3.86468
-2.72484
-3.77329
-1.36739
-4.22952
26.4307
26.4073
26.3863
26.3615
26.3334
26.3015
26.2657
26.2256
26.1807
26.1305
26.0744
26.0118
25.9421
25.8645
25.7783
25.6826
25.5765
25.4591
25.3292
25.1858
25.0279
24.8541
24.6633
24.4541
24.2253
23.9754
23.7032
23.4072
23.0861
22.7385
22.3632
21.9591
21.5249
21.06
20.5635
20.0351
19.4749
18.883
18.2605
17.6085
16.929
16.2243
15.4973
14.7514
13.9907
13.2194
12.4423
11.6645
10.8911
10.1275
9.3789
8.65043
7.94687
7.27262
6.63151
6.0268
5.46102
4.936
4.45277
4.01167
3.61224
3.25352
2.93371
2.65109
2.40238
2.18648
1.99751
1.85829
1.74475
1.64693
1.53949
1.47707
1.35193
1.36755
1.15639
1.35434
0.899054
1.50565
0.474179
1.96497
26.4214
26.3675
26.3104
26.2553
26.1959
26.1316
26.0629
25.9885
25.9074
25.8192
25.7229
25.6154
25.4931
25.3563
25.2069
25.0449
24.869
24.6778
24.4702
24.2448
24.0002
23.735
23.4478
23.1369
22.8009
22.4382
22.0469
21.6257
21.1726
20.6862
20.1648
19.6069
19.0113
18.3768
17.7027
16.9886
16.2345
15.441
14.6093
13.7414
12.8397
11.9076
10.9492
9.96907
8.97279
7.96641
6.95655
5.95026
4.95497
3.9783
3.02792
2.11138
1.23585
0.40807
-0.365925
-1.08089
-1.73253
-2.3176
-2.83392
-3.28042
-3.6572
-3.9652
-4.20655
-4.38406
-4.50089
-4.56265
-4.5695
-4.54145
-4.47983
-4.41572
-4.27881
-4.19669
-3.93365
-3.91575
-3.39804
-3.6595
-2.58054
-3.60404
-1.30206
-4.06824
22.559
22.5427
22.5283
22.5113
22.4919
22.47
22.4453
22.4176
22.3864
22.3515
22.3124
22.2687
22.2198
22.1653
22.1046
22.037
21.9618
21.8784
21.7858
21.6833
21.5699
21.4447
21.3066
21.1545
20.9875
20.8042
20.6036
20.3845
20.1457
19.8859
19.6042
19.2994
18.9705
18.6168
18.2373
17.8316
17.3993
16.9402
16.4546
15.9429
15.4059
14.8449
14.2616
13.6581
13.037
12.4014
11.7547
11.1007
10.4434
9.78724
9.13659
8.49596
7.86971
7.26206
6.67689
6.1177
5.58752
5.08878
4.62335
4.19244
3.79662
3.43591
3.10956
2.81683
2.55538
2.32486
2.12038
1.96711
1.84112
1.73026
1.61024
1.53378
1.3983
1.39754
1.18301
1.35741
0.913689
1.48136
0.483322
1.91878
22.55
22.5058
22.4588
22.4133
22.3645
22.3118
22.2557
22.1959
22.131
22.0606
21.9845
21.9013
21.8077
21.7015
21.584
21.4566
21.3187
21.1691
21.0069
20.8309
20.6399
20.4328
20.2084
19.9654
19.7025
19.4182
19.1112
18.7801
18.4235
18.04
17.6284
17.1874
16.7158
16.2125
15.6769
15.1082
14.5059
13.8702
13.2012
12.4999
11.7673
11.0055
10.2169
9.40443
8.57198
7.72387
6.86506
6.00104
5.13774
4.2815
3.43886
2.61652
1.82108
1.05895
0.336168
-0.341692
-0.969759
-1.54393
-2.06096
-2.51854
-2.91537
-3.25099
-3.52602
-3.74197
-3.90043
-4.00617
-4.0576
-4.06836
-4.04019
-4.01078
-3.90926
-3.86219
-3.63618
-3.64875
-3.17331
-3.44932
-2.43063
-3.42979
-1.23104
-3.9032
19.3247
19.3131
19.3033
19.2916
19.2782
19.2631
19.2459
19.2266
19.2049
19.1805
19.153
19.1222
19.0878
19.0492
19.0061
18.9581
18.9046
18.845
18.7787
18.7052
18.6237
18.5335
18.4337
18.3236
18.2022
18.0686
17.9219
17.7609
17.5848
17.3925
17.1828
16.9548
16.7076
16.4402
16.1517
15.8416
15.5092
15.154
14.776
14.3752
13.9519
13.5066
13.0403
12.5542
12.0501
11.5298
10.9958
10.4508
9.89777
9.34015
8.78146
8.2254
7.67575
7.13627
6.61059
6.10215
5.61408
5.14913
4.7096
4.29733
3.91357
3.55914
3.23412
2.93857
2.67106
2.43188
2.21713
2.05372
1.91841
1.79732
1.66732
1.57903
1.43517
1.41969
1.20298
1.35525
0.923437
1.45381
0.489149
1.87057
19.3161
19.2796
19.2405
19.2028
19.1622
19.1183
19.0718
19.0226
18.9698
18.9128
18.8511
18.7847
18.7116
18.6291
18.5361
18.4342
18.3244
18.2057
18.0773
17.9383
17.7877
17.6246
17.4482
17.2572
17.0508
16.8276
16.5865
16.3264
16.046
15.744
15.4192
15.0705
14.6967
14.2968
13.8699
13.4152
12.9322
12.4206
11.8802
11.3112
10.7144
10.0907
9.44154
8.76887
8.07515
7.36339
6.63715
5.90048
5.15793
4.41452
3.67562
2.94684
2.23397
1.5428
0.878985
0.247977
-0.345208
-0.896078
-1.40076
-1.85611
-2.25985
-2.61042
-2.90719
-3.15055
-3.34068
-3.48155
-3.56992
-3.6138
-3.61476
-3.61602
-3.54647
-3.53122
-3.33994
-3.3806
-2.94615
-3.23525
-2.27625
-3.2507
-1.15552
-3.73336
16.6088
16.6007
16.5942
16.5863
16.5773
16.567
16.5553
16.5421
16.527
16.5101
16.4909
16.4694
16.4451
16.4179
16.3873
16.3531
16.3149
16.2722
16.2246
16.1717
16.1128
16.0473
15.9748
15.8946
15.8059
15.7079
15.6001
15.4815
15.3512
15.2085
15.0524
14.8821
14.6966
14.4951
14.2767
14.0407
13.7864
13.5132
13.2207
12.9085
12.5767
12.2254
11.8548
11.4658
11.0592
10.6363
10.1986
9.74816
9.28704
8.81775
8.34303
7.86584
7.38927
6.91652
6.4508
5.99526
5.55289
5.12649
4.71854
4.33119
3.96613
3.62475
3.30772
3.01578
2.74823
2.50594
2.2859
2.1162
1.97468
1.84622
1.70892
1.61116
1.46104
1.43265
1.21524
1.3468
0.927757
1.42208
0.491765
1.81929
16.6008
16.5704
16.5378
16.5063
16.4723
16.4356
16.3967
16.3556
16.312
16.2652
16.2147
16.1604
16.1019
16.037
15.9635
15.8815
15.7925
15.6968
15.5936
15.4821
15.3615
15.2312
15.0903
14.9381
14.7738
14.5963
14.4048
14.1982
13.9757
13.736
13.4781
13.2011
12.9038
12.5853
12.2447
11.881
11.4935
11.0818
10.6454
10.1841
9.69823
9.18809
8.65451
8.09864
7.52207
6.92684
6.31544
5.6908
5.05632
4.41587
3.77368
3.13434
2.50269
1.88375
1.28257
0.70418
0.153416
-0.365193
-0.847526
-1.29
-1.68967
-2.04423
-2.35209
-2.61275
-2.82517
-2.99258
-3.11028
-3.18148
-3.20708
-3.23475
-3.19348
-3.2065
-3.04724
-3.11317
-2.71835
-3.01832
-2.11913
-3.0669
-1.07741
-3.55676
14.3208
14.3153
14.3113
14.3062
14.3003
14.2936
14.2858
14.2769
14.2667
14.2552
14.242
14.2271
14.2103
14.1912
14.1698
14.1456
14.1185
14.088
14.054
14.0159
13.9734
13.926
13.8732
13.8146
13.7496
13.6777
13.5981
13.5103
13.4135
13.3071
13.1904
13.0625
12.9228
12.7704
12.6046
12.4246
12.2299
12.0197
11.7936
11.551
11.2916
11.0153
10.7222
10.4123
10.0862
9.74453
9.38828
9.01867
8.6372
8.24562
7.84598
7.44054
7.03174
6.62221
6.21463
5.81176
5.41632
5.03092
4.65804
4.2999
3.95843
3.63534
3.33174
3.04883
2.78651
2.5461
2.32539
2.15306
2.00832
1.87532
1.73341
1.62858
1.47446
1.43505
1.21875
1.33081
0.926206
1.38498
0.491232
1.7634
14.3135
14.288
14.2607
14.2342
14.2057
14.1748
14.142
14.1073
14.0707
14.0319
13.9902
13.9454
13.8974
13.8455
13.7875
13.7219
13.6494
13.5714
13.4875
13.3972
13.2997
13.1945
13.0808
12.9582
12.8259
12.6831
12.5292
12.3633
12.1846
11.9922
11.7853
11.5629
11.3242
11.0684
10.7945
10.5017
10.1893
9.85663
9.5032
9.1286
8.73267
8.31544
7.87723
7.41862
6.94053
6.44429
5.93156
5.40439
4.86527
4.31709
3.76311
3.207
2.65268
2.10435
1.56636
1.04318
0.539239
0.058835
-0.393955
-0.815399
-1.20221
-1.55162
-1.86138
-2.13031
-2.35638
-2.54228
-2.68196
-2.77473
-2.82041
-2.8701
-2.85318
-2.89061
-2.76057
-2.84835
-2.49188
-2.7992
-1.96136
-2.87698
-0.999304
-3.37043
12.3778
12.3743
12.372
12.3689
12.3654
12.3611
12.3562
12.3505
12.3439
12.3362
12.3274
12.3174
12.3059
12.2928
12.2779
12.2611
12.242
12.2205
12.1963
12.1691
12.1386
12.1044
12.0662
12.0235
11.976
11.9232
11.8645
11.7995
11.7277
11.6483
11.5609
11.4648
11.3593
11.2439
11.1178
10.9803
10.831
10.6691
10.494
10.3054
10.1027
9.88568
9.65412
9.40795
9.14728
8.87242
8.58387
8.28235
7.96881
7.64446
7.31073
6.96925
6.62189
6.2707
5.91787
5.56572
5.21657
4.87276
4.53657
4.2102
3.8956
3.59461
3.3086
3.03909
2.78639
2.55218
2.33492
2.1633
2.01817
1.88333
1.73948
1.62987
1.47429
1.42536
1.21286
1.30573
0.91895
1.34034
0.488547
1.70038
12.3711
12.3497
12.3267
12.3043
12.2803
12.2542
12.2264
12.197
12.166
12.1334
12.0987
12.0614
12.0214
11.9786
11.9322
11.8799
11.8212
11.7571
11.6886
11.6151
11.5358
11.4503
11.3581
11.2587
11.1514
11.0359
10.9113
10.7771
10.6325
10.477
10.3097
10.1299
9.93681
9.72975
9.5079
9.27056
9.01705
8.74673
8.45902
8.15348
7.82976
7.4877
7.1273
6.74876
6.35257
5.93948
5.51056
5.06718
4.61108
4.14436
3.66949
3.18926
2.70681
2.22553
1.74907
1.28127
0.826014
0.387221
-0.031256
-0.425812
-0.793067
-1.13001
-1.43399
-1.70342
-1.93552
-2.13249
-2.28725
-2.39605
-2.45742
-2.52462
-2.52828
-2.58572
-2.48259
-2.58727
-2.26994
-2.57725
-1.8072
-2.67826
-0.927993
-3.1682
10.7289
10.7267
10.7255
10.7238
10.7217
10.7191
10.716
10.7123
10.708
10.7029
10.6969
10.69
10.6821
10.673
10.6625
10.6505
10.637
10.6215
10.6041
10.5844
10.5621
10.5372
10.5092
10.4778
10.4427
10.4035
10.36
10.3116
10.2578
10.1982
10.1325
10.0599
9.97999
9.8922
9.79593
9.69068
9.57585
9.45085
9.31517
9.16835
9.00987
8.83934
8.65651
8.4611
8.25309
8.03248
7.79947
7.55446
7.29797
7.03078
6.75386
6.46828
6.17546
5.87694
5.57441
5.26971
4.9648
4.66167
4.36232
4.06874
3.78287
3.50645
3.24104
2.98825
2.74872
2.52431
2.31412
2.14617
2.00329
1.86904
1.72601
1.61354
1.45958
1.40181
1.1972
1.26934
0.90644
1.28596
0.485338
1.62817
10.7227
10.7045
10.6848
10.665
10.6433
10.619
10.5923
10.5634
10.5322
10.4994
10.4654
10.4309
10.397
10.3642
10.3323
10.2988
10.2597
10.2118
10.1557
10.0934
10.0269
9.95618
9.88026
9.79843
9.71026
9.61535
9.51319
9.40325
9.285
9.15791
9.02131
8.87458
8.71705
8.54815
8.3672
8.17348
7.96642
7.74547
7.51006
7.25966
6.9939
6.71249
6.41526
6.10224
5.77357
5.42967
5.07117
4.69893
4.31415
3.91831
3.51321
3.10094
2.68393
2.26485
1.8467
1.43263
1.02599
0.630192
0.248749
-0.115029
-0.457839
-0.776673
-1.06865
-1.33204
-1.56348
-1.7648
-1.92836
-2.04778
-2.12076
-2.20067
-2.22173
-2.29356
-2.21665
-2.33025
-2.05677
-2.35056
-1.66223
-2.46643
-0.870092
-2.9449
8.87031
8.86952
8.8694
8.86896
8.8683
8.86743
8.86624
8.86467
8.86275
8.86042
8.85754
8.85407
8.84998
8.84512
8.83946
8.83287
8.82522
8.81637
8.80619
8.79454
8.78125
8.7661
8.74893
8.72955
8.70757
8.68284
8.65513
8.62399
8.58916
8.55026
8.50698
8.45885
8.40547
8.34636
8.28103
8.20915
8.13018
8.04355
7.94882
7.84558
7.73326
7.61144
7.47978
7.33794
7.1857
7.02282
6.84919
6.66497
6.47024
6.26538
6.05084
5.82723
5.59544
5.35646
5.11143
4.86166
4.60861
4.35386
4.09907
3.84596
3.5962
3.35154
3.11353
2.88381
2.66342
2.45418
2.25606
2.09538
1.95825
1.82691
1.68877
1.57406
1.42758
1.35831
1.17093
1.21498
0.89015
1.21584
0.484876
1.54266
8.86499
8.85072
8.83511
8.81984
8.80359
8.7859
8.76688
8.74673
8.72541
8.70295
8.67946
8.6547
8.62837
8.60047
8.5709
8.5391
8.50414
8.46505
8.42174
8.37461
8.32388
8.26959
8.2114
8.14882
8.0815
8.00913
7.93133
7.84768
7.75771
7.66107
7.55727
7.44573
7.32597
7.19755
7.05988
6.91232
6.75441
6.58566
6.40554
6.2135
6.00915
5.79209
5.56205
5.31888
5.06244
4.79282
4.5103
4.21522
3.90826
3.59031
3.26245
2.92611
2.58292
2.2348
1.88393
1.53277
1.18397
0.84028
0.504738
0.180279
-0.130073
-0.423434
-0.696872
-0.948341
-1.17444
-1.37584
-1.54583
-1.67302
-1.75823
-1.84748
-1.8904
-1.96973
-1.93118
-2.03837
-1.8344
-2.08465
-1.52337
-2.21028
-0.834786
-2.67498
7.05315
7.05337
7.05413
7.05477
7.05532
7.05577
7.05606
7.05618
7.05617
7.05598
7.05546
7.05462
7.05351
7.05196
7.05
7.04753
7.04442
7.04065
7.03612
7.03077
7.02445
7.01701
7.00841
6.99848
6.98696
6.97379
6.95875
6.94157
6.92208
6.90002
6.87516
6.84718
6.81581
6.78066
6.74134
6.69763
6.64908
6.59527
6.53581
6.47028
6.39826
6.3193
6.23299
6.13904
6.03705
5.92663
5.80753
5.67964
5.54277
5.39692
5.24214
5.0787
4.90697
4.72735
4.54056
4.34736
4.14871
3.9457
3.73954
3.53161
3.32326
3.11604
2.91138
2.71087
2.51569
2.3277
2.14737
1.99905
1.87132
1.74767
1.61692
1.50647
1.36657
1.29676
1.11834
1.15449
0.846672
1.15399
0.454703
1.48987
7.04879
7.03829
7.02697
7.01614
7.00501
6.99323
6.98096
6.96827
6.95504
6.94105
6.92599
6.90919
6.88983
6.86738
6.8418
6.81357
6.78363
6.75262
6.72048
6.68651
6.64978
6.6101
6.56759
6.52205
6.47323
6.42085
6.36462
6.30427
6.23943
6.1698
6.09509
6.01486
5.92872
5.83638
5.73735
5.63113
5.51736
5.39561
5.2654
5.12628
4.97784
4.81967
4.65145
4.47286
4.28362
4.08363
3.87279
3.65114
3.41889
3.17646
2.92433
2.6633
2.39431
2.11856
1.83749
1.55277
1.26632
0.980217
0.696821
0.418578
0.148063
-0.112158
-0.359256
-0.59122
-0.804458
-0.999381
-1.16887
-1.30016
-1.39214
-1.49043
-1.54695
-1.64013
-1.62355
-1.74586
-1.57582
-1.83446
-1.32696
-2.00242
-0.714432
-2.52792
5.66277
5.66372
5.66508
5.66643
5.66776
5.66902
5.6702
5.67135
5.67243
5.67343
5.67426
5.67493
5.67549
5.67576
5.67583
5.6756
5.67496
5.67397
5.67252
5.67057
5.66803
5.66479
5.66084
5.65602
5.6502
5.64334
5.6352
5.62571
5.6147
5.60198
5.58741
5.57075
5.55179
5.53029
5.50595
5.47853
5.44776
5.41334
5.37493
5.33215
5.28478
5.23234
5.17447
5.11094
5.04132
4.96525
4.88244
4.79269
4.69569
4.59124
4.47926
4.3598
4.23287
4.09858
3.95734
3.80948
3.65557
3.49632
3.33252
3.16514
2.99521
2.82394
2.65251
2.48231
2.31444
2.15063
1.99157
1.85906
1.74393
1.63149
1.5116
1.40938
1.27912
1.21343
1.04539
1.07998
0.787171
1.08611
0.411554
1.43843
5.659
5.65103
5.64233
5.63377
5.62472
5.61491
5.60436
5.593
5.5808
5.5678
5.55401
5.53947
5.52424
5.50825
5.49129
5.47336
5.45446
5.43422
5.41201
5.38731
5.35989
5.33004
5.29808
5.26397
5.22754
5.18848
5.14653
5.10154
5.05325
5.00139
4.94579
4.88612
4.82206
4.75343
4.6798
4.60084
4.51626
4.42568
4.32874
4.22507
4.11434
3.99616
3.87024
3.73622
3.59384
3.44293
3.28324
3.11466
2.93723
2.75106
2.55634
2.35344
2.14291
1.92545
1.70195
1.47351
1.24144
1.00725
0.772643
0.539517
0.309924
0.0859816
-0.129856
-0.335865
-0.528535
-0.708384
-0.868139
-0.995399
-1.08688
-1.18688
-1.24902
-1.34922
-1.34584
-1.47919
-1.33189
-1.60203
-1.13088
-1.81423
-0.583616
-2.40782
4.53055
4.53176
4.53331
4.53487
4.53644
4.53801
4.53956
4.54113
4.54271
4.54426
4.54576
4.54722
4.54864
4.54991
4.55108
4.55213
4.55297
4.55363
4.55403
4.55413
4.5539
4.55326
4.5522
4.55058
4.54837
4.5455
4.54179
4.53721
4.53164
4.52494
4.51701
4.50765
4.4967
4.48402
4.46939
4.45258
4.4334
4.41164
4.38701
4.35921
4.32809
4.29328
4.25442
4.21133
4.16364
4.11108
4.05332
3.99016
3.92127
3.84644
3.7655
3.67836
3.58491
3.4851
3.37914
3.2671
3.14928
3.02611
2.89808
2.76582
2.63002
2.4916
2.35146
2.2107
2.07026
1.93161
1.79552
1.68083
1.58037
1.4815
1.37514
1.28394
1.16639
1.10759
0.953346
0.988352
0.714533
1.00535
0.361174
1.37173
4.52739
4.52125
4.51461
4.50804
4.50109
4.49362
4.48564
4.47706
4.4678
4.45789
4.44729
4.43602
4.4242
4.41189
4.39895
4.38534
4.37108
4.35605
4.33995
4.32217
4.30228
4.28026
4.25636
4.23073
4.2034
4.17424
4.14294
4.10938
4.07337
4.03467
3.99319
3.94867
3.90085
3.84959
3.79456
3.73551
3.67222
3.60437
3.53167
3.45385
3.3706
3.28163
3.18664
3.08536
2.97753
2.86294
2.74137
2.61265
2.4767
2.33351
2.18313
2.02571
1.86155
1.69104
1.51472
1.33331
1.14766
0.958826
0.768038
0.576669
0.386302
0.198553
0.0154679
-0.161637
-0.329521
-0.488949
-0.63281
-0.750112
-0.83573
-0.931537
-0.993319
-1.09393
-1.09792
-1.23525
-1.10663
-1.38053
-0.945693
-1.6266
-0.461565
-2.26365
3.56932
3.57052
3.57197
3.57343
3.57492
3.57647
3.57801
3.57959
3.58122
3.58285
3.58448
3.58612
3.58775
3.58931
3.59085
3.59236
3.59377
3.59511
3.59632
3.59736
3.59821
3.59887
3.5993
3.59938
3.59911
3.59847
3.59731
3.59562
3.59332
3.59029
3.58649
3.58177
3.57599
3.56908
3.56087
3.55121
3.53993
3.52685
3.5118
3.49451
3.47487
3.4526
3.42743
3.39915
3.36747
3.33219
3.29298
3.24964
3.2019
3.14952
3.0923
3.0301
2.96274
2.89009
2.81223
2.72906
2.64076
2.54755
2.44967
2.34754
2.2416
2.1325
2.0209
1.90765
1.79349
1.67961
1.56675
1.47066
1.38587
1.30193
1.21071
1.13249
1.02976
0.980167
0.841998
0.879646
0.627209
0.911074
0.30066
1.28941
3.56677
3.56211
3.55709
3.5521
3.54683
3.54117
3.53514
3.52871
3.52179
3.51435
3.50635
3.49778
3.48867
3.47909
3.46908
3.45863
3.44769
3.43622
3.42423
3.41145
3.39739
3.38161
3.36405
3.34492
3.32442
3.30265
3.27941
3.25454
3.22786
3.19922
3.16852
3.13559
3.10024
3.06235
3.02168
2.97803
2.93124
2.88107
2.82727
2.76964
2.70791
2.64186
2.57124
2.49581
2.41534
2.3296
2.23843
2.14162
2.03904
1.9306
1.81628
1.6961
1.57021
1.43877
1.30213
1.16071
1.01507
0.865909
0.714089
0.560593
0.406592
0.253272
0.102317
-0.0453901
-0.186927
-0.323348
-0.447868
-0.551568
-0.627813
-0.715412
-0.772442
-0.868637
-0.875079
-1.01111
-0.896321
-1.1685
-0.76633
-1.43797
-0.340634
-2.1027
2.74646
2.74754
2.74877
2.75004
2.75135
2.75271
2.75408
2.75549
2.75695
2.75842
2.75992
2.76144
2.76295
2.76446
2.76599
2.76751
2.76897
2.77039
2.77177
2.77307
2.77425
2.77533
2.77628
2.77703
2.77758
2.7779
2.7779
2.77757
2.77685
2.77569
2.77404
2.77179
2.76885
2.76521
2.7607
2.75523
2.74871
2.74097
2.7319
2.72133
2.70916
2.69516
2.67917
2.66098
2.64039
2.61725
2.59126
2.56224
2.53
2.49429
2.45493
2.41173
2.3645
2.31313
2.25753
2.19761
2.13342
2.06498
1.99246
1.91609
1.83612
1.753
1.66716
1.57926
1.48982
1.39981
1.30983
1.23255
1.16389
1.09564
1.02061
0.956792
0.870368
0.831882
0.711402
0.753829
0.523682
0.802388
0.226734
1.18996
2.74444
2.74098
2.73723
2.73349
2.72954
2.7253
2.7208
2.716
2.71088
2.7054
2.69949
2.69308
2.6862
2.67886
2.67115
2.66311
2.65472
2.64593
2.6368
2.62732
2.61725
2.60615
2.59366
2.5797
2.56447
2.54821
2.53093
2.51257
2.49298
2.47198
2.44949
2.42537
2.39952
2.37184
2.34214
2.31027
2.27615
2.23957
2.20034
2.15833
2.11331
2.06512
2.01358
1.95845
1.89957
1.83675
1.76983
1.69864
1.623
1.54284
1.45807
1.36863
1.27459
1.176
1.07302
0.965907
0.854996
0.740734
0.623688
0.504531
0.384123
0.263267
0.143309
0.0247607
-0.0898019
-0.201729
-0.304652
-0.392184
-0.456467
-0.532779
-0.581521
-0.669359
-0.673895
-0.804169
-0.698216
-0.964571
-0.589289
-1.24767
-0.213553
-1.93098
2.00756
2.00838
2.00931
2.01026
2.01128
2.01233
2.0134
2.01453
2.01569
2.01688
2.01811
2.01936
2.02064
2.02195
2.0233
2.02465
2.026
2.02735
2.02871
2.03004
2.03132
2.03258
2.03377
2.03489
2.03592
2.03682
2.03754
2.0381
2.03843
2.03851
2.0383
2.03772
2.03673
2.0353
2.03331
2.0307
2.0274
2.02332
2.01836
2.01242
2.00538
1.99711
1.98749
1.97635
1.96357
1.94902
1.93247
1.9138
1.89286
1.86943
1.84337
1.81452
1.78273
1.74786
1.70984
1.66854
1.62395
1.57602
1.52484
1.47053
1.41322
1.35316
1.29067
1.22618
1.16005
1.09299
1.02549
0.9671
0.914856
0.862912
0.804914
0.756656
0.687771
0.661986
0.56045
0.609381
0.402271
0.675939
0.137575
1.06043
2.00612
2.00371
2.00111
1.99852
1.99577
1.99285
1.98975
1.98647
1.98297
1.97927
1.97528
1.97097
1.96629
1.96125
1.95589
1.95026
1.94441
1.93839
1.93219
1.92586
1.91938
1.91259
1.90509
1.89644
1.88655
1.87562
1.86386
1.85131
1.8379
1.82345
1.80788
1.79111
1.77308
1.75372
1.7329
1.71052
1.68651
1.66072
1.63302
1.60333
1.5715
1.53737
1.50085
1.46176
1.41998
1.37538
1.32782
1.27718
1.22333
1.16617
1.10563
1.04165
0.974223
0.903352
0.829112
0.751638
0.671116
0.587812
0.502091
0.41437
0.325247
0.235214
0.145314
0.0557203
-0.0313482
-0.117516
-0.196915
-0.266046
-0.316108
-0.378406
-0.415701
-0.49156
-0.490198
-0.610382
-0.50844
-0.764087
-0.410451
-1.04941
-0.0768511
-1.72978
1.37793
1.37845
1.37905
1.37966
1.38029
1.38093
1.3816
1.38229
1.38296
1.38364
1.38434
1.38503
1.38572
1.38644
1.38713
1.38779
1.38845
1.38909
1.38969
1.39025
1.39078
1.39126
1.39166
1.392
1.39225
1.39239
1.39242
1.39233
1.39208
1.39166
1.39104
1.39018
1.38908
1.38769
1.38595
1.38386
1.38134
1.37834
1.37484
1.37074
1.36597
1.36046
1.35413
1.34687
1.33863
1.32928
1.31868
1.30677
1.29342
1.27849
1.26186
1.24343
1.22309
1.20073
1.17626
1.14961
1.12072
1.08953
1.05609
1.02044
0.982632
0.942813
0.901177
0.857989
0.813463
0.768051
0.722137
0.68226
0.646278
0.610702
0.569957
0.537781
0.486948
0.474874
0.392613
0.449153
0.264872
0.531023
0.0359443
0.88689
1.37696
1.3753
1.37351
1.37172
1.36982
1.36777
1.36559
1.36325
1.36078
1.35815
1.35534
1.35228
1.34896
1.34533
1.34135
1.33701
1.33234
1.32738
1.32213
1.31657
1.31071
1.3046
1.29824
1.2914
1.28388
1.27561
1.26677
1.2576
1.24817
1.23829
1.22775
1.21644
1.20431
1.19134
1.17743
1.16253
1.1466
1.12953
1.1112
1.09159
1.07058
1.04805
1.02395
0.998162
0.970601
0.941163
0.909755
0.876299
0.840703
0.802891
0.762807
0.720405
0.675666
0.62858
0.579188
0.527556
0.473774
0.418009
0.360473
0.301408
0.241204
0.180109
0.118904
0.0574623
-0.00232107
-0.0623342
-0.117212
-0.166602
-0.200932
-0.247357
-0.270825
-0.33213
-0.321324
-0.428447
-0.32529
-0.567153
-0.228144
-0.84023
0.0710067
-1.47896
0.600233
0.601606
0.603105
0.604678
0.606327
0.608075
0.609927
0.611878
0.613908
0.616036
0.618278
0.62062
0.62307
0.625632
0.628286
0.631032
0.633888
0.636841
0.639864
0.642974
0.646172
0.649427
0.652741
0.656097
0.659469
0.662851
0.666229
0.669574
0.672864
0.676076
0.67917
0.682134
0.684928
0.687509
0.689856
0.691942
0.693696
0.695081
0.69608
0.696617
0.696678
0.69621
0.69513
0.6934
0.691026
0.687919
0.683993
0.679261
0.673643
0.667076
0.659524
0.650937
0.641273
0.630489
0.618524
0.605379
0.591028
0.575423
0.558599
0.540566
0.521342
0.501002
0.479657
0.457437
0.434428
0.410888
0.387014
0.366221
0.347223
0.328973
0.306549
0.291749
0.260372
0.262933
0.202592
0.263581
0.113095
0.345604
-0.0588377
0.598505
0.598704
0.596803
0.594767
0.592679
0.590492
0.588182
0.585731
0.583157
0.580475
0.577672
0.57474
0.571696
0.568626
0.565725
0.563435
0.562567
0.564248
0.569739
0.580098
0.59592
0.617155
0.642808
0.670595
0.696884
0.717703
0.730209
0.733754
0.729894
0.721569
0.711667
0.701643
0.691605
0.681228
0.670345
0.658976
0.647165
0.634952
0.622316
0.609226
0.595684
0.581646
0.567062
0.551923
0.536175
0.519761
0.502632
0.48473
0.465995
0.446375
0.425811
0.404261
0.381672
0.358015
0.333262
0.307405
0.280461
0.252449
0.223444
0.19353
0.162797
0.131464
0.0995726
0.0676641
0.0353476
0.00417932
-0.0279346
-0.0562415
-0.083734
-0.100299
-0.128371
-0.135459
-0.178619
-0.156052
-0.243642
-0.140532
-0.351324
-0.0460709
-0.57219
0.194499
-1.05011
0.425217
0.423369
0.421417
0.419332
0.417108
0.414747
0.412244
0.409587
0.40676
0.403763
0.400598
0.397259
0.393738
0.390024
0.386119
0.38202
0.377729
0.373245
0.368559
0.363687
0.358631
0.353389
0.347981
0.342407
0.336678
0.330819
0.324833
0.318742
0.312576
0.306342
0.300062
0.293773
0.287488
0.28123
0.27504
0.268926
0.262913
0.257025
0.251272
0.245665
0.240239
0.23499
0.229889
0.224956
0.220206
0.215588
0.211084
0.206706
0.202388
0.198113
0.193851
0.189564
0.185216
0.180777
0.17619
0.171439
0.166507
0.161353
0.155985
0.150389
0.144565
0.138523
0.132281
0.125861
0.119258
0.112573
0.105898
0.100339
0.0948323
0.0900984
0.0826329
0.0807566
0.0671934
0.0770284
0.0437976
0.0890523
0.00031532
0.137171
-0.0812556
0.239371
0.426952
0.42867
0.430492
0.432406
0.434404
0.436491
0.438655
0.440915
0.443278
0.445758
0.448419
0.451374
0.454766
0.458583
0.462418
0.465216
0.465214
0.460117
0.447371
0.424573
0.390052
0.343668
0.287942
0.228543
0.173266
0.129737
0.102832
0.0925058
0.0938295
0.100124
0.106774
0.112401
0.117342
0.122034
0.126531
0.130668
0.134317
0.1374
0.139877
0.141715
0.142875
0.143334
0.143101
0.142172
0.140543
0.138239
0.135274
0.13167
0.127457
0.122667
0.117341
0.111504
0.105196
0.0984466
0.0912886
0.0837614
0.0758888
0.0677213
0.0592973
0.0506302
0.041835
0.0328203
0.0239413
0.0146759
0.00623414
-0.00338936
-0.0103601
-0.0196653
-0.0219529
-0.0340782
-0.0289482
-0.053703
-0.0266361
-0.0856433
-0.00287874
-0.146012
0.0632665
-0.263536
0.195715
-0.485285
)
;

boundaryField
{
    inlet
    {
        type            freestreamPressure;
        freestreamValue uniform 0;
        value           nonuniform List<scalar> 
134
(
5.13025
5.38321
5.47809
5.3478
5.03833
4.54461
3.90085
3.14882
2.28446
1.11395
0.311557
0.465884
0.69743
0.873496
1.0086
1.11487
1.19747
1.25993
1.3075
1.34665
4.73779
1.38458
1.42583
1.46606
1.49308
1.48416
1.43061
1.41466
1.33797
1.2911
1.47081
1.30302
1.2462
1.21814
1.19105
1.1598
1.13243
1.12049
1.14034
1.17515
4.22585
3.52566
2.659
1.78324
0.967794
0.352643
0.0568818
1.2827
1.25779
1.21697
1.19044
1.17182
1.15166
1.1291
1.1063
1.08397
1.0617
1.03904
1.01584
0.991957
0.967034
0.940522
0.911626
0.879047
0.84172
0.797514
0.770219
0.743627
0.70915
0.666594
0.615187
0.548226
0.458516
0.309428
0.123759
0.0275383
0.000896306
-0.0854662
-0.231758
-0.420298
-0.631788
-0.838366
-1.01925
-1.16638
-1.27666
-1.35605
-1.41399
-1.45966
-1.50145
-1.55138
-1.62755
-1.7368
-1.85362
-1.95657
-2.04605
-2.12575
-2.19615
-2.25563
-2.303
-2.33842
-2.36311
-2.38082
-2.39927
-2.4386
-2.52926
-2.72671
-2.80315
-2.71466
-2.61147
-2.54111
-2.48161
-2.41526
-2.34317
-2.26996
-2.19651
-2.12192
-2.04569
-1.96773
-1.88794
-1.80583
-1.72044
-1.63034
-1.53255
-1.42455
-1.294
-1.22288
-1.1648
-1.09506
-1.0172
-0.934125
-0.836785
-0.715438
-0.507972
-0.234737
)
;
    }
    outlet
    {
        type            freestreamPressure;
        freestreamValue uniform 0;
        value           nonuniform List<scalar> 
160
(
0.000111054
0.000111498
0.00011058
0.000111937
0.000110081
0.000112403
0.000109547
0.000112891
0.000108978
0.000113401
0.000108374
0.000113933
0.000107734
0.000114484
0.000107054
0.000115058
0.00010633
0.000115657
0.000105563
0.000116282
0.000104753
0.000116948
0.000103899
0.000117686
0.000102998
0.000118542
0.000102047
0.000119531
0.000101048
0.000120572
9.99985e-05
0.000121408
9.89003e-05
0.000121581
9.77525e-05
0.000120471
9.65531e-05
0.000117367
9.53057e-05
0.000111585
9.40116e-05
0.000102639
9.26696e-05
9.04708e-05
9.12851e-05
7.57607e-05
8.98583e-05
6.00487e-05
8.83915e-05
4.54317e-05
8.68918e-05
3.39347e-05
8.53593e-05
2.68261e-05
8.38003e-05
2.40706e-05
8.22222e-05
2.43637e-05
8.0627e-05
2.5962e-05
7.90201e-05
2.76651e-05
7.74116e-05
2.91108e-05
7.58045e-05
3.03793e-05
7.4205e-05
3.15812e-05
7.26237e-05
3.27299e-05
7.10629e-05
3.37836e-05
6.95289e-05
3.47093e-05
6.80284e-05
3.54868e-05
6.65638e-05
3.61059e-05
6.51381e-05
3.65583e-05
6.37606e-05
3.6834e-05
6.24304e-05
3.69273e-05
6.11396e-05
3.68413e-05
5.98938e-05
3.65746e-05
5.86968e-05
3.61274e-05
5.75356e-05
3.55064e-05
5.6405e-05
3.47154e-05
5.53084e-05
3.37611e-05
5.42283e-05
3.26516e-05
5.31597e-05
3.13958e-05
5.20948e-05
3.00048e-05
5.10232e-05
2.84855e-05
4.9935e-05
2.68486e-05
4.88213e-05
2.51024e-05
4.76673e-05
2.32557e-05
4.64676e-05
2.13188e-05
4.5217e-05
1.92982e-05
4.39039e-05
1.7207e-05
4.25298e-05
1.50549e-05
4.10896e-05
1.28453e-05
3.95834e-05
1.06074e-05
3.80121e-05
8.31728e-06
3.63804e-05
6.06495e-06
3.46936e-05
3.71655e-06
3.29492e-05
1.57876e-06
3.11743e-05
-8.5819e-07
2.93946e-05
-2.62488e-06
2.79076e-05
-4.98144e-06
2.64243e-05
-5.56882e-06
2.51497e-05
-8.6348e-06
2.31181e-05
-7.36356e-06
2.26256e-05
-1.36034e-05
1.88906e-05
-6.81496e-06
2.16484e-05
-2.16382e-05
1.23967e-05
-7.45489e-07
2.50483e-05
-3.65626e-05
9.02759e-08
1.67941e-05
3.83628e-05
-6.44225e-05
-2.37974e-05
5.45993e-05
6.55972e-05
-0.000112204
)
;
    }
    walls
    {
        type            zeroGradient;
    }
    frontAndBack
    {
        type            empty;
    }
}


// ************************************************************************* //
