/*--------------------------------*- C++ -*----------------------------------*\
| =========                 |                                                 |
| \\      /  F ield         | OpenFOAM: The Open Source CFD Toolbox           |
|  \\    /   O peration     | Version:  v1806                                 |
|   \\  /    A nd           | Web:      www.OpenFOAM.com                      |
|    \\/     M anipulation  |                                                 |
\*---------------------------------------------------------------------------*/
FoamFile
{
    version     2.0;
    format      ascii;
    class       volScalarField;
    location    "228";
    object      p;
}
// * * * * * * * * * * * * * * * * * * * * * * * * * * * * * * * * * * * * * //

dimensions      [0 2 -2 0 0 0 0];


internalField   nonuniform List<scalar> 
10720
(
1910.91
1896.04
1834.38
1717.14
1548.94
1331.64
1080.2
806.171
517.034
229.252
-51.3935
-319.632
-570.68
-802.24
-1011.61
-1194.93
-1352.92
-1479.37
-1576.05
-1636.23
-1662.43
-1650.84
-1607.8
-1535.08
-1447.35
-1368.34
-1296.1
-1216.55
-1129.4
-1036.44
-937.68
-833.234
-723.207
-607.218
-484.51
-350.817
-201.599
-7.7209
243.237
1896.09
1842.73
1730.09
1554.18
1315.81
1018.68
683.441
349.627
54.6361
-193.862
-382.095
-507.122
-589.106
-640.229
-666.788
-684.874
-697.064
-709.423
-724.06
-745.274
-771.335
-803.877
-840.254
-875.389
-891.848
-882.462
-858.845
-825.177
-781.733
-728.316
-665.812
-595.154
-516.945
-430.922
-336.433
-229.828
-105.766
60.9191
297.011
1815.04
1801.35
1750.51
1660.58
1532.34
1365.27
1165.13
939.133
693.918
438.936
181.288
-72.9746
-318.3
-550.352
-765.128
-958.729
-1129.12
-1271.6
-1385.14
-1465.36
-1512.18
-1521.95
-1499.51
-1448.39
-1381.2
-1316.57
-1253.92
-1182.4
-1101.81
-1014.17
-919.828
-819.025
-711.987
-598.42
-477.611
-345.37
-197.287
-4.16609
240.705
1799.72
1754.86
1669.69
1539.58
1364.55
1145.83
894.584
632.101
379.708
150.399
-44.5768
-199.915
-321.063
-413.623
-482.142
-535.527
-577.867
-613.985
-647.191
-681.378
-716.79
-754.87
-793.941
-829.551
-848.352
-844.221
-825.723
-796.795
-757.709
-708.31
-649.407
-581.884
-506.321
-422.488
-329.737
-224.466
-101.471
64.5167
294.225
1696.62
1686.63
1646.21
1573.03
1466.41
1323.84
1148.69
946.558
722.883
484.999
240.51
-4.32713
-243.576
-472.117
-685.459
-879.679
-1051.53
-1197.26
-1314.56
-1400.18
-1452.45
-1469.66
-1455.17
-1413.16
-1353.96
-1292.91
-1231.92
-1162.93
-1085
-999.851
-907.862
-809.177
-703.979
-591.963
-472.397
-341.133
-193.838
-1.89132
236.935
1683.68
1647.21
1577.34
1469.13
1322.41
1136.1
916.858
680.131
443.47
220.954
23.2137
-142.175
-274.594
-377.606
-455.528
-514.739
-560.81
-598.659
-632.308
-665.473
-699.495
-735.385
-771.867
-804.961
-824.139
-823.1
-807.321
-780.687
-743.694
-696.282
-639.208
-573.335
-499.217
-416.636
-324.907
-220.454
-98.147
66.756
289.877
1572.74
1565.01
1531.81
1471.14
1382.66
1263.15
1114.89
941.718
747.068
536.529
316.155
91.3254
-132.415
-350.01
-556.69
-748.166
-920.554
-1070.04
-1193.43
-1287.57
-1350.24
-1380.4
-1379.9
-1352.38
-1306.06
-1253.77
-1198.98
-1135.77
-1062.78
-981.698
-893.138
-797.325
-694.509
-584.451
-466.448
-336.442
-190.236
-0.079852
232.522
1561.62
1531.31
1473.33
1383.53
1262.34
1107.76
924.256
723.982
520.021
322.997
142.135
-15.7277
-148.682
-258.067
-346.505
-418.001
-476.773
-526.633
-570.926
-612.688
-653.46
-694.027
-733.445
-768.294
-790.384
-793.78
-782.059
-758.991
-725.261
-680.84
-626.423
-562.858
-490.703
-409.77
-319.376
-216.007
-94.6824
68.5673
284.693
1453.28
1446.97
1419.07
1367.74
1292.81
1190.64
1062.76
911.916
740.104
551.664
351.368
143.779
-65.9482
-272.902
-472.297
-659.596
-830.526
-981.084
-1107.63
-1207.02
-1276.73
-1315.4
-1324.16
-1306.16
-1268.64
-1222.36
-1171.54
-1112.08
-1042.55
-964.488
-878.669
-785.321
-684.675
-576.494
-460.068
-331.4
-186.461
1.53629
227.448
1443.79
1418.38
1369.56
1293.54
1190.98
1059.34
901.553
727.376
547.016
368.623
200.127
47.89
-85.3022
-199.035
-294.284
-373.252
-439.007
-494.663
-543.243
-587.556
-629.467
-669.902
-708.275
-741.795
-764.023
-769.606
-760.425
-739.76
-708.374
-666.241
-613.975
-552.377
-481.978
-402.593
-313.516
-211.279
-91.0878
70.1614
278.834
1341.07
1335.57
1311.46
1267.1
1202.64
1114.33
1003.37
871.841
720.767
553.475
373.627
184.829
-8.44428
-201.742
-390.598
-570.521
-737.087
-886.211
-1013.98
-1117.06
-1192.67
-1239.29
-1257.54
-1250.05
-1222.63
-1184.06
-1138.8
-1084.34
-1019.35
-945.191
-862.758
-772.33
-674.167
-568.072
-453.366
-326.167
-182.667
2.78246
221.662
1333.03
1311.5
1269.96
1204.9
1117.23
1004.21
867.891
716.479
558.303
399.566
246.887
105.828
-20.9593
-132.411
-228.621
-310.793
-381.022
-441.638
-495.075
-543.637
-589
-631.961
-672.026
-706.77
-731.01
-740.052
-734.597
-717.314
-689.05
-649.83
-600.207
-540.954
-472.591
-394.954
-307.346
-206.375
-87.4879
71.3847
272.293
1237.21
1232.14
1210.83
1171.8
1115.46
1038.16
940.83
825.183
691.55
542.539
380.912
209.419
31.8563
-147.903
-325.791
-497.479
-658.616
-805.05
-932.718
-1038.14
-1118.34
-1171.57
-1197.83
-1199.09
-1180.13
-1148.22
-1107.81
-1057.69
-996.738
-926.126
-846.819
-759.157
-663.406
-559.387
-446.439
-320.793
-178.881
3.65018
215.271
1230.49
1212.15
1176.48
1120.22
1044.42
946.278
827.233
694.357
554.622
412.777
274.281
143.948
24.0461
-84.1363
-180.088
-264.23
-337.776
-402.209
-459.325
-510.917
-558.433
-602.593
-643.066
-677.872
-702.936
-714.146
-711.345
-696.59
-670.785
-633.993
-586.681
-529.556
-463.104
-387.162
-301.023
-201.38
-83.9295
72.2075
265.2
1141.63
1136.74
1117.54
1082.64
1032.73
964.28
878.131
775.737
657.036
524.067
378.952
223.726
61.4921
-104.471
-270.56
-432.798
-587.021
-729.138
-855.077
-961.275
-1044.59
-1103.03
-1136.2
-1145.5
-1134.67
-1109.6
-1074.5
-1029.09
-972.513
-905.76
-829.846
-745.176
-652.028
-550.246
-439.205
-315.265
-175.12
4.14162
208.382
1136.11
1120.41
1089.58
1040.54
974.406
888.452
783.704
666.383
542.47
415.702
290.621
171.359
59.7549
-42.9636
-136.038
-219.487
-293.895
-360.148
-419.494
-473.268
-522.62
-568.132
-609.515
-645.086
-671.488
-685.175
-685.427
-673.675
-650.765
-616.777
-572.089
-517.347
-453.012
-378.931
-294.409
-196.244
-80.4128
72.6377
257.679
1053.9
1049.06
1031.46
999.847
955.078
893.85
816.919
725.603
619.576
500.491
369.981
229.496
81.5556
-71.1234
-225.457
-377.858
-524.449
-661.318
-784.476
-890.336
-975.642
-1038.2
-1077.18
-1093.48
-1089.87
-1071.15
-1041.14
-1000.25
-947.902
-884.944
-812.401
-730.739
-640.241
-540.77
-431.727
-309.627
-171.427
4.2321
201.025
1049.45
1036
1009.2
966.159
908.008
832.142
739.295
634.998
524.522
410.853
297.807
188.94
85.6654
-10.971
-100.168
-181.744
-255.872
-322.951
-383.755
-439.148
-489.934
-536.508
-578.585
-614.717
-642.155
-657.825
-660.65
-651.495
-631.135
-599.68
-557.434
-504.966
-442.704
-370.49
-287.631
-191.043
-76.9943
72.6513
249.768
973.41
968.525
952.188
923.228
882.669
827.396
758.142
676.153
580.948
473.901
356.278
229.099
94.4006
-45.6458
-188.432
-330.774
-469.188
-599.999
-719.379
-823.771
-909.901
-975.404
-1019.08
-1041.41
-1044.34
-1031.66
-1006.74
-970.4
-922.342
-863.281
-794.221
-715.677
-627.941
-530.896
-423.978
-303.872
-167.815
3.90671
193.219
969.926
958.388
935.003
897.005
845.532
778.13
695.312
602.058
503.077
400.826
298.553
199.363
104.303
14.1825
-70.2528
-148.76
-221.29
-287.925
-349.054
-405.171
-456.763
-504.031
-546.655
-583.359
-611.809
-629.334
-634.665
-628.173
-610.481
-581.692
-542.029
-491.974
-431.91
-361.683
-280.611
-185.746
-73.6704
72.2501
241.489
899.538
894.572
879.245
852.459
815.384
765.098
702.314
628.228
542.291
445.681
339.394
224.118
101.489
-26.755
-158.455
-290.874
-420.897
-545.153
-660.027
-762.086
-848.077
-915.517
-962.912
-990.331
-999.02
-991.919
-971.892
-939.988
-896.146
-840.975
-775.429
-700.059
-615.165
-520.644
-415.968
-298.009
-164.301
3.1675
184.978
896.909
887.015
866.54
832.839
787.023
726.789
652.502
568.673
479.565
387.246
294.538
204.172
116.895
33.2944
-45.9849
-120.748
-190.861
-256.194
-316.872
-373.075
-425.01
-472.678
-515.697
-552.897
-582.243
-601.391
-608.969
-604.939
-589.751
-563.501
-526.342
-478.666
-420.81
-352.611
-273.404
-180.386
-70.4655
71.439
232.871
831.676
826.611
812.115
787.153
753.007
706.938
649.661
582.336
504.385
416.849
320.533
215.878
104.205
-13.1287
-134.348
-257.117
-378.722
-496.116
-605.945
-704.939
-789.919
-858.345
-908.498
-940.083
-953.805
-951.813
-936.479
-908.92
-869.245
-817.975
-755.992
-683.865
-601.899
-510.007
-407.698
-292.049
-160.897
2.01813
176.334
829.806
821.341
803.365
773.348
732.371
678.272
611.304
535.582
455.01
371.368
287.135
204.743
124.728
47.4861
-26.4812
-97.0547
-164.095
-227.38
-286.851
-342.469
-394.201
-441.874
-485.04
-522.586
-552.685
-573.242
-582.859
-581.183
-568.46
-544.746
-510.12
-464.881
-409.305
-343.223
-265.987
-174.962
-67.3868
70.2321
223.942
769.267
764.103
750.299
726.891
695.243
652.793
600.249
538.749
467.724
388.103
300.563
205.366
103.581
-3.73246
-115.148
-228.695
-342.03
-452.44
-556.862
-652.231
-735.489
-804.078
-856.128
-891.014
-909.033
-911.637
-900.721
-877.354
-841.747
-794.348
-735.948
-667.114
-588.155
-498.991
-399.176
-286.001
-157.612
0.474282
167.319
768.068
760.847
745.031
718.197
681.397
632.592
571.95
503.258
430.11
354.067
277.338
202.124
128.804
57.6067
-11.0929
-77.2781
-140.843
-201.536
-259.21
-313.686
-364.754
-412.088
-455.167
-492.902
-523.607
-545.376
-556.809
-557.322
-546.943
-525.679
-493.541
-450.731
-397.463
-333.557
-258.387
-169.49
-64.4472
68.6394
214.737
711.807
706.55
693.339
671.27
641.784
602.473
554.034
497.598
432.613
359.928
280.13
193.353
100.47
2.30585
-100.018
-204.852
-310.177
-413.62
-512.414
-603.725
-684.659
-752.688
-805.847
-843.228
-864.832
-871.51
-864.706
-845.35
-813.7
-770.126
-715.316
-649.819
-573.937
-487.601
-390.407
-279.873
-154.459
-1.44564
157.969
711.192
705.057
691.123
667.061
633.887
589.686
534.562
471.999
405.343
335.978
265.909
197.143
129.942
64.4148
0.822937
-60.9141
-120.757
-178.475
-233.888
-286.743
-336.708
-383.349
-426.072
-463.8
-494.931
-517.698
-530.719
-533.252
-525.112
-506.231
-476.554
-436.185
-385.269
-323.61
-250.605
-163.98
-61.6551
66.6851
205.29
658.839
653.498
640.806
619.915
592.325
555.76
510.918
458.918
399.235
332.662
259.718
180.446
95.5655
5.70821
-88.2314
-184.889
-282.549
-379.152
-472.236
-559.207
-637.343
-704.196
-757.762
-796.906
-821.404
-831.625
-828.583
-813.023
-785.185
-745.363
-694.132
-632.001
-559.26
-475.847
-381.4
-273.674
-151.44
-3.72395
148.33
658.736
653.545
641.257
619.627
589.624
549.453
499.169
441.993
381.043
317.579
253.432
190.453
128.82
68.5556
9.83471
-47.5177
-103.531
-158.034
-210.856
-261.708
-310.198
-355.815
-397.919
-435.435
-466.811
-490.369
-504.756
-509.125
-503.092
-486.503
-459.234
-421.294
-372.755
-313.401
-242.657
-158.445
-59.0195
64.3869
195.643
609.95
604.541
592.316
572.481
546.569
512.428
470.766
422.684
367.684
306.521
239.659
167.083
89.3975
7.08432
-79.1563
-168.197
-258.595
-348.573
-435.96
-518.404
-593.387
-658.558
-711.914
-752.164
-778.901
-792.14
-792.489
-780.478
-756.285
-720.117
-672.435
-613.686
-544.141
-463.74
-372.165
-267.415
-148.565
-6.33226
138.447
610.302
605.936
595.087
575.601
548.389
511.77
465.757
413.34
357.439
299.211
240.342
182.559
125.985
70.5799
16.443
-36.6677
-88.8577
-140.016
-190.016
-238.572
-285.273
-329.574
-370.802
-407.888
-439.304
-463.443
-478.974
-484.986
-480.919
-466.523
-441.602
-406.075
-359.935
-302.945
-234.557
-152.895
-56.5449
61.7737
185.834
564.785
559.327
547.527
528.647
504.232
472.256
433.425
388.824
337.985
281.632
220.19
153.609
82.3971
6.92281
-72.2723
-154.259
-237.827
-321.456
-403.238
-481.069
-552.635
-615.714
-668.333
-709.102
-737.469
-753.211
-756.565
-747.829
-727.09
-694.458
-650.273
-594.907
-528.601
-451.297
-362.715
-261.105
-145.833
-9.24146
128.364
565.531
561.892
552.31
534.72
509.975
476.502
434.282
386.092
334.679
281.115
226.971
173.863
121.881
70.9373
21.0849
-27.9814
-76.425
-124.204
-171.244
-217.295
-261.958
-304.686
-344.804
-381.249
-412.509
-437.017
-453.471
-460.928
-458.672
-446.357
-423.712
-390.567
-346.838
-292.263
-226.321
-147.344
-54.2332
58.8739
175.905
523.021
517.53
506.126
488.115
465.054
435.028
398.737
357.248
310.131
258.077
201.485
140.278
74.8939
5.61002
-67.1485
-142.62
-219.802
-297.387
-373.721
-446.928
-514.907
-575.571
-627.01
-667.791
-697.234
-714.985
-720.946
-715.192
-697.696
-668.46
-627.7
-575.703
-512.668
-438.535
-353.064
-254.75
-143.243
-12.4166
118.138
524.105
521.102
512.642
496.738
474.187
443.514
404.679
360.267
312.864
263.477
213.574
164.681
116.861
70.0055
24.1276
-21.1163
-65.9476
-110.383
-154.403
-197.815
-240.256
-281.199
-319.991
-355.589
-386.493
-411.165
-428.329
-437.026
-436.42
-426.063
-405.61
-374.806
-333.491
-281.375
-217.967
-141.801
-52.0856
55.7229
165.906
484.364
478.861
467.83
450.622
428.795
400.537
366.54
327.855
284.083
235.889
183.65
127.276
67.1483
3.47995
-63.4048
-132.879
-204.111
-275.991
-347.082
-415.725
-480.02
-538.029
-587.93
-628.278
-658.304
-677.591
-685.766
-682.689
-668.204
-642.203
-604.777
-556.118
-496.373
-425.477
-343.228
-248.361
-140.792
-15.8199
107.82
485.74
483.296
475.832
461.431
440.837
412.673
376.874
335.854
292.053
246.422
200.342
155.256
111.216
68.1007
25.8951
-15.7686
-57.1539
-98.3327
-139.34
-180.044
-220.135
-259.132
-296.417
-330.976
-361.328
-385.966
-403.632
-413.365
-414.239
-405.708
-387.351
-358.837
-319.93
-270.309
-209.512
-136.278
-50.0973
52.3551
155.886
448.559
443.065
432.388
415.927
395.234
368.588
336.677
300.531
259.781
215.068
166.755
114.741
59.369
0.796576
-60.732
-124.697
-190.411
-256.934
-323.018
-387.202
-447.783
-502.973
-551.05
-590.589
-620.768
-641.148
-651.151
-650.438
-638.718
-615.774
-581.572
-536.202
-479.754
-412.15
-333.224
-241.943
-138.471
-19.4108
97.4678
450.183
448.233
441.655
428.598
409.757
383.848
350.785
312.826
272.277
230.039
187.414
145.78
105.18
65.4844
26.6621
-11.6684
-49.7974
-87.8428
-125.893
-163.879
-201.549
-238.478
-274.102
-307.453
-337.077
-361.488
-379.456
-390.022
-392.204
-385.358
-368.994
-342.708
-306.19
-259.093
-200.978
-130.784
-48.2629
48.8095
145.891
415.378
409.907
399.571
383.81
364.165
339.001
308.998
275.165
237.157
195.598
150.835
102.766
51.6967
-2.2497
-58.8897
-117.8
-178.405
-239.91
-301.24
-361.111
-418
-470.269
-516.303
-554.724
-584.691
-605.756
-617.219
-618.556
-609.345
-589.263
-558.158
-516.013
-462.852
-398.583
-323.072
-235.503
-136.268
-23.144
87.1388
417.212
415.693
409.903
398.052
380.791
356.917
326.332
291.146
253.542
214.381
174.895
136.395
98.9271
62.358
26.6494
-8.58565
-43.6575
-78.7174
-113.903
-149.204
-184.427
-219.213
-253.057
-285.056
-313.789
-337.795
-355.877
-367.079
-370.392
-365.085
-350.601
-326.469
-292.314
-247.757
-192.387
-125.328
-46.5729
45.1277
135.972
384.611
379.178
369.17
354.072
335.403
311.606
283.36
251.64
216.136
177.445
135.906
91.4145
44.2527
-5.4872
-57.6698
-111.939
-167.825
-224.651
-281.492
-337.223
-390.484
-439.784
-483.62
-520.672
-550.116
-571.503
-584.078
-587.154
-580.19
-562.767
-534.614
-495.612
-445.714
-384.811
-312.791
-229.047
-134.17
-26.9719
76.8944
386.62
385.48
380.391
369.626
353.794
331.764
303.43
270.768
235.846
199.487
162.86
127.217
92.6061
58.9011
26.0557
-6.31538
-38.5319
-70.7741
-103.218
-135.9
-168.688
-201.293
-233.278
-263.806
-291.502
-314.941
-332.959
-344.609
-348.879
-344.96
-332.235
-310.176
-278.346
-236.337
-183.761
-119.918
-45.0165
41.3495
126.18
356.068
350.69
341
326.533
308.775
286.249
259.624
229.848
196.634
160.565
121.963
80.7296
37.1231
-8.78548
-56.8974
-106.914
-158.446
-210.923
-263.542
-315.323
-365.052
-411.376
-452.912
-488.407
-517.068
-538.458
-551.821
-556.336
-551.36
-536.38
-511.023
-475.066
-428.392
-370.867
-302.404
-222.578
-132.16
-30.8506
66.7905
358.222
357.419
352.952
343.169
328.631
308.28
281.999
251.641
219.171
185.373
151.362
118.331
86.3337
55.2497
25.034
-4.69247
-34.254
-63.852
-93.6903
-123.845
-154.245
-184.665
-214.741
-243.707
-270.247
-292.973
-310.762
-322.685
-327.739
-325.055
-313.965
-293.887
-264.333
-224.867
-175.123
-114.562
-43.5779
37.5181
116.565
329.581
324.269
314.892
301.027
284.125
262.784
237.664
209.681
178.575
144.906
108.989
70.7275
30.364
-12.0466
-56.4357
-102.553
-150.074
-198.51
-247.174
-295.204
-341.525
-384.908
-424.086
-457.885
-485.552
-506.676
-520.534
-526.204
-522.958
-510.201
-487.47
-454.446
-410.942
-356.795
-291.933
-216.102
-130.216
-34.729
56.8875
331.854
331.344
327.437
318.543
305.181
286.359
261.958
233.715
203.493
172.046
140.434
109.798
80.1957
51.5165
23.7167
-3.57181
-30.672
-57.7987
-85.1769
-112.919
-141.001
-169.262
-197.408
-224.751
-250.036
-271.926
-289.34
-301.371
-307.043
-305.442
-295.857
-277.664
-250.326
-213.386
-166.498
-109.266
-42.2412
33.6756
107.174
304.996
299.761
290.693
277.401
261.306
241.078
217.357
191.036
161.875
130.414
96.9597
61.4197
24.0204
-15.1954
-56.1765
-98.7147
-142.54
-187.232
-232.2
-276.686
-319.739
-360.246
-397.047
-429.051
-455.559
-476.193
-490.282
-496.841
-495.076
-484.325
-464.041
-433.828
-393.422
-342.633
-281.404
-209.62
-128.319
-38.5592
47.2418
307.366
307.112
303.704
295.618
283.328
265.907
243.232
216.935
188.782
159.498
130.095
101.661
74.2602
47.7918
22.2138
-2.83104
-27.6569
-52.4859
-77.5555
-103.009
-128.866
-155.02
-181.242
-206.92
-230.878
-251.825
-268.735
-280.725
-286.857
-286.191
-277.979
-261.566
-236.378
-201.936
-157.91
-104.036
-40.9882
29.8634
98.0543
282.172
277.025
268.261
255.519
240.188
221.004
198.592
173.816
146.456
117.032
85.8417
52.7993
18.1171
-18.1729
-56.0312
-95.2831
-135.702
-176.93
-218.45
-259.602
-299.539
-337.257
-371.696
-401.848
-427.075
-447.036
-461.125
-468.327
-467.805
-458.841
-440.827
-413.285
-375.893
-328.43
-270.838
-203.137
-126.441
-42.2927
37.9083
284.618
284.588
281.627
274.274
262.965
246.83
225.747
201.246
175.004
147.72
120.355
93.9511
68.5767
44.1397
20.604
-2.37286
-25.0994
-47.7962
-70.7111
-94.0077
-117.744
-141.859
-166.188
-190.192
-212.767
-232.688
-248.984
-260.801
-267.246
-267.368
-260.399
-245.657
-222.54
-190.554
-149.386
-98.8749
-39.8005
26.1219
89.2494
260.983
255.932
247.466
235.254
220.649
202.448
181.262
157.928
132.239
104.702
75.5987
44.854
12.6652
-20.9378
-55.9322
-92.1647
-129.445
-167.466
-205.778
-243.802
-280.781
-315.812
-347.93
-376.206
-400.064
-419.213
-433.105
-440.732
-441.227
-433.84
-417.91
-392.897
-358.419
-314.227
-260.269
-196.652
-124.561
-45.8889
28.9379
263.483
263.649
261.09
254.405
243.995
229.045
209.432
186.594
162.123
136.69
111.213
86.6865
63.1826
40.6185
18.9614
-2.11252
-22.9015
-43.627
-64.5377
-85.8162
-107.544
-129.705
-152.189
-174.525
-195.69
-214.524
-230.112
-241.642
-248.265
-249.038
-243.182
-229.999
-208.867
-179.284
-140.949
-93.7891
-38.6569
22.4861
80.7991
241.309
236.363
228.189
216.488
202.573
185.302
165.27
143.283
119.151
93.3627
66.1905
37.5626
7.67098
-23.4649
-55.8249
-89.2804
-123.669
-158.724
-194.053
-229.148
-263.334
-295.793
-325.653
-352.056
-374.492
-392.72
-406.25
-414.11
-415.419
-409.405
-395.374
-372.738
-341.066
-300.075
-249.716
-190.172
-122.656
-49.3007
20.3755
243.848
244.186
241.988
235.912
226.327
212.471
194.22
172.926
150.1
126.387
102.662
79.875
58.1006
37.2659
17.3405
-1.98251
-20.9894
-39.8953
-58.9503
-78.3445
-98.1832
-118.485
-139.186
-159.883
-179.628
-197.332
-212.14
-223.283
-229.964
-231.258
-226.39
-214.652
-195.413
-168.167
-132.623
-88.7825
-37.5404
18.9957
72.7396
223.044
218.209
210.322
199.115
185.86
169.468
150.524
129.798
107.12
82.9577
57.5751
30.9051
3.12947
-25.7316
-55.6695
-86.5682
-118.29
-150.603
-183.164
-215.521
-247.075
-277.089
-304.766
-329.328
-350.316
-367.546
-380.583
-388.508
-390.444
-385.614
-373.301
-352.886
-323.894
-286.023
-239.21
-183.695
-120.696
-52.4916
12.2646
225.607
226.093
224.219
218.701
209.877
197.032
180.046
160.189
138.895
116.784
94.6905
73.5175
53.3448
34.1069
15.7788
-1.93153
-19.296
-36.5257
-53.8645
-71.5089
-89.58
-108.125
-127.117
-146.217
-164.552
-181.105
-195.077
-205.753
-212.386
-214.083
-210.08
-199.674
-182.23
-157.243
-124.436
-83.8584
-36.4274
15.6791
65.102
206.089
201.37
193.766
183.036
170.41
154.854
136.935
117.396
96.0782
73.4325
49.711
24.854
-0.965247
-27.7306
-55.4349
-83.9781
-113.241
-143.018
-173.012
-202.818
-231.902
-259.596
-285.182
-307.945
-327.485
-343.669
-356.108
-363.959
-366.357
-362.532
-351.764
-333.411
-306.97
-272.115
-228.777
-177.226
-118.665
-55.4226
4.64337
208.663
209.276
207.693
202.688
194.564
182.658
166.849
148.333
128.47
107.854
87.2802
67.6101
48.9242
31.1642
14.3091
-1.9161
-17.7705
-33.4559
-49.2125
-65.2374
-81.6615
-98.5539
-115.923
-133.482
-150.431
-165.825
-178.926
-189.071
-195.565
-197.558
-194.306
-185.119
-169.368
-146.552
-116.408
-79.0204
-35.3041
12.5663
57.9109
190.353
185.754
178.428
168.16
156.135
141.373
124.425
106.002
85.9591
64.7287
42.5545
19.3794
-4.62971
-29.4575
-55.1016
-81.4711
-108.464
-135.9
-163.512
-190.942
-217.713
-243.219
-266.81
-287.837
-305.947
-321.056
-332.826
-340.487
-343.201
-340.22
-330.829
-314.381
-290.353
-258.401
-218.444
-170.769
-116.54
-58.0649
-2.45932
192.925
193.649
192.328
187.792
180.317
169.282
154.571
137.308
118.782
99.565
80.4122
62.1427
44.8387
28.4486
12.9536
-1.90399
-16.3695
-30.6366
-44.9364
-59.4651
-74.3612
-89.7089
-105.545
-121.629
-137.23
-151.473
-163.684
-173.25
-179.528
-181.724
-179.117
-171.037
-156.873
-136.134
-108.563
-74.2724
-34.1528
9.68078
51.187
175.75
171.276
164.223
154.401
142.952
128.947
112.917
95.5459
76.6998
56.7939
36.0608
14.4502
-7.8803
-30.9151
-54.6558
-79.0194
-103.916
-129.185
-154.591
-179.814
-204.423
-227.873
-249.571
-268.931
-285.648
-299.676
-310.726
-318.104
-321.012
-318.728
-310.559
-295.86
-274.1
-244.925
-208.239
-164.331
-114.303
-60.3916
-9.02004
178.313
179.13
178.044
173.939
167.065
156.841
143.156
127.066
109.793
91.8858
74.0622
57.101
41.0831
25.963
11.7259
-1.87082
-15.0589
-28.0231
-40.9852
-54.1366
-67.6191
-81.5292
-95.9242
-110.606
-124.908
-138.025
-149.34
-158.294
-164.297
-166.612
-164.551
-157.474
-144.787
-126.02
-100.924
-69.6192
-32.9591
7.04326
44.9456
162.204
157.856
151.071
141.681
130.785
117.5
102.341
85.9634
68.2431
49.5782
30.1906
10.0357
-10.7362
-32.1115
-54.0904
-76.5998
-99.5582
-122.825
-146.188
-169.361
-191.955
-213.478
-233.39
-251.164
-266.533
-279.49
-289.792
-296.816
-299.813
-298.098
-291.005
-277.904
-258.266
-231.729
-198.188
-157.914
-111.942
-62.3809
-15.0189
164.747
165.644
164.77
161.062
154.743
145.275
132.55
117.56
101.464
84.7847
68.2066
52.4677
37.6484
23.7082
10.6345
-1.80023
-13.8145
-25.5827
-37.3176
-49.2036
-61.3832
-73.9612
-87.0099
-100.367
-113.426
-125.45
-135.877
-144.204
-149.885
-152.249
-150.645
-144.467
-133.152
-116.245
-93.5098
-65.0652
-31.7143
4.66725
39.195
149.64
145.421
138.899
129.927
119.56
106.962
92.6309
77.1918
60.5322
43.0315
24.9024
6.1048
-13.2181
-33.0538
-53.4028
-74.1966
-95.3647
-116.781
-138.252
-159.523
-180.241
-199.963
-218.197
-234.466
-248.546
-260.458
-269.999
-276.618
-279.619
-278.361
-272.211
-260.562
-242.898
-218.855
-188.315
-151.529
-109.444
-64.0174
-20.4466
152.157
153.122
152.438
149.095
143.292
134.53
122.705
108.747
93.7555
78.2301
62.8209
48.2256
34.5245
21.6806
9.68373
-1.68056
-12.6156
-23.2874
-33.8975
-44.6236
-55.6054
-66.9535
-78.7508
-90.8644
-102.746
-113.719
-123.277
-130.968
-136.295
-138.65
-137.425
-132.052
-122
-106.838
-86.3393
-60.6179
-30.4097
2.56364
33.9366
137.993
133.904
127.64
119.072
109.213
97.2708
83.725
69.1743
53.5134
37.1062
20.1552
2.62432
-15.3506
-33.756
-52.5935
-71.8004
-91.312
-111.016
-130.737
-150.245
-169.222
-187.264
-203.927
-218.781
-231.633
-242.535
-251.32
-257.502
-260.439
-259.539
-254.211
-243.877
-228.039
-206.339
-178.646
-145.184
-106.806
-65.2934
-25.298
140.477
141.497
140.985
137.978
132.656
124.553
113.57
100.584
86.6305
72.1901
57.8779
44.3538
31.6957
19.8711
8.87049
-1.50558
-11.4494
-21.1168
-30.6975
-40.3622
-50.2469
-60.4628
-71.1007
-82.0536
-92.8254
-102.797
-111.515
-118.574
-123.528
-125.827
-124.911
-120.253
-111.359
-97.8233
-79.43
-56.2805
-29.0422
0.737167
29.169
127.199
123.241
117.229
109.052
99.6807
88.3644
75.5661
61.856
47.1371
31.7579
15.9113
-0.436601
-17.1554
-34.2322
-51.6677
-69.4046
-87.3841
-105.504
-123.606
-141.481
-158.843
-175.324
-190.522
-204.048
-215.743
-225.678
-233.723
-239.447
-242.27
-241.646
-237.031
-227.883
-213.726
-194.212
-169.204
-138.889
-104.025
-66.2038
-29.5755
129.645
130.711
130.352
127.655
122.78
115.293
105.102
93.0285
80.0526
66.6323
53.3509
40.8299
29.146
18.2693
8.19131
-1.27412
-10.3074
-19.055
-27.6952
-36.3904
-45.271
-54.4484
-64.0174
-73.8921
-83.6238
-92.6503
-100.564
-107.006
-111.575
-113.782
-113.115
-109.089
-101.25
-89.2212
-72.7965
-52.0613
-27.6088
-0.812859
24.8838
117.201
113.374
107.608
99.8085
90.9053
80.1867
68.0989
55.185
41.3558
26.9439
12.1328
-3.10864
-18.6559
-34.4967
-50.6311
-67.0064
-83.5677
-100.222
-116.827
-133.194
-149.06
-164.09
-177.926
-190.215
-200.824
-209.842
-217.169
-222.431
-225.102
-224.688
-220.688
-212.604
-199.987
-182.504
-160.01
-132.656
-101.104
-66.7515
-33.2867
119.603
120.706
120.485
118.075
113.614
106.704
97.2564
86.0417
73.9858
61.5258
49.2126
37.6324
26.858
16.8633
7.63985
-0.986595
-9.18401
-17.0899
-24.8717
-32.6824
-40.6471
-48.875
-57.4619
-66.3399
-75.1036
-83.2426
-90.3939
-96.2396
-100.424
-102.512
-102.042
-98.5736
-91.6907
-81.0484
-66.4515
-47.9669
-26.1133
-2.08921
21.0683
107.943
104.248
98.7221
91.2871
82.833
72.6852
61.2731
49.1137
36.1255
22.6242
8.78408
-5.42216
-19.8765
-34.5664
-49.493
-64.6051
-79.8541
-95.1545
-110.376
-125.346
-139.829
-153.519
-166.091
-177.23
-186.825
-194.982
-201.625
-206.428
-208.921
-208.66
-205.192
-198.059
-186.846
-171.237
-151.082
-126.499
-98.0489
-66.9433
-36.4449
110.298
111.43
111.333
109.186
105.113
98.7425
89.9927
79.5863
68.3967
56.84
45.4369
34.7384
24.8139
15.6392
7.20699
-0.646042
-8.07681
-15.2131
-22.2125
-29.218
-36.3492
-43.7108
-51.3988
-59.3596
-67.2271
-74.5392
-80.9729
-86.2504
-90.0566
-92.0077
-91.6915
-88.7109
-82.691
-73.317
-60.4054
-44.0052
-24.5605
-3.1025
17.7047
99.3757
95.8103
90.5189
83.4366
75.413
65.8106
55.0413
43.5976
31.4034
18.7596
5.83131
-7.40569
-20.8395
-34.4588
-48.2627
-62.2042
-76.2379
-90.2862
-104.23
-117.911
-131.116
-143.568
-154.972
-165.046
-173.701
-181.052
-187.047
-191.405
-193.705
-193.553
-190.542
-184.258
-174.32
-160.431
-142.44
-120.43
-94.8713
-66.7927
-39.0698
101.68
102.833
102.846
100.943
97.2303
91.366
83.272
73.6264
63.2527
52.5459
41.9977
32.1252
22.9942
14.5824
6.88239
-0.258088
-6.98561
-13.4197
-19.7065
-25.9804
-32.3542
-38.9276
-45.7958
-52.9156
-59.9576
-66.5041
-72.2687
-77.0097
-80.4499
-82.2537
-82.0551
-79.5011
-74.2555
-66.0344
-54.6666
-40.1836
-22.9585
-3.86459
14.7726
91.4511
88.0148
82.9513
76.2093
68.5986
59.5169
49.3595
38.594
27.1503
15.3144
3.24296
-9.08676
-21.5681
-34.1896
-46.9507
-59.8066
-72.716
-85.6066
-98.37
-110.863
-122.89
-134.199
-144.526
-153.619
-161.406
-168.009
-173.398
-177.328
-179.429
-179.351
-176.733
-171.204
-162.417
-150.098
-134.097
-114.464
-91.5845
-66.3166
-41.1839
93.7017
94.8703
94.9821
93.3037
89.9263
84.5352
77.0574
68.1279
58.5218
48.6147
38.8696
29.7709
21.3805
13.6776
6.65494
0.170091
-5.91322
-11.7063
-17.3453
-22.9554
-28.6421
-34.5009
-40.6233
-46.9752
-53.2602
-59.102
-64.2477
-68.4868
-71.5782
-73.2301
-73.1199
-70.937
-66.3832
-59.2037
-49.2409
-36.5094
-21.3169
-4.39138
12.247
84.1249
80.8162
75.9746
69.5604
62.3456
53.761
44.1858
34.063
23.3288
12.2541
0.987033
-10.4928
-22.0843
-33.7763
-45.5678
-57.4173
-69.286
-81.1072
-92.7817
-104.179
-115.121
-125.38
-134.717
-142.907
-149.896
-155.81
-160.635
-164.16
-166.062
-166.032
-163.751
-158.892
-151.141
-140.249
-126.066
-108.616
-88.205
-65.5364
-42.814
86.3197
87.4978
87.6975
86.2262
83.1611
78.213
71.3138
63.0581
54.1744
45.019
36.0279
27.6533
19.954
12.9096
6.5129
0.63114
-4.86244
-10.0715
-15.1225
-20.1313
-25.1969
-30.4089
-35.8548
-41.5084
-47.1028
-52.2991
-56.8754
-60.6494
-63.4124
-64.9123
-64.8676
-63.0065
-59.0674
-52.8239
-44.1313
-32.99
-19.648
-4.70246
10.1013
77.3557
74.1728
69.5466
63.4485
56.613
48.5028
39.4813
29.9679
19.9038
9.54631
-0.965071
-11.6486
-22.409
-33.235
-44.1258
-55.042
-65.9474
-76.781
-87.4519
-97.8403
-107.785
-117.079
-125.508
-132.871
-139.13
-144.412
-148.717
-151.863
-153.57
-153.568
-151.578
-147.311
-140.49
-130.886
-118.356
-102.9
-84.7516
-64.4764
-43.9916
79.4928
80.6754
80.953
79.6724
76.8981
72.3645
66.0087
58.3862
50.1818
41.7329
33.4488
25.7515
18.6957
12.2627
6.44419
1.11676
-3.83753
-8.51502
-13.0328
-17.4981
-22.0026
-26.6309
-31.4654
-36.4861
-41.4529
-46.0616
-50.1173
-53.464
-55.9213
-57.2731
-57.2754
-55.693
-52.2975
-46.89
-39.3389
-29.6321
-17.9648
-4.81839
8.30673
71.1046
68.0456
63.6284
57.8344
51.3624
43.7049
35.2095
26.2735
16.843
7.16113
-2.64027
-12.5781
-22.5621
-32.5817
-42.6354
-52.6864
-62.7013
-72.6234
-82.3693
-91.8303
-100.859
-109.269
-116.867
-123.476
-129.068
-133.773
-137.601
-140.397
-141.918
-141.93
-140.191
-136.448
-130.456
-122.011
-110.976
-97.3294
-81.244
-63.1641
-44.7492
73.1827
74.3652
74.7115
73.6066
71.1026
66.9566
61.1106
54.0835
46.5171
38.7313
31.1096
24.0452
17.5887
11.7223
6.43714
1.61847
-2.84328
-7.03758
-11.0725
-15.0472
-19.0465
-23.149
-27.4324
-31.8812
-36.2802
-40.3563
-43.9392
-46.8959
-49.0716
-50.2819
-50.3171
-48.975
-46.0586
-41.3938
-34.862
-26.4417
-16.2813
-4.76196
6.83231
65.3356
62.3981
58.1834
52.6821
46.5578
39.3319
31.3368
22.948
14.1156
5.07001
-4.0649
-13.3041
-22.5633
-31.8317
-41.1077
-50.3569
-59.5484
-68.6296
-77.5246
-86.1332
-94.3226
-101.924
-108.763
-114.685
-119.673
-123.853
-127.247
-129.722
-131.068
-131.084
-129.561
-126.28
-121.028
-113.62
-103.928
-91.9166
-77.7036
-61.6282
-45.122
67.3535
68.5319
68.9386
67.9948
65.7421
61.9586
56.5906
50.122
43.1545
35.9905
28.9888
22.5151
16.616
11.2741
6.4805
2.12813
-1.88442
-5.64002
-9.23844
-12.7712
-16.3162
-19.9466
-23.7347
-27.6688
-31.5557
-35.1515
-38.3073
-40.9106
-42.8292
-43.9066
-43.9639
-42.8287
-40.3322
-36.3239
-30.6971
-23.4231
-14.6113
-4.55678
5.64724
60.0145
57.1963
53.1775
47.9575
42.1658
35.3514
27.8313
19.9606
11.6932
3.24661
-5.26238
-13.8477
-22.4301
-30.9993
-39.5535
-48.0599
-56.4907
-64.797
-72.909
-80.7358
-88.1568
-95.019
-101.168
-106.466
-110.906
-114.613
-117.614
-119.796
-120.98
-120.994
-119.658
-116.785
-112.188
-105.705
-97.2165
-86.6734
-74.1514
-59.8986
-45.1459
61.9716
63.1423
63.6017
62.8059
60.7865
57.3411
52.4208
46.476
40.07
33.4883
27.0663
21.143
15.7614
10.9047
6.56336
2.63791
-0.965604
-4.32368
-7.52834
-10.6634
-13.8009
-17.0082
-20.3521
-23.8241
-27.2513
-30.4157
-33.188
-35.4729
-37.1587
-38.1131
-38.1844
-37.2271
-35.0976
-31.6663
-26.8384
-20.5801
-12.9683
-4.22602
4.72004
55.1097
52.4081
48.5789
43.629
38.1551
31.7326
24.6637
17.2833
9.54906
1.66637
-6.25542
-14.229
-22.1796
-30.0978
-37.982
-45.8013
-53.5297
-61.1222
-68.5149
-75.6251
-82.3435
-88.5325
-94.0541
-98.7878
-102.734
-106.014
-108.661
-110.579
-111.615
-111.623
-110.449
-107.935
-103.918
-98.2566
-90.8395
-81.6101
-70.6073
-58.0056
-44.8581
57.0054
58.1651
58.6703
58.01
56.2069
53.077
48.5753
43.1211
37.241
31.2037
25.3227
19.9116
15.0099
10.6011
6.67532
3.14012
-0.0913089
-3.08964
-5.93952
-8.71786
-11.4906
-14.3194
-17.2664
-20.3249
-23.3405
-26.1191
-28.5483
-30.5482
-32.0246
-32.8665
-32.9463
-32.1415
-30.3312
-27.4048
-23.2782
-17.9151
-11.3655
-3.79345
4.01953
50.5913
48.0037
44.3576
39.6669
34.4967
28.447
21.8061
14.8896
7.65844
0.3061
-7.06488
-14.466
-21.8276
-29.1404
-36.4028
-43.5861
-50.6664
-57.6022
-64.3349
-70.7895
-76.8668
-82.4433
-87.3959
-91.6199
-95.1218
-98.0196
-100.349
-102.03
-102.932
-102.932
-101.9
-99.7003
-96.1955
-91.2609
-84.7945
-76.7347
-67.092
-55.979
-44.2953
52.4255
53.5715
54.1158
53.5794
51.9765
49.1403
45.0299
40.0345
34.646
29.1173
23.7403
18.8052
14.3476
10.3516
6.80704
3.62816
0.734496
-1.93888
-4.46966
-6.92825
-9.37505
-11.8665
-14.4594
-17.1491
-19.7975
-22.2324
-24.3563
-26.1023
-27.3918
-28.1319
-28.2161
-27.5419
-26.0082
-23.5214
-20.0075
-15.4289
-9.8149
-3.28105
3.51542
46.4318
43.9553
40.4858
36.0436
31.1632
25.4682
19.2331
12.755
5.9981
-0.855385
-7.71007
-14.5762
-21.3884
-28.1386
-34.8246
-41.4203
-47.9029
-54.2349
-60.3625
-66.2175
-71.7105
-76.7305
-81.1688
-84.9338
-88.0373
-90.5932
-92.6395
-94.1086
-94.8914
-94.8825
-93.9742
-92.0514
-88.9971
-84.7031
-79.0769
-72.0543
-63.6233
-53.8476
-43.4934
48.2045
49.334
49.9115
49.488
48.0702
45.5071
41.7615
37.1947
32.2651
27.2106
22.3026
17.8088
13.7617
10.1457
6.95021
4.09592
1.50848
-0.871945
-3.11634
-5.28905
-7.44513
-9.63613
-11.9141
-14.2758
-16.5978
-18.7275
-20.5807
-22.1018
-23.2253
-23.8743
-23.96
-23.3974
-22.1026
-19.9968
-17.0156
-13.1213
-8.32697
-2.71008
3.17884
42.605
40.2366
36.9375
32.7333
28.1292
22.7714
16.9207
10.857
4.54696
-1.83806
-8.20884
-14.5752
-20.8756
-27.103
-33.2551
-39.3076
-45.2399
-51.0172
-56.5906
-61.8983
-66.8597
-71.3752
-75.3487
-78.7014
-81.449
-83.7004
-85.4949
-86.7762
-87.4528
-87.4359
-86.6358
-84.9558
-82.2974
-78.5664
-73.68
-67.5733
-60.2177
-51.6387
-42.4873
44.3163
45.4273
46.0324
45.7114
44.4642
42.1547
38.749
34.5817
30.0799
25.4667
20.9943
16.9092
13.2406
9.97363
7.09725
4.5381
2.22778
0.111182
-1.8766
-3.79419
-5.69162
-7.61592
-9.61439
-11.6849
-13.7177
-15.5773
-17.1916
-18.5144
-19.4914
-20.0593
-20.1445
-19.6772
-18.5879
-16.811
-14.2908
-10.9904
-6.91095
-2.10031
2.98204
39.0866
36.8234
33.6884
29.7119
25.3711
20.3336
14.8471
9.17448
3.28513
-2.66015
-8.57789
-14.4773
-20.3013
-26.0433
-31.7012
-37.2523
-42.678
-47.9463
-53.0127
-57.8213
-62.2998
-66.3587
-69.9135
-72.8965
-75.3268
-77.3075
-78.8791
-79.9948
-80.5777
-80.5539
-79.8488
-78.3818
-76.0699
-72.8326
-68.5954
-63.2948
-56.8902
-49.3781
-41.3106
40.7369
41.8274
42.455
42.2268
41.1367
39.0622
35.9724
32.177
28.0733
23.87
19.8014
16.0939
12.7739
9.82686
7.24164
4.95042
2.89035
1.01075
-0.747475
-2.43774
-4.10551
-5.79338
-7.54441
-9.3573
-11.1344
-12.7559
-14.1598
-15.3085
-16.1569
-16.6531
-16.7367
-16.3504
-15.4376
-13.9434
-11.8201
-9.03283
-5.57422
-1.46911
2.89967
35.854
33.693
30.7158
26.9571
22.8671
18.1334
12.9914
7.68782
2.19421
-3.3383
-8.83224
-14.2961
-19.6769
-24.9683
-30.169
-35.2578
-40.2176
-45.0193
-49.6225
-53.9766
-58.0167
-61.663
-64.8412
-67.4934
-69.6413
-71.3825
-72.7574
-73.7276
-74.2284
-74.1991
-73.5775
-72.2972
-70.2884
-67.4826
-63.8134
-59.2198
-53.6535
-47.089
-39.9946
37.4439
38.5119
39.1572
39.0129
38.067
36.2098
33.4132
29.9634
26.2292
22.4061
18.7111
15.3518
12.3521
9.69772
7.37763
5.32923
3.4948
1.82783
0.274507
-1.21366
-2.67783
-4.15664
-5.68914
-7.27445
-8.82609
-10.2383
-11.4579
-12.454
-13.19
-13.6233
-13.7046
-13.3872
-12.6252
-11.3732
-9.59045
-7.24459
-4.32246
-0.832191
2.90827
32.8859
30.8241
27.9986
24.448
20.5965
16.151
11.3348
6.37903
1.25764
-3.88788
-8.98554
-14.0433
-19.012
-23.886
-28.6639
-33.3266
-37.8584
-42.2327
-46.4131
-50.3538
-53.9966
-57.2706
-60.1106
-62.4674
-64.3646
-65.8945
-67.0963
-67.939
-68.3687
-68.335
-67.7872
-66.6704
-64.9264
-62.4969
-59.3235
-55.348
-50.518
-44.7925
-38.5682
34.416
35.4602
36.1188
36.0497
35.2358
33.5791
31.054
27.9247
24.533
21.0618
17.7116
14.6729
11.9668
9.57971
7.5006
5.67181
4.04043
2.56382
1.19307
-0.115673
-1.39978
-2.69408
-4.03386
-5.41877
-6.77221
-8.00084
-9.05926
-9.92238
-10.5605
-10.9388
-11.0173
-10.7585
-10.1249
-9.07955
-7.58787
-5.62028
-3.15999
-0.203125
2.98662
30.1626
28.1969
25.5171
22.1651
18.5404
14.368
9.85948
5.23149
0.459745
-4.32323
-9.05061
-13.7299
-18.3158
-22.803
-27.1907
-31.4609
-35.5997
-39.583
-43.3779
-46.9428
-50.2261
-53.1647
-55.7016
-57.7952
-59.4703
-60.8138
-61.8638
-62.5953
-62.9634
-62.9268
-62.4442
-61.4704
-59.9573
-57.8555
-55.1135
-51.6773
-47.4923
-42.5073
-37.0583
31.6337
32.6526
33.3206
33.3186
32.6252
31.153
28.8788
26.046
22.9711
19.825
16.7925
14.0481
11.6108
9.46726
7.60679
5.97626
4.5272
3.22071
2.01241
0.862544
-0.26251
-1.39429
-2.56454
-3.77332
-4.95282
-6.0209
-6.93878
-7.68627
-8.23936
-8.56992
-8.6455
-8.43619
-7.91184
-7.04224
-5.79839
-4.15366
-2.08931
0.406598
3.11587
27.6657
25.7929
23.253
20.0905
16.6812
12.7674
8.54929
4.22983
-0.213658
-4.65711
-9.03882
-13.3658
-17.5963
-21.7255
-25.7528
-29.662
-33.4404
-37.0663
-40.5098
-43.7339
-46.6922
-49.329
-51.5945
-53.4538
-54.9326
-56.1122
-57.0294
-57.6641
-57.9794
-57.9412
-57.5162
-56.6675
-55.3556
-53.5384
-51.1713
-48.2045
-44.583
-40.2494
-35.4889
29.0786
30.071
30.7447
30.8021
30.2183
28.9155
26.8727
24.3137
21.5312
18.6845
15.9443
13.4697
11.2777
9.35571
7.69311
6.2412
4.95563
3.80094
2.73688
1.72755
0.742631
-0.246199
-1.26756
-2.32185
-3.34909
-4.27708
-5.07274
-5.71998
-6.19945
-6.48862
-6.56134
-6.39381
-5.96197
-5.24142
-4.2079
-2.83775
-1.11163
0.987569
3.27951
25.3778
23.595
21.1893
18.2072
15.0024
11.3334
7.38932
3.36006
-0.775447
-4.90132
-8.96052
-12.9598
-16.8604
-20.6585
-24.3535
-27.9309
-31.3791
-34.6784
-37.8022
-40.7171
-43.3821
-45.7475
-47.7705
-49.4217
-50.7272
-51.7629
-52.5641
-53.115
-53.3849
-53.3464
-52.9724
-52.2332
-51.0961
-49.5261
-47.4841
-44.9247
-41.7943
-38.0326
-33.8813
26.7335
27.6985
28.3744
28.4842
27.9997
26.8519
25.0219
22.7152
20.2019
17.6306
15.1584
12.9305
10.9621
9.24118
7.75736
6.46604
5.32676
4.30724
3.37105
2.48581
1.62422
0.760871
-0.130012
-1.04902
-1.9432
-2.74916
-3.43881
-3.99932
-4.41526
-4.66862
-4.73857
-4.60622
-4.25257
-3.658
-2.80237
-1.66496
-0.226755
1.53236
3.46335
23.2832
21.5873
19.3101
16.4999
13.4891
10.0514
6.36561
2.60915
-1.23762
-5.0666
-8.8251
-12.5197
-16.1145
-19.6065
-22.9953
-26.2677
-29.4135
-32.4149
-35.2479
-37.8829
-40.2832
-42.4051
-44.2114
-45.6779
-46.8306
-47.7403
-48.4406
-48.9189
-49.1501
-49.1122
-48.7835
-48.1401
-47.155
-45.7992
-44.0387
-41.8326
-39.1293
-35.868
-32.2543
24.5826
25.5193
26.1943
26.3499
25.9548
24.9485
23.3137
21.2387
18.9728
16.6541
14.4273
12.4246
10.6595
9.12059
7.79796
6.65079
5.64219
4.74282
3.91979
3.14393
2.39071
1.63729
0.860614
0.0598635
-0.718279
-1.41818
-2.016
-2.50164
-2.86285
-3.08536
-3.15263
-3.04982
-2.76209
-2.27371
-1.56814
-0.627373
0.56663
2.03517
3.65536
21.3668
19.7549
17.6007
14.9541
12.1271
8.90793
5.46549
1.96523
-1.61107
-5.16262
-8.64088
-12.0523
-15.3639
-18.5731
-21.6799
-24.6724
-27.5414
-30.2711
-32.84
-35.2216
-37.3834
-39.287
-40.9
-42.2027
-43.221
-44.0203
-44.6328
-45.0486
-45.247
-45.2106
-44.922
-44.3622
-43.5092
-42.3389
-40.8219
-38.9214
-36.5891
-33.7649
-30.6241
22.6111
23.5188
24.1899
24.385
24.0702
23.1925
21.7361
19.8737
17.8344
15.747
13.7443
11.9465
10.3659
8.99153
7.81395
6.79591
5.90384
5.11111
4.38803
3.70842
3.05025
2.39305
1.71613
1.01857
0.341484
-0.266388
-0.784787
-1.20589
-1.52005
-1.71602
-1.78073
-1.70269
-1.47033
-1.07121
-0.491846
0.283232
1.27076
2.49199
3.84566
19.615
18.084
16.0475
13.5564
10.9035
7.89064
4.67724
1.41747
-1.90553
-5.198
-8.41535
-11.5638
-14.6131
-17.5613
-20.4086
-23.1443
-25.7602
-28.2423
-30.5714
-32.7239
-34.671
-36.3788
-37.8196
-38.9774
-39.8774
-40.5803
-41.1164
-41.4784
-41.6492
-41.6148
-41.3619
-40.8752
-40.137
-39.1272
-37.8206
-36.1843
-34.1735
-31.7304
-29.0046
20.8052
21.6832
22.3479
22.5766
22.3335
21.5722
20.2785
18.6102
16.778
14.9018
13.1033
11.4919
10.0782
8.85223
7.80491
6.9023
6.11392
5.41565
4.78076
4.18572
3.6108
3.03767
2.4478
1.84017
1.25096
0.72282
0.272978
-0.092573
-0.366327
-0.539454
-0.601767
-0.544405
-0.35846
-0.0341795
0.439352
1.07528
1.88874
2.90017
4.02618
18.0147
16.5618
14.6378
12.2944
9.80631
6.98806
3.99011
0.955984
-2.12998
-5.18069
-8.15522
-11.0596
-13.8663
-16.5737
-19.1821
-21.6823
-24.067
-26.3236
-28.435
-30.3804
-32.1343
-33.6668
-34.9545
-35.9839
-36.7799
-37.3988
-37.8687
-38.1843
-38.3318
-38.3002
-38.079
-37.6563
-37.0177
-36.1466
-35.0217
-33.6137
-31.8812
-29.7696
-27.4071
19.1522
20
20.6558
20.9126
20.733
20.0766
18.9307
17.4395
15.7958
14.1119
12.4993
11.0566
9.79376
8.70135
7.77076
6.97116
6.27492
5.6602
5.103
4.58217
4.08008
3.58032
3.0663
2.53693
2.02401
1.5649
1.17416
0.856368
0.61728
0.463776
0.403744
0.443904
0.591056
0.852745
1.23775
1.75708
2.42426
3.25826
4.19064
16.5541
15.1763
13.3598
11.1566
8.82434
6.18958
3.3942
0.571591
-2.29262
-5.11779
-7.86642
-10.5444
-13.1265
-15.6118
-18.0008
-20.2851
-22.4585
-24.5097
-26.4238
-28.1822
-29.7623
-31.1381
-32.2892
-33.2053
-33.9101
-34.4556
-34.8682
-35.144
-35.272
-35.2435
-35.0506
-34.6838
-34.1317
-33.3808
-32.4126
-31.2015
-29.7097
-27.8863
-25.8411
17.64
18.4573
19.1021
19.3818
19.2581
18.6958
17.6836
16.3531
14.8807
13.3715
11.9275
10.6376
9.51062
8.53809
7.71192
7.00408
6.38955
5.84862
5.35972
4.90394
4.46546
4.02964
3.58163
3.12031
2.67358
2.27413
1.93432
1.65754
1.44819
1.31153
1.25365
1.27956
1.39438
1.60386
1.91499
2.33691
2.88148
3.56594
4.33426
15.2226
13.9169
12.2029
10.1326
7.9476
5.48559
2.8805
0.256041
-2.40082
-5.01569
-7.55414
-10.0219
-12.3965
-14.6771
-16.8643
-18.9507
-20.9312
-22.7957
-24.5309
-26.1203
-27.5443
-28.7798
-29.8097
-30.6256
-31.2504
-31.7319
-32.0949
-32.3367
-32.4484
-32.4234
-32.2555
-31.9377
-31.4608
-30.8138
-29.9809
-28.9397
-27.656
-26.0825
-24.3141
16.258
17.0445
17.6763
17.9741
17.899
17.4204
16.5287
15.3436
14.026
12.6753
11.3842
10.232
9.22715
8.362
7.62903
7.00276
6.46059
5.98472
5.55583
5.15696
4.77401
4.39385
4.00324
3.60101
3.21164
2.86372
2.56776
2.3262
2.14234
2.02017
1.96433
1.9785
2.06643
2.23248
2.48212
2.82286
3.26496
3.82376
4.45354
14.01
12.7737
11.1575
9.21313
7.16707
4.86761
2.44112
0.00204727
-2.46102
-4.88003
-7.22313
-9.49608
-11.6788
-13.7707
-15.7724
-17.6775
-19.4817
-21.1763
-22.7493
-24.1863
-25.4699
-26.5801
-27.5022
-28.2296
-28.7842
-29.2102
-29.5303
-29.743
-29.8411
-29.8197
-29.6744
-29.3995
-28.9879
-28.4307
-27.7147
-26.82
-25.7159
-24.3593
-22.8318
14.9964
15.7517
16.3687
16.68
16.6466
16.242
15.4583
14.4042
13.2257
12.0186
10.8658
9.83754
8.94204
8.17288
7.52294
6.96908
6.49087
6.0723
5.69606
5.34696
5.01241
4.68067
4.33993
3.98898
3.64927
3.34585
3.0876
2.87627
2.71426
2.60456
2.55067
2.55521
2.62088
2.75089
2.94948
3.22276
3.57946
4.03297
4.54622
12.9062
11.7367
10.2137
8.38853
6.47356
4.32717
2.06836
-0.197136
-2.47889
-4.71562
-6.87712
-8.9696
-10.9754
-12.8935
-14.7246
-16.4635
-18.1067
-19.6466
-21.0725
-22.3719
-23.5294
-24.5276
-25.3538
-26.0031
-26.4963
-26.8737
-27.1569
-27.3448
-27.4318
-27.4142
-27.289
-27.0518
-26.6972
-26.2178
-25.6026
-24.8343
-23.8853
-22.7166
-21.3986
13.845
14.5692
15.17
15.4903
15.4925
15.1528
14.4652
13.5285
12.4743
11.3973
10.3694
9.45214
8.65431
7.97076
7.3947
6.905
6.48325
6.11507
5.78495
5.47932
5.18692
4.89728
4.59983
4.29334
3.99664
3.73162
3.50584
3.32046
3.17721
3.07828
3.02625
3.02295
3.07025
3.17044
3.32676
3.54408
3.82979
4.19535
4.61083
11.9014
10.7954
9.36099
7.64857
5.85746
3.85483
1.75371
-0.348808
-2.46053
-4.52769
-6.51887
-8.44331
-10.2861
-12.0445
-13.7188
-15.3054
-16.8018
-18.2011
-19.4938
-20.6689
-21.7132
-22.6112
-23.3523
-23.9327
-24.372
-24.7074
-24.9586
-25.1254
-25.2034
-25.1897
-25.0824
-24.8784
-24.5734
-24.1615
-23.6333
-22.9742
-22.1592
-21.1532
-20.0171
12.7939
13.4872
14.0707
14.3964
14.4286
14.1451
13.5427
12.711
11.767
10.8081
9.89292
9.07445
8.36337
7.756
7.24555
6.81262
6.44061
6.11666
5.82689
5.55918
5.30345
5.05036
4.79045
4.5225
4.26299
4.03111
3.83327
3.67019
3.54308
3.45349
3.40329
3.3937
3.42591
3.50155
3.62298
3.79408
4.02096
4.31331
4.64714
10.989
9.94369
8.59307
6.98662
5.31174
3.44345
1.49028
-0.459879
-2.41273
-4.32201
-6.15174
-7.91827
-9.61088
-11.2226
-12.7527
-14.1998
-15.5624
-16.8339
-18.0059
-19.0691
-20.0117
-20.8203
-21.4859
-22.0056
-22.3979
-22.6967
-22.9206
-23.0696
-23.1402
-23.1307
-23.0397
-22.865
-22.6033
-22.25
-21.7974
-21.2324
-20.5331
-19.668
-18.69
11.8366
12.499
13.064
13.3912
13.4479
13.2123
12.685
11.9466
11.0988
10.248
9.43434
8.70308
8.06863
7.52887
7.07659
6.69378
6.36555
6.08043
5.82599
5.59135
5.36753
5.14618
4.91884
4.68429
4.45701
4.25372
4.07994
3.93605
3.8228
3.74131
3.69286
3.67822
3.69809
3.75352
3.84623
3.9792
4.15744
4.38896
4.65463
10.169
9.1819
7.91102
6.40405
4.8376
3.09423
1.2782
-0.532041
-2.33857
-4.09918
-5.78197
-7.40459
-8.95894
-10.4341
-11.83
-13.1484
-14.3879
-15.5423
-16.6042
-17.5659
-18.4169
-19.1454
-19.7439
-20.2101
-20.5611
-20.8283
-21.0286
-21.1625
-21.2272
-21.2219
-21.1454
-20.9964
-20.7727
-20.4705
-20.0831
-19.5997
-19.0006
-18.2577
-17.4166
10.9725
11.6037
12.1479
12.4719
12.547
12.3495
11.8872
11.2303
10.4623
9.71262
8.99039
8.33551
7.76889
7.28932
6.88852
6.54983
6.26001
6.0089
5.78533
5.57953
5.38349
5.18976
4.99074
4.78523
4.58592
4.40743
4.25451
4.12724
4.0261
3.95178
3.90516
3.88667
3.8966
3.93561
4.00486
4.10659
4.24488
4.42622
4.63588
9.436
8.50496
7.31074
5.89767
4.43331
2.80692
1.11942
-0.563457
-2.23353
-3.85595
-5.40953
-6.9083
-8.33788
-9.68278
-10.9515
-12.1503
-13.2765
-14.3231
-15.2841
-16.1533
-16.9215
-17.5782
-18.1167
-18.5355
-18.8506
-19.0904
-19.2707
-19.3923
-19.4528
-19.452
-19.3891
-19.2631
-19.0729
-18.8152
-18.4845
-18.0715
-17.559
-16.922
-16.2003
10.1966
10.796
11.3175
11.6334
11.7205
11.5509
11.1455
10.556
9.8507
9.2009
8.56123
7.97116
7.46445
7.03919
6.68439
6.3846
6.12852
5.90721
5.71058
5.52985
5.35784
5.18795
5.01334
4.83285
4.65755
4.50033
4.36522
4.25216
4.16136
4.09322
4.04833
4.02676
4.02859
4.05413
4.10412
4.18018
4.28554
4.42522
4.58774
8.86997
7.981
6.83997
5.49556
4.10714
2.57105
0.994601
-0.572404
-2.09671
-3.59849
-4.95099
-6.34178
-7.69373
-8.94477
-10.125
-11.2477
-12.3043
-13.2849
-14.1846
-14.998
-15.7162
-16.3293
-16.8307
-17.2198
-17.5116
-17.7331
-17.8997
-18.0118
-18.0687
-18.0708
-18.0134
-17.901
-17.7323
-17.504
-17.211
-16.8453
-16.3918
-15.8279
-15.1894
9.59608
10.1654
10.6594
10.9488
11.02
10.8337
10.4352
9.84802
9.21593
8.71075
8.16795
7.63795
7.18445
6.80691
6.49097
6.22273
5.99334
5.79523
5.6193
5.4576
5.30369
5.15157
4.99507
4.83301
4.6753
4.53356
4.41143
4.30877
4.22567
4.16237
4.11921
4.09609
4.09294
4.10978
4.14704
4.20587
4.28883
4.39989
4.53073
8.42117
7.56517
6.46415
5.17101
3.84175
2.38121
0.902108
-0.553869
-1.92841
-3.31226
-4.43033
-5.73965
-7.04861
-8.23057
-9.347
-10.4207
-11.435
-12.3761
-13.2396
-14.0201
-14.7088
-15.2955
-15.7742
-16.1443
-16.4207
-16.6298
-16.7872
-16.8924
-16.9468
-16.9515
-16.8947
-16.7897
-16.6347
-16.4255
-16.1573
-15.8236
-15.4106
-14.8974
-14.3168
9.11744
9.65769
10.1189
10.3702
10.4063
10.1769
9.75342
9.12327
8.54796
8.21432
7.7851
7.31897
6.91715
6.58482
6.30483
6.0649
5.85881
5.68059
5.52214
5.37628
5.23725
5.09964
4.95779
4.81058
4.66695
4.53758
4.42577
4.33134
4.25426
4.19464
4.15266
4.12816
4.12091
4.1308
4.15807
4.20352
4.26919
4.35787
4.4619
7.98373
7.16161
6.10221
4.86247
3.59436
2.21205
0.830583
-0.513506
-1.74528
-3.01107
-3.90771
-5.1363
-6.40187
-7.51605
-8.567
-9.58911
-10.5596
-11.46
-12.2861
-13.0331
-13.692
-14.2524
-14.7088
-15.0606
-15.3225
-15.52
-15.6692
-15.7682
-15.8205
-15.8284
-15.773
-15.6759
-15.5357
-15.3461
-15.1031
-14.8011
-14.4282
-13.9653
-13.4461
8.64966
9.1612
9.5902
9.80514
9.80861
9.53842
9.09193
8.41761
7.89314
7.70761
7.38856
6.98569
6.63242
6.34313
6.09833
5.8862
5.70286
5.54404
5.40269
5.27234
5.14781
5.02432
4.8967
4.76389
4.63387
4.51637
4.41443
4.32794
4.25693
4.20143
4.1615
4.13686
4.12708
4.13183
4.15104
4.18507
4.23554
4.3049
4.39002
7.56031
6.77257
5.75604
4.57103
3.36544
2.06309
0.77851
-0.453226
-1.5503
-2.69236
-3.39047
-4.53604
-5.75268
-6.80154
-7.78758
-8.75596
-9.68094
-10.5399
-11.328
-12.0409
-12.67
-13.2043
-13.6388
-13.9728
-14.2209
-14.4077
-14.5493
-14.6427
-14.6936
-14.7045
-14.6503
-14.56
-14.4327
-14.2606
-14.0399
-13.7668
-13.4302
-13.0111
-12.5358
8.19564
8.67908
9.07665
9.25714
9.23012
8.92146
8.45374
7.73693
7.25309
7.1913
6.97702
6.63782
6.33044
6.08151
5.87069
5.68573
5.52441
5.3842
5.25929
5.14394
5.03354
4.92379
4.81009
4.69136
4.5747
4.4688
4.37628
4.29691
4.23055
4.17719
4.1369
4.10946
4.09456
4.09194
4.10158
4.12361
4.1589
4.2075
4.26174
7.15476
6.40153
5.4286
4.29906
3.15647
1.93446
0.744862
-0.375724
-1.34707
-2.36064
-2.88564
-3.94428
-5.10362
-6.08806
-7.01014
-7.92313
-8.80066
-9.61721
-10.3667
-11.0455
-11.6446
-12.1536
-12.567
-12.8842
-13.1191
-13.2959
-13.4309
-13.5205
-13.5722
-13.5892
-13.5407
-13.4619
-13.3518
-13.2013
-13.0066
-12.7648
-12.4672
-12.0996
-11.6993
7.75955
8.21562
8.58262
8.73055
8.6747
8.32865
7.83995
7.07858
6.6248
6.66464
6.5485
6.27329
6.01011
5.79896
5.62063
5.46223
5.32252
5.20039
5.09116
4.98995
4.89283
4.79606
4.69558
4.59033
4.48668
4.3926
4.31078
4.24122
4.18375
4.13808
4.10385
4.08047
4.06724
4.0635
4.06879
4.08298
4.10753
4.14539
4.20307
6.77053
6.05147
5.12198
4.04783
2.96773
1.82523
0.727515
-0.284775
-1.13977
-2.02212
-2.39868
-3.36517
-4.45681
-5.37629
-6.23548
-7.09172
-7.92006
-8.69341
-9.40427
-10.0487
-10.6181
-11.1024
-11.4958
-11.798
-12.0218
-12.1899
-12.3179
-12.4012
-12.4486
-12.4642
-12.4131
-12.3362
-12.2329
-12.0937
-11.9155
-11.696
-11.4253
-11.0824
-10.6778
7.34527
7.7749
8.1121
8.22934
8.14563
7.76226
7.25161
6.43945
6.004
6.12681
6.10183
5.89045
5.67073
5.49552
5.34768
5.21425
5.09535
4.99134
4.89825
4.81148
4.72745
4.64306
4.55482
4.46163
4.36853
4.28198
4.20408
4.13477
4.07425
4.02296
3.98126
3.9491
3.9263
3.91268
3.9079
3.91134
3.92153
3.93309
3.93016
6.41159
5.72516
4.83738
3.81664
2.79719
1.73168
0.722026
-0.186143
-0.933957
-1.68455
-1.93612
-2.80305
-3.81522
-4.66771
-5.46421
-6.26198
-7.03915
-7.76847
-8.44094
-9.05191
-9.59275
-10.0528
-10.4263
-10.7131
-10.9272
-11.0915
-11.2221
-11.3137
-11.3755
-11.4108
-11.3797
-11.3277
-11.2535
-11.1456
-11.0005
-10.8178
-10.5946
-10.3284
-10.0737
6.95763
7.36191
7.66978
7.75721
7.644
7.22028
6.68402
5.81094
5.38099
5.57487
5.63607
5.48676
5.30953
5.17045
5.05351
4.94366
4.84205
4.75222
4.67281
4.60016
4.53065
4.46107
4.38824
4.31184
4.23762
4.17196
4.1165
4.07074
4.03358
4.00397
3.98096
3.96371
3.95135
3.94309
3.93847
3.93776
3.9447
3.96801
4.03357
6.08269
5.42599
4.57618
3.60446
2.64144
1.64818
0.721774
-0.0870108
-0.736227
-1.35637
-1.50477
-2.26258
-3.1818
-3.9637
-4.69681
-5.43399
-6.15709
-6.84033
-7.47372
-8.05213
-8.5672
-9.00809
-9.36706
-9.64025
-9.83741
-9.98016
-10.0858
-10.1502
-10.1857
-10.1984
-10.1441
-10.0727
-9.98493
-9.87081
-9.72731
-9.55218
-9.33108
-9.03116
-8.62543
6.60228
6.98271
7.26163
7.31913
7.17107
6.7002
6.13138
5.18346
4.74108
5.00205
5.15073
5.06239
4.92339
4.81693
4.73287
4.65359
4.57592
4.50109
4.42895
4.35898
4.29052
4.22219
4.15094
4.07382
3.99209
3.91115
3.83474
3.76402
3.70036
3.64494
3.59831
3.56053
3.53142
3.51061
3.4972
3.48868
3.47772
3.44705
3.35901
5.78812
5.15883
4.3437
3.41609
2.50375
1.57523
0.724462
0.00670629
-0.554682
-1.04857
-1.11277
-1.74943
-2.56008
-3.26534
-3.93319
-4.60801
-5.27495
-5.90993
-6.50169
-7.04401
-7.529
-7.94811
-8.29817
-8.58196
-8.81002
-8.99738
-9.15592
-9.27777
-9.3738
-9.44646
-9.45455
-9.44952
-9.42614
-9.37025
-9.27999
-9.16017
-9.0219
-8.88725
-8.85385
6.28338
6.642
6.89401
6.92366
6.73674
6.21711
5.60945
4.55799
4.06885
4.39517
4.63827
4.61991
4.52384
4.44084
4.36971
4.30604
4.25632
4.22199
4.19609
4.17085
4.14173
4.10697
4.06698
4.02672
3.99495
3.97325
3.95768
3.94614
3.93656
3.92793
3.91936
3.91024
3.89987
3.88765
3.87424
3.86242
3.86312
3.89925
4.02893
5.52995
4.92701
4.14523
3.25898
2.39236
1.51975
0.733123
0.0902563
-0.400119
-0.775257
-0.769542
-1.27255
-1.95679
-2.574
-3.16921
-3.7772
-4.38713
-4.97771
-5.53542
-6.05016
-6.50938
-6.89604
-7.19323
-7.39189
-7.51181
-7.58927
-7.64505
-7.67267
-7.68375
-7.68128
-7.60704
-7.52268
-7.43801
-7.34322
-7.2315
-7.0945
-6.9027
-6.59586
-6.07904
6.00248
6.34159
6.5707
6.57797
6.35483
5.79993
5.14658
3.93476
3.35418
3.7464
4.07499
4.1307
4.11049
4.09481
4.05489
3.97177
3.85972
3.74403
3.64072
3.55498
3.48487
3.42579
3.36956
3.30335
3.21952
3.12991
3.04677
2.97261
2.9084
2.85408
2.80928
2.77404
2.74826
2.73128
2.72064
2.70994
2.68069
2.59605
2.38326
5.31237
4.7272
3.96833
3.11297
2.2822
1.45537
0.723508
0.142044
-0.285744
-0.543548
-0.481011
-0.843307
-1.38618
-1.90142
-2.40854
-2.93051
-3.4633
-3.99466
-4.51597
-5.0216
-5.50691
-5.96952
-6.40858
-6.81503
-7.16073
-7.43232
-7.65313
-7.82992
-7.98115
-8.12111
-8.21294
-8.2795
-8.31213
-8.30721
-8.27043
-8.21513
-8.17732
-8.21954
-8.511
5.76821
6.09069
6.29714
6.27671
6.0075
5.41373
4.66493
3.233
2.57451
3.07624
3.46957
3.54414
3.55104
3.6168
3.73597
3.87293
4.0014
4.09943
4.157
4.17618
4.16502
4.13255
4.0911
4.06305
4.06749
4.08956
4.10807
4.11901
4.12381
4.12512
4.12276
4.11523
4.10155
4.08176
4.05876
4.04012
4.04941
4.13038
4.37779
5.15294
4.55738
3.78429
2.92104
2.09473
1.29402
0.614378
0.106356
-0.225626
-0.343108
-0.244323
-0.466068
-0.858361
-1.26972
-1.69279
-2.1263
-2.56005
-2.98117
-3.37807
-3.73732
-4.03807
-4.25017
-4.35004
-4.34641
-4.31678
-4.32385
-4.34565
-4.34682
-4.33421
-4.28513
-4.17464
-4.09387
-4.04946
-4.00489
-3.94507
-3.86252
-3.70514
-3.38124
-2.68679
5.61019
5.92186
6.097
6.01612
5.64803
4.93372
3.93402
2.2759
1.65802
2.36463
2.92015
3.07964
3.01696
2.83386
2.57834
2.30634
2.06678
1.89626
1.79724
1.75493
1.75035
1.7687
1.79046
1.78314
1.72615
1.65175
1.59165
1.54649
1.51024
1.47864
1.4532
1.43605
1.42802
1.42828
1.4331
1.43182
1.39293
1.26104
0.93039
5.0764
4.44487
3.62229
2.7095
1.85007
1.04694
0.406279
-0.0200587
-0.223223
-0.189104
-0.0669115
-0.144969
-0.347871
-0.620859
-0.964585
-1.37408
-1.84354
-2.36705
-2.94217
-3.57027
-4.2563
-4.99593
-5.74944
-6.4323
-6.91926
-7.21085
-7.49585
-7.72061
-8.03796
-8.56847
-8.39338
-8.35746
-8.43974
-8.48392
-8.46895
-8.44768
-8.50326
-8.74315
-9.3781
5.55275
5.86273
6.00524
5.8442
5.343
4.43747
3.07317
1.23772
0.58248
1.30132
2.0972
2.82574
3.49139
4.10227
4.58969
4.91328
5.08903
5.13413
5.08408
4.97591
4.83836
4.69096
4.56025
4.49561
4.52414
4.58187
4.61426
4.62742
4.63645
4.64401
4.64602
4.63917
4.62324
4.59985
4.57516
4.56267
4.60011
4.74333
5.10199
709.664
687.725
662.383
634.635
604.783
573.499
541.623
509.836
478.539
447.922
418.077
389.073
360.973
333.84
307.725
282.673
258.715
235.871
214.151
193.557
174.074
155.688
138.372
122.099
106.833
92.5417
79.1885
66.7385
55.1607
44.4225
34.4951
25.3522
16.9668
9.31602
2.37694
-3.87397
-9.4595
-14.4044
-18.7342
-22.4759
-25.658
-28.3118
-30.4696
-32.1645
-33.4322
-34.3086
-34.8299
-35.0322
-34.9514
-34.6226
-34.0796
-33.3543
-32.477
-31.4755
-30.3755
-29.2002
-27.9703
-26.704
-25.4172
-24.1235
-22.8345
-21.5596
-20.3067
-19.0815
-17.8899
-16.7332
-15.6186
-14.6822
-13.8592
-13.0461
-12.1654
-11.4069
-10.3582
-9.91132
-8.29763
-8.86344
-5.6859
-8.71386
-2.26396
-9.78497
709.772
686.993
659.958
631.912
602.486
572.203
541.759
511.659
482.189
453.495
425.651
398.715
372.737
347.761
323.819
300.937
279.128
258.399
238.746
220.153
202.601
186.064
170.51
155.904
142.21
129.393
117.414
106.238
95.8325
86.1653
77.2084
68.9335
61.3137
54.3246
47.9417
42.1404
36.8958
32.1819
27.9727
24.24
20.9553
18.089
15.6103
13.488
11.6907
10.1869
8.94539
7.93578
7.12868
6.49629
6.01219
5.65191
5.39311
5.21551
5.10097
5.0336
4.99958
4.98712
4.98638
4.98926
4.98924
4.98135
4.96154
4.92752
4.87616
4.80941
4.72009
4.6362
4.54206
4.45806
4.29622
4.25332
3.91111
4.09677
3.2699
4.13776
2.21803
4.53703
0.738403
5.23777
260.993
258.624
258.453
258.127
257.34
255.973
253.883
250.953
247.117
242.372
236.74
230.264
222.994
214.991
206.319
197.053
187.273
177.066
166.521
155.729
144.783
133.771
122.778
111.886
101.167
90.6872
80.5048
70.6687
61.2216
52.1966
43.6211
35.5168
27.8984
20.7776
14.1619
8.05462
2.4564
-2.63572
-7.22711
-11.3262
-14.9444
-18.0966
-20.8
-23.0737
-24.9407
-26.4257
-27.5547
-28.3552
-28.856
-29.0862
-29.0749
-28.8508
-28.4417
-27.8744
-27.1739
-26.3637
-25.4655
-24.4988
-23.4811
-22.4281
-21.3534
-20.2684
-19.1833
-18.1059
-17.0441
-16.0012
-14.9853
-14.1259
-13.3638
-12.6128
-11.7811
-11.0827
-10.0678
-9.67795
-8.09477
-8.68309
-5.59675
-8.51584
-2.36475
-9.49192
262.736
263.097
265.437
268.24
270.22
271.213
271.139
269.913
267.513
263.984
259.391
253.81
247.329
240.037
232.03
223.404
214.256
204.687
194.8
184.693
174.463
164.198
153.982
143.892
133.994
124.348
115.002
105.997
97.3638
89.1286
81.3102
73.9208
66.9679
60.4557
54.3851
48.7534
43.5556
38.7839
34.4286
30.4772
26.9155
23.7274
20.894
18.3954
16.2101
14.3151
12.6867
11.3008
10.1329
9.15904
8.3556
7.69993
7.17068
6.74781
6.41281
6.14897
5.94131
5.77655
5.64323
5.53151
5.43311
5.34132
5.25037
5.15654
5.05501
4.94699
4.82313
4.716
4.60197
4.50466
4.32419
4.27579
3.91576
4.09904
3.26843
4.10961
2.244
4.45077
0.835823
5.07148
118.275
117.382
116.668
115.765
114.918
114.162
113.486
112.868
112.288
111.713
111.099
110.397
109.556
108.522
107.249
105.687
103.8
101.554
98.9217
95.8887
92.4499
88.6094
84.3822
79.7943
74.8797
69.6812
64.2476
58.6326
52.8936
47.0882
41.2736
35.5063
29.8379
24.317
18.9877
13.8881
9.05151
4.50567
0.273097
-3.6289
-7.18843
-10.3987
-13.2573
-15.7654
-17.9296
-19.7597
-21.2683
-22.4716
-23.3877
-24.0369
-24.4408
-24.6219
-24.6032
-24.4074
-24.0571
-23.5738
-22.9783
-22.2898
-21.526
-20.7031
-19.8359
-18.9371
-18.0184
-17.0888
-16.158
-15.231
-14.3162
-13.536
-12.8375
-12.15
-11.3729
-10.7306
-9.76653
-9.40955
-7.905
-8.44792
-5.55444
-8.23733
-2.5251
-9.08618
118.582
118.132
117.951
117.882
117.93
118.266
118.885
119.712
120.681
121.727
122.776
123.742
124.547
125.107
125.355
125.233
124.697
123.709
122.248
120.304
117.878
114.984
111.647
107.901
103.79
99.3639
94.6772
89.7878
84.7537
79.6328
74.4814
69.3514
64.2905
59.3423
54.5446
49.9299
45.5255
41.3532
37.4302
33.7684
30.3756
27.2555
24.4075
21.8277
19.5089
17.4411
15.612
14.007
12.61
11.4041
10.3713
9.49358
8.75293
8.13182
7.61341
7.18189
6.82264
6.52225
6.26873
6.05147
5.86117
5.69001
5.531
5.3794
5.22904
5.08043
4.92256
4.79228
4.65897
4.54721
4.3512
4.29083
3.92559
4.08497
3.2847
4.05061
2.30293
4.32173
0.964991
4.87689
119.314
118.937
118.356
117.528
116.489
115.219
113.733
112.049
110.186
108.16
105.983
103.667
101.226
98.6705
96.0116
93.2553
90.408
87.4718
84.4445
81.3229
78.1018
74.773
71.3289
67.7629
64.0691
60.2457
56.2942
52.2207
48.0374
43.7603
39.4112
35.017
30.6069
26.2134
21.871
17.6137
13.4756
9.48842
5.68204
2.08291
-1.28642
-4.40766
-7.26639
-9.85216
-12.1596
-14.1868
-15.9361
-17.4131
-18.6269
-19.5893
-20.3145
-20.8183
-21.1182
-21.2326
-21.1802
-20.9801
-20.6507
-20.2103
-19.6757
-19.0631
-18.3874
-17.662
-16.8993
-16.1096
-15.3034
-14.4874
-13.67
-12.9657
-12.327
-11.699
-10.9737
-10.385
-9.46769
-9.14792
-7.70488
-8.23371
-5.47143
-8.01639
-2.58333
-8.7988
119.434
119.291
118.986
118.481
117.767
116.862
115.768
114.516
113.147
111.695
110.187
108.642
107.077
105.505
103.934
102.36
100.773
99.1571
97.4918
95.7561
93.9265
91.9796
89.8932
87.6488
85.2318
82.6328
79.8489
76.8838
73.7477
70.4573
67.0351
63.5079
59.906
56.2625
52.6108
48.9847
45.4164
41.9359
38.5705
35.3442
32.2767
29.3847
26.6802
24.1712
21.8625
19.7549
17.8462
16.131
14.6016
13.2482
12.0592
11.0218
10.1224
9.34701
8.68143
8.11179
7.62474
7.20766
6.84884
6.53758
6.26422
6.02042
5.79842
5.59281
5.39635
5.20912
5.01846
4.86577
4.71373
4.58769
4.37623
4.30452
3.93176
4.07335
3.28988
4.006
2.33255
4.23021
1.03437
4.74345
107.643
107.214
106.72
106.168
105.529
104.781
103.917
102.929
101.805
100.534
99.1054
97.5104
95.7418
93.7948
91.6674
89.3598
86.8752
84.2195
81.4005
78.4287
75.316
72.0745
68.7181
65.26
61.7129
58.0893
54.401
50.6587
46.8737
43.0565
39.2185
35.3723
31.5314
27.711
23.9284
20.2021
16.5522
12.9996
9.56574
6.2718
3.13782
0.182154
-2.57863
-5.13035
-7.46235
-9.56648
-11.4382
-13.0762
-14.4821
-15.6608
-16.6198
-17.3688
-17.9197
-18.2857
-18.4818
-18.5233
-18.4259
-18.2056
-17.8779
-17.4581
-16.9604
-16.3981
-15.784
-15.1288
-14.4435
-13.7361
-13.0147
-12.3856
-11.8062
-11.2373
-10.5636
-10.0293
-9.15669
-8.88042
-7.48662
-8.02566
-5.35445
-7.82238
-2.58225
-8.56721
107.851
107.851
107.82
107.779
107.707
107.568
107.325
106.956
106.448
105.789
104.97
103.982
102.824
101.494
99.9977
98.3428
96.5415
94.6077
92.5554
90.3986
88.1493
85.8185
83.4152
80.9462
78.4164
75.8288
73.1847
70.4849
67.7299
64.9213
62.0624
59.1579
56.2153
53.2449
50.2595
47.2745
44.3069
41.375
38.498
35.6945
32.9828
30.3797
27.8997
25.5553
23.3562
21.3094
19.4191
17.6866
16.1106
14.6875
13.4116
12.2753
11.2697
10.3845
9.60907
8.93215
8.34244
7.82885
7.3807
6.98792
6.64109
6.3319
6.0523
5.79663
5.55686
5.33296
5.11077
4.93634
4.76603
4.62594
4.39899
4.31678
3.93414
4.06312
3.286
3.96993
2.3426
4.15794
1.07199
4.63229
82.329
81.8928
81.4454
80.9728
80.4556
79.8919
79.2836
78.6289
77.9252
77.1673
76.3495
75.4646
74.5039
73.4587
72.3194
71.0764
69.7199
68.2413
66.6324
64.8865
62.999
60.9667
58.7894
56.4693
54.011
51.4216
48.7105
45.889
42.9702
39.9682
36.8982
33.7765
30.619
27.4425
24.2642
21.1012
17.9711
14.8917
11.8809
8.95674
6.13676
3.43781
0.876081
-1.53345
-3.77803
-5.84636
-7.72973
-9.42203
-10.9195
-12.2212
-13.3291
-14.2471
-14.9817
-15.5412
-15.9358
-16.1769
-16.2767
-16.2484
-16.1052
-15.8606
-15.5277
-15.1189
-14.6466
-14.1214
-13.5545
-12.9545
-12.3291
-11.776
-11.2571
-10.7488
-10.1288
-9.65052
-8.82502
-8.59384
-7.25182
-7.8019
-5.22484
-7.61327
-2.57344
-8.31573
82.5099
82.4327
82.3586
82.3065
82.261
82.2162
82.1622
82.089
81.9897
81.8572
81.6838
81.46
81.175
80.8161
80.3706
79.8259
79.1697
78.3913
77.4821
76.4363
75.2504
73.9241
72.4597
70.862
69.1378
67.2958
65.3457
63.298
61.1633
58.9524
56.676
54.3443
51.9672
49.555
47.118
44.6673
42.214
39.7705
37.3494
34.964
32.6278
30.3543
28.1564
26.0461
24.0343
22.1301
20.341
18.6723
17.1271
15.7066
14.4097
13.2337
12.1739
11.2243
10.3777
9.62608
8.96077
8.37281
7.8532
7.39308
6.98389
6.61787
6.28715
5.98622
5.70665
5.44863
5.19666
5.00153
4.81371
4.65997
4.41808
4.32542
3.93328
4.04957
3.2789
3.93037
2.34955
4.08052
1.10778
4.5107
63.5482
63.2309
62.9101
62.5603
62.1699
61.7399
61.2715
60.7652
60.2211
59.6377
59.0136
58.3464
57.6336
56.8724
56.06
55.1927
54.2667
53.2778
52.2208
51.0903
49.881
48.5869
47.2021
45.7213
44.1401
42.455
40.6638
38.7662
36.7639
34.6607
32.4626
30.178
27.8171
25.3921
22.9166
20.4057
17.8755
15.3427
12.8247
10.339
7.90296
5.53352
3.24726
1.06006
-1.01382
-2.96107
-4.77015
-6.43157
-7.93764
-9.28324
-10.4654
-11.4835
-12.3391
-13.0358
-13.5794
-13.977
-14.2373
-14.3701
-14.386
-14.296
-14.1115
-13.8436
-13.5035
-13.1014
-12.648
-12.1524
-11.6212
-11.1436
-10.6853
-10.2381
-9.67302
-9.25127
-8.4754
-8.28876
-7.0034
-7.5605
-5.08666
-7.38534
-2.55973
-8.04087
63.6837
63.6311
63.584
63.5416
63.4894
63.4293
63.358
63.2688
63.1604
63.034
62.8898
62.7271
62.5442
62.3386
62.1072
61.8461
61.5496
61.2111
60.8237
60.3796
59.8697
59.2854
58.6178
57.8593
57.0031
56.0436
54.9774
53.8035
52.5222
51.1367
49.652
48.0748
46.4134
44.6775
42.8777
41.0253
39.132
37.2102
35.2724
33.331
31.399
29.4887
27.6127
25.7826
24.0097
22.3043
20.6754
19.1306
17.676
16.316
15.0533
13.8888
12.8218
11.8498
10.9693
10.1753
9.46209
8.82308
8.25137
7.7398
7.28107
6.86844
6.49462
6.15464
5.83999
5.55142
5.27233
5.05815
4.85405
4.68748
4.43168
4.3287
3.92832
4.03089
3.26899
3.8849
2.35494
3.99555
1.14259
4.38022
52.352
52.132
51.9073
51.6594
51.3819
51.0739
50.7349
50.3646
49.9622
49.5257
49.0528
48.541
47.9877
47.3904
46.7466
46.0538
45.3098
44.5125
43.6597
42.7491
41.7792
40.7477
39.6526
38.4919
37.2637
35.9659
34.5967
33.1545
31.6384
30.0478
28.3834
26.6469
24.8414
22.9715
21.0435
19.0654
17.0468
14.9989
12.9343
10.8664
8.8096
6.77873
4.78882
2.85493
0.991324
-0.788188
-2.47094
-4.04557
-5.50214
-6.83266
-8.03089
-9.09253
-10.0155
-10.7994
-11.4461
-11.9591
-12.3434
-12.6057
-12.7534
-12.7951
-12.7399
-12.5973
-12.3772
-12.0886
-11.7414
-11.3448
-10.9041
-10.4998
-10.1008
-9.7136
-9.2032
-8.83734
-8.11218
-7.9693
-6.74268
-7.3061
-4.93644
-7.14732
-2.53033
-7.76116
52.4583
52.4485
52.4428
52.4381
52.4257
52.4081
52.3828
52.3424
52.2824
52.2027
52.1029
51.9813
51.8364
51.6666
51.4704
51.2462
50.9924
50.7074
50.3897
50.0375
49.6484
49.2197
48.7479
48.2296
47.6605
47.0359
46.3509
45.6012
44.7822
43.8904
42.9233
41.8795
40.7592
39.5643
38.2983
36.9662
35.5748
34.132
32.647
31.1296
29.5908
28.0414
26.4929
24.9563
23.4426
21.9624
20.5254
19.1403
17.8148
16.5555
15.3674
14.2541
13.2179
12.2592
11.3774
10.5706
9.83558
9.16832
8.56408
8.01758
7.52309
7.07514
6.66737
6.29566
5.9517
5.63706
5.33431
5.10332
4.88463
4.70643
4.43808
4.32526
3.91789
4.0066
3.25447
3.83481
2.35511
3.90751
1.16951
4.24915
44.0373
43.8658
43.6889
43.4963
43.2835
43.0489
42.7919
42.5125
42.2101
41.883
41.5294
41.1473
40.7341
40.2877
39.8052
39.2841
38.7218
38.1154
37.4622
36.7597
36.0055
35.1971
34.3326
33.4103
32.4288
31.387
30.2841
29.1198
27.8943
26.6079
25.2616
23.8567
22.3954
20.8802
19.3148
17.7036
16.0521
14.3669
12.6557
10.9276
9.19243
7.46102
5.74498
4.05654
2.40795
0.811593
-0.720576
-2.17718
-3.54765
-4.82275
-5.99445
-7.0562
-8.00332
-8.83254
-9.54267
-10.134
-10.6085
-10.9698
-11.2225
-11.3727
-11.4271
-11.3933
-11.2794
-11.0934
-10.8436
-10.5394
-10.184
-9.84981
-9.50803
-9.1789
-8.72231
-8.41112
-7.73693
-7.63707
-6.46974
-7.04044
-4.77237
-6.90219
-2.48257
-7.4822
44.1264
44.1331
44.1426
44.1548
44.164
44.1727
44.1809
44.1838
44.1755
44.1549
44.1216
44.0739
44.01
43.928
43.8255
43.7001
43.5493
43.3708
43.1621
42.9209
42.645
42.3324
41.9811
41.5895
41.1559
40.6787
40.1562
39.587
38.9692
38.3012
37.5815
36.8086
35.9814
35.0991
34.1619
33.1706
32.1272
31.0347
29.8971
28.7199
27.5095
26.2731
25.0189
23.7554
22.4917
21.2368
19.9998
18.789
17.6126
16.4777
15.3906
14.3565
13.3793
12.462
11.6059
10.8115
10.0779
9.40335
8.78511
8.21981
7.70337
7.23177
6.79973
6.40424
6.03738
5.70181
5.37944
5.13432
4.90308
4.7148
4.43553
4.31372
3.90067
3.97597
3.23397
3.78024
2.34828
3.81769
1.18687
4.1191
36.8621
36.7207
36.5745
36.4172
36.2447
36.0556
35.8497
35.627
35.3873
35.1295
34.8526
34.5551
34.2353
33.8917
33.5224
33.1256
32.6992
32.2411
31.749
31.2206
30.6536
30.0454
29.3938
28.6964
27.9509
27.1554
26.3081
25.4077
24.4532
23.4441
22.3804
21.2629
20.0927
18.8718
17.6027
16.2887
14.9338
13.5428
12.1213
10.6758
9.2134
7.74218
6.27087
4.80899
3.36632
1.95321
0.580003
-0.743008
-2.0058
-3.19909
-4.31432
-5.34386
-6.28152
-7.12217
-7.86238
-8.50005
-9.03466
-9.46714
-9.79974
-10.036
-10.1805
-10.2386
-10.2168
-10.1215
-9.95972
-9.74026
-9.46443
-9.19639
-8.90917
-8.63585
-8.2317
-7.97358
-7.35025
-7.29244
-6.18469
-6.76321
-4.59476
-6.64868
-2.41916
-7.20113
36.9379
36.9488
36.9621
36.9784
36.9933
37.0087
37.0256
37.0423
37.0537
37.0578
37.0549
37.0442
37.0246
36.995
36.954
36.8999
36.8307
36.7446
36.6393
36.5125
36.3617
36.1844
35.978
35.7398
35.4676
35.1588
34.8112
34.4231
33.9927
33.5185
32.9996
32.435
31.8244
31.1673
30.4641
29.7152
28.9215
28.0847
27.2067
26.2905
25.3395
24.3581
23.3515
22.3253
21.2859
20.2402
19.1953
18.1584
17.1367
16.1369
15.1655
14.2281
13.3297
12.4742
11.6647
10.9032
10.1906
9.52704
8.91155
8.34248
7.81732
7.33355
6.88701
6.47596
6.09301
5.74206
5.40458
5.14837
4.90693
4.71043
4.42215
4.29249
3.87522
3.93786
3.20657
3.72021
2.33416
3.72486
1.19593
3.98836
30.9068
30.7914
30.6722
30.5442
30.4043
30.2514
30.0851
29.9056
29.7128
29.5059
29.2841
29.0464
28.7916
28.5184
28.2256
27.9118
27.5755
27.2154
26.8297
26.4168
25.9752
25.5029
24.9982
24.4592
23.8841
23.2709
22.6178
21.9233
21.1857
20.4037
19.5762
18.7028
17.7832
16.8178
15.8075
14.7539
13.6595
12.5272
11.361
10.1655
8.94598
7.70851
6.4599
5.20765
3.95966
2.72443
1.51076
0.327577
-0.816082
-1.91152
-2.95036
-3.92477
-4.82782
-5.65338
-6.39662
-7.05376
-7.62235
-8.10127
-8.49067
-8.79188
-9.00751
-9.14098
-9.19681
-9.18012
-9.09604
-8.953
-8.75005
-8.54362
-8.30775
-8.08735
-7.73374
-7.52664
-6.95352
-6.9364
-5.88828
-6.47451
-4.40447
-6.38593
-2.34218
-6.9153
30.9709
30.9848
31.0007
31.0194
31.037
31.055
31.0746
31.0954
31.1144
31.1283
31.1374
31.1417
31.1404
31.133
31.1184
31.0958
31.064
31.0218
30.9679
30.9009
30.8191
30.7208
30.6042
30.4671
30.3075
30.1231
29.9114
29.6704
29.3976
29.0908
28.7481
28.3677
27.9482
27.4885
26.9878
26.4459
25.8631
25.24
24.5777
23.878
23.1431
22.3759
21.5797
20.7584
19.9166
19.0592
18.1917
17.3197
16.4491
15.5858
14.7355
13.9038
13.0957
12.3158
11.5678
10.8547
10.1788
9.54143
8.94312
8.38368
7.86199
7.37689
6.92539
6.50698
6.11491
5.75443
5.40666
5.14272
4.8937
4.69111
4.39597
4.25989
3.84012
3.89102
3.17131
3.65366
2.3125
3.62786
1.19749
3.85572
26.1438
26.0501
25.9531
25.8493
25.7361
25.6126
25.4785
25.3338
25.1786
25.0122
24.834
24.6432
24.4389
24.22
23.9856
23.7346
23.4658
23.178
22.8699
22.5402
22.1877
21.8109
21.4084
20.9788
20.5206
20.0324
19.5128
18.9605
18.3741
17.7523
17.0943
16.399
15.6658
14.8943
14.0846
13.2371
12.3526
11.4329
10.4799
9.4966
8.48639
7.45348
6.40279
5.33997
4.27114
3.2031
2.14306
1.09859
0.0775192
-0.912346
-1.86326
-2.76766
-3.61856
-4.40946
-5.13475
-5.78963
-6.37035
-6.87427
-7.29987
-7.64674
-7.91567
-8.10832
-8.22749
-8.27687
-8.25981
-8.18421
-8.04674
-7.89665
-7.70831
-7.53736
-7.23173
-7.07301
-6.5489
-6.57061
-5.58175
-6.1752
-4.20242
-6.1142
-2.2524
-6.62478
26.198
26.2141
26.2321
26.2524
26.2721
26.2924
26.3141
26.3377
26.3614
26.3823
26.3996
26.4138
26.4244
26.4309
26.4325
26.4288
26.4187
26.4015
26.3762
26.3417
26.297
26.2409
26.1721
26.0893
25.9909
25.8756
25.7416
25.5872
25.4106
25.2099
24.9834
24.7291
24.4453
24.1302
23.7826
23.4012
22.9852
22.534
22.0477
21.5267
20.972
20.385
19.7678
19.123
18.4534
17.7628
17.055
16.3344
15.6057
14.8737
14.1433
13.4194
12.7068
12.0099
11.3327
10.6788
10.051
9.45169
8.88233
8.34389
7.83636
7.35982
6.91226
6.49439
6.10009
5.73597
5.38292
5.1148
4.86102
4.65469
4.35508
4.21424
3.79387
3.8342
3.12717
3.57974
2.28287
3.52611
1.19165
3.72054
22.2752
22.1981
22.1183
22.033
21.9403
21.8395
21.7302
21.6124
21.4861
21.3511
21.2066
21.0522
20.887
20.7103
20.5214
20.3192
20.1029
19.8716
19.6242
19.3596
19.0767
18.7743
18.4513
18.1064
17.7384
17.346
16.928
16.4833
16.0106
15.509
14.9773
14.4148
13.8208
13.1947
12.5364
11.8457
11.1231
10.3692
9.58523
8.7728
7.93408
7.07176
6.18916
5.29028
4.3796
3.46224
2.54388
1.63058
0.728845
-0.154638
-1.01302
-1.83944
-2.62729
-3.37012
-4.06216
-4.69808
-5.2734
-5.78446
-6.22854
-6.60389
-6.90982
-7.14653
-7.31525
-7.41833
-7.45744
-7.4399
-7.36001
-7.26046
-7.11534
-6.98982
-6.72906
-6.61555
-6.13864
-6.19689
-5.26648
-5.86632
-3.98955
-5.83399
-2.15146
-6.32975
22.3213
22.3382
22.3567
22.3772
22.3977
22.4188
22.4414
22.466
22.4919
22.517
22.5397
22.5603
22.5789
22.595
22.6081
22.6177
22.6233
22.624
22.6193
22.6083
22.5901
22.5638
22.5284
22.4828
22.4259
22.3564
22.2731
22.1747
22.0598
21.9271
21.7751
21.6022
21.4072
21.1885
20.9448
20.6748
20.3773
20.0514
19.6964
19.3118
18.8977
18.4543
17.9825
17.4835
16.959
16.4112
15.8428
15.2569
14.6568
14.0463
13.4294
12.8102
12.1928
11.5813
10.9794
10.3909
9.8188
9.26592
8.73442
8.22603
7.74158
7.28211
6.84645
6.43641
6.04639
5.68439
5.33107
5.06238
4.80677
4.59919
4.29763
4.1539
3.73499
3.76615
3.07308
3.49747
2.24465
3.41886
1.17864
3.58214
19.0523
18.9882
18.9217
18.8508
18.7739
18.6906
18.6003
18.5032
18.3992
18.2881
18.1695
18.0429
17.9078
17.7634
17.6092
17.4446
17.2687
17.0808
16.8801
16.6658
16.4369
16.1924
15.9315
15.6531
15.3561
15.0396
14.7023
14.3433
13.9614
13.5557
13.1253
12.6691
12.1865
11.6767
11.1394
10.5744
9.98146
9.361
8.7136
8.04018
7.34213
6.62117
5.87958
5.12013
4.34604
3.56109
2.76959
1.97625
1.18627
0.405176
-0.361259
-1.10704
-1.82622
-2.51282
-3.16124
-3.76609
-4.32258
-4.8265
-5.27437
-5.66346
-5.99201
-6.25902
-6.46439
-6.60936
-6.69399
-6.72507
-6.6946
-6.63946
-6.53291
-6.44838
-6.22888
-6.157
-5.72504
-5.81706
-4.94388
-5.54863
-3.7669
-5.5453
-2.04089
-6.02895
19.0919
19.1085
19.1264
19.1463
19.1663
19.187
19.2091
19.233
19.2588
19.2852
19.3101
19.3337
19.3563
19.3775
19.3971
19.4145
19.4296
19.4416
19.4502
19.4548
19.4546
19.449
19.4372
19.4184
19.3915
19.3558
19.31
19.2532
19.1841
19.1015
19.0043
18.8912
18.761
18.6122
18.4439
18.2548
18.0437
17.8097
17.5519
17.2696
16.9623
16.6298
16.2722
15.8897
15.4833
15.0539
14.6032
14.133
13.6458
13.144
12.6308
12.1093
11.5828
11.0549
10.5288
10.008
9.49554
8.99431
8.50677
8.0351
7.58067
7.14523
6.72824
6.33243
5.95264
5.59812
5.24933
4.98366
4.72913
4.52286
4.22196
4.07735
3.6621
3.68563
3.00805
3.40584
2.19745
3.30498
1.15886
3.43895
16.3419
16.2882
16.2324
16.1731
16.1089
16.0395
15.9644
15.8837
15.7973
15.7052
15.607
15.5022
15.3905
15.2714
15.1444
15.0089
14.8644
14.7102
14.5456
14.3701
14.1829
13.9832
13.7703
13.5433
13.3013
13.0436
12.7691
12.4771
12.1665
11.8365
11.4862
11.1148
10.7214
10.3054
9.86619
9.40331
8.91649
8.40565
7.87099
7.31293
6.73228
6.13007
5.50782
4.86743
4.21121
3.5419
2.86272
2.17732
1.48977
0.80449
0.126257
-0.539867
-1.18872
-1.81497
-2.41345
-2.97903
-3.50694
-3.99276
-4.43264
-4.82325
-5.16207
-5.44723
-5.67756
-5.85341
-5.97337
-6.04384
-6.05462
-6.03759
-5.96469
-5.91646
-5.73434
-5.70006
-5.3104
-5.43289
-4.61589
-5.22284
-3.53641
-5.24755
-1.92348
-5.71997
16.3759
16.3917
16.4087
16.4275
16.4465
16.4661
16.487
16.5096
16.534
16.5598
16.5852
16.6095
16.6334
16.6568
16.6792
16.7006
16.7205
16.7387
16.7549
16.7685
16.779
16.7861
16.789
16.7873
16.7801
16.7668
16.7465
16.7184
16.6816
16.635
16.5776
16.5083
16.4261
16.3298
16.2183
16.0904
15.9451
15.7814
15.5982
15.3948
15.1704
14.9246
14.6569
14.3674
14.0561
13.7235
13.3703
12.9977
12.607
12.2001
11.7788
11.3457
10.9032
10.4541
10.0012
9.54741
9.09555
8.64834
8.20826
7.77767
7.35822
6.95211
6.5592
6.183
5.81858
5.47636
5.13655
4.87728
4.62666
4.42423
4.12661
3.98318
3.57392
3.59133
2.93136
3.30361
2.14158
3.18327
1.13348
3.2883
14.0579
14.0128
13.9658
13.916
13.8622
13.8041
13.7413
13.6739
13.6018
13.5249
13.4431
13.3559
13.263
13.1641
13.0587
12.9464
12.8268
12.6992
12.5633
12.4184
12.2641
12.0995
11.9242
11.7375
11.5386
11.3269
11.1015
10.8618
10.6069
10.3361
10.0487
9.74385
9.42089
9.07913
8.71798
8.33691
7.93553
7.5136
7.071
6.60786
6.12452
5.62155
5.09988
4.56076
4.00573
3.43677
2.85624
2.26687
1.6718
1.07453
0.478906
-0.110892
-0.690504
-1.2553
-1.80069
-2.32197
-2.81464
-3.27437
-3.69719
-4.0795
-4.41831
-4.71115
-4.95606
-5.15278
-5.29858
-5.39957
-5.44361
-5.45835
-5.41411
-5.39727
-5.24839
-5.24728
-4.89724
-5.04604
-4.28473
-4.88906
-3.30082
-4.93954
-1.80202
-5.39881
14.0872
14.1021
14.1179
14.1353
14.1531
14.1714
14.1909
14.2119
14.2345
14.2588
14.2835
14.3076
14.3315
14.3553
14.3787
14.4016
14.4239
14.4452
14.4653
14.4839
14.5006
14.5151
14.5269
14.5356
14.5407
14.5415
14.5375
14.5281
14.5124
14.4898
14.4594
14.4203
14.3717
14.3125
14.2418
14.1585
14.0618
13.9505
13.8237
13.6805
13.5201
13.3418
13.145
12.9292
12.6943
12.4402
12.1671
11.8756
11.5663
11.2404
10.8991
10.5441
10.1771
9.80022
9.4157
9.02589
8.63317
8.23998
7.8486
7.46136
7.07995
6.70682
6.34204
5.98965
5.64484
5.31906
4.99219
4.74241
4.49833
4.30215
4.01038
3.87011
3.46948
3.48186
2.84239
3.18889
2.07752
3.05043
1.10421
3.12642
12.1229
12.0849
12.0452
12.0032
11.9579
11.909
11.8564
11.7998
11.7393
11.6749
11.6064
11.5334
11.4558
11.3732
11.2852
11.1916
11.092
10.9858
10.8728
10.7525
10.6244
10.488
10.3427
10.1881
10.0235
9.84839
9.66208
9.46397
9.25339
9.02972
8.79228
8.54043
8.27354
7.99097
7.69219
7.37667
7.044
6.69382
6.32592
5.94022
5.53682
5.11598
4.67822
4.22431
3.75527
3.27245
2.77754
2.27255
1.75984
1.2421
0.722398
0.204085
-0.309231
-0.813629
-1.30515
-1.77966
-2.23303
-2.66119
-3.06026
-3.42667
-3.75716
-4.04897
-4.29957
-4.50826
-4.6713
-4.79456
-4.86425
-4.90453
-4.8841
-4.89348
-4.77395
-4.80059
-4.48876
-4.65671
-3.95437
-4.54582
-3.06557
-4.61574
-1.68295
-5.0579
12.1482
12.1619
12.1766
12.1926
12.209
12.2259
12.2438
12.2631
12.2839
12.3062
12.3295
12.3528
12.3758
12.399
12.4223
12.4455
12.4684
12.491
12.5129
12.534
12.5541
12.5728
12.5898
12.6049
12.6175
12.6272
12.6337
12.6363
12.6346
12.6279
12.6156
12.5969
12.5712
12.5376
12.4954
12.4436
12.3815
12.3081
12.2226
12.124
12.0116
11.8846
11.7423
11.584
11.4092
11.2178
11.0095
10.7844
10.5426
10.2849
10.0118
9.72435
9.4238
9.11159
8.78936
8.4589
8.12217
7.78118
7.43787
7.09446
6.75248
6.41445
6.08044
5.7549
5.433
5.12696
4.81645
4.57876
4.34372
4.15577
3.87275
3.73673
3.34867
3.35495
2.74261
3.05816
2.00866
2.90205
1.07754
2.94613
10.48
10.4477
10.4139
10.3781
10.3396
10.2981
10.2535
10.2056
10.1545
10.1
10.042
9.98042
9.91492
9.84529
9.77124
9.69249
9.60875
9.51966
9.42491
9.32411
9.21687
9.1028
8.98148
8.85243
8.71515
8.5692
8.41407
8.24921
8.07405
7.88805
7.69069
7.48137
7.25953
7.02463
6.77614
6.51363
6.23663
5.94477
5.63779
5.31552
4.97788
4.62493
4.25696
3.87442
3.47797
3.06852
2.64723
2.21558
1.77532
1.32847
0.877424
0.42484
-0.0263724
-0.472981
-0.911651
-1.33879
-1.75078
-2.14394
-2.51463
-2.85946
-3.17512
-3.45879
-3.70756
-3.92041
-4.09297
-4.23083
-4.31921
-4.37867
-4.37775
-4.40736
-4.31472
-4.36109
-4.08945
-4.2639
-3.63073
-4.18893
-2.83802
-4.27125
-1.57588
-4.69133
10.5018
10.5143
10.5273
10.5415
10.5559
10.5707
10.5864
10.6033
10.6219
10.6422
10.6641
10.6866
10.7089
10.731
10.7532
10.7756
10.798
10.8204
10.8426
10.8644
10.8857
10.9062
10.9258
10.9442
10.961
10.976
10.9887
10.9988
11.0059
11.0095
11.009
11.004
10.9938
10.9778
10.9553
10.9255
10.8878
10.8415
10.7857
10.7197
10.6426
10.5537
10.4523
10.3378
10.2095
10.067
9.90989
9.73792
9.55107
9.34941
9.13328
8.90321
8.65984
8.40413
8.13728
7.8605
7.57526
7.28324
6.98594
6.68529
6.38267
6.08042
5.77859
5.48173
5.18513
4.90114
4.60998
4.38619
4.16285
3.98403
3.71377
3.58076
3.21253
3.20683
2.63483
2.90588
1.93972
2.73155
1.05929
2.74126
8.63704
8.61113
8.58391
8.55512
8.52423
8.49108
8.45547
8.41725
8.37647
8.33314
8.28705
8.2381
8.18616
8.13098
8.07239
8.01017
7.94406
7.8738
7.79913
7.71979
7.63548
7.54585
7.45059
7.34941
7.2418
7.12745
7.00602
6.87699
6.73994
6.59444
6.44005
6.27629
6.10267
5.91873
5.72397
5.51806
5.30054
5.07099
4.82911
4.57467
4.30744
4.0273
3.73432
3.42865
3.1106
2.78066
2.43948
2.088
1.72736
1.35891
0.984314
0.605494
0.224602
-0.155904
-0.533381
-0.904925
-1.26754
-1.61803
-1.95319
-2.26981
-2.56473
-2.83507
-3.07779
-3.29133
-3.47131
-3.62157
-3.72936
-3.806
-3.82892
-3.87416
-3.81938
-3.8736
-3.66551
-3.82108
-3.29845
-3.78005
-2.61925
-3.87777
-1.49285
-4.28486
8.65511
8.66629
8.67797
8.69065
8.70386
8.71755
8.73192
8.74733
8.76392
8.78178
8.80096
8.82096
8.84114
8.86158
8.88249
8.90374
8.92537
8.9473
8.96941
8.9916
9.01375
9.03578
9.05752
9.07873
9.09925
9.11888
9.13735
9.15437
9.16961
9.18283
9.19361
9.20147
9.206
9.20683
9.20337
9.19494
9.18106
9.1612
9.13466
9.10069
9.05868
9.00787
8.94766
8.87743
8.79644
8.70416
8.60008
8.48363
8.35458
8.21265
8.05773
7.88996
7.70943
7.51656
7.312
7.09646
6.87077
6.63611
6.39357
6.14459
5.89032
5.63272
5.37207
5.11211
4.84962
4.59442
4.33178
4.12494
3.9224
3.75143
3.50846
3.36909
3.04569
3.00496
2.51415
2.70013
1.87623
2.5086
1.0618
2.48678
6.83054
6.81095
6.79039
6.76872
6.74549
6.72055
6.69375
6.66499
6.63431
6.60173
6.56707
6.53024
6.49126
6.44984
6.40592
6.35932
6.30979
6.25723
6.20143
6.14218
6.07929
6.01247
5.94151
5.86622
5.78618
5.70119
5.61098
5.51513
5.41337
5.30535
5.19074
5.06916
4.94023
4.80356
4.65869
4.50537
4.34318
4.17174
3.99071
3.79982
3.59876
3.38732
3.16534
2.93281
2.68973
2.43622
2.17256
1.89922
1.61678
1.32603
1.02797
0.723812
0.415049
0.103343
-0.209405
-0.52099
-0.829081
-1.13111
-1.42438
-1.70609
-1.97334
-2.22343
-2.45324
-2.66115
-2.84228
-3.00024
-3.12148
-3.21443
-3.25497
-3.32046
-3.2913
-3.37008
-3.19822
-3.3759
-2.9076
-3.39345
-2.32246
-3.54046
-1.31387
-4.00914
6.84472
6.8543
6.86438
6.87537
6.88692
6.89894
6.91152
6.92487
6.93902
6.95401
6.9699
6.98659
7.00384
7.02161
7.03997
7.05882
7.07822
7.0981
7.11843
7.13918
7.16018
7.1815
7.20307
7.22461
7.24613
7.26752
7.28861
7.30924
7.32915
7.34818
7.36612
7.38262
7.3974
7.41027
7.42074
7.42835
7.43276
7.43355
7.43018
7.42207
7.40873
7.38952
7.36391
7.33127
7.29093
7.24238
7.18496
7.11801
7.04112
6.95383
6.85565
6.74642
6.62584
6.49385
6.35061
6.1963
6.03124
5.85606
5.67134
5.47805
5.27691
5.06957
4.856
4.6398
4.41755
4.19927
3.97019
3.78939
3.60824
3.45743
3.23576
3.11315
2.81327
2.78169
2.32288
2.50282
1.73045
2.33139
0.969589
2.35626
5.45359
5.43867
5.42296
5.40641
5.38867
5.36962
5.34913
5.32719
5.30377
5.27885
5.25234
5.2242
5.19442
5.16276
5.1292
5.09363
5.0558
5.01568
4.97312
4.92795
4.88002
4.82909
4.77507
4.71774
4.65681
4.59216
4.5235
4.4506
4.37324
4.2911
4.20398
4.11154
4.01349
3.90954
3.79933
3.6826
3.55902
3.42828
3.29008
3.14412
2.99017
2.82796
2.65725
2.47798
2.29
2.0933
1.88795
1.67414
1.45217
1.22244
0.985563
0.742298
0.493587
0.240557
-0.015448
-0.272854
-0.529917
-0.784676
-1.03499
-1.27858
-1.51297
-1.73583
-1.94425
-2.13683
-2.30853
-2.46315
-2.5864
-2.68602
-2.73549
-2.813
-2.80007
-2.89684
-2.75035
-2.94868
-2.51925
-3.0192
-2.01312
-3.22051
-1.11179
-3.76001
5.46478
5.47292
5.4814
5.49053
5.50007
5.51002
5.52047
5.53151
5.54333
5.55604
5.56964
5.58409
5.59922
5.61476
5.63064
5.64699
5.66394
5.68139
5.69935
5.71782
5.73663
5.75587
5.77556
5.79547
5.81567
5.83601
5.85639
5.87681
5.89703
5.91692
5.93642
5.95525
5.97323
5.99027
6.00596
6.02004
6.03227
6.04229
6.04972
6.05417
6.05525
6.05245
6.04535
6.03338
6.01605
5.99289
5.96325
5.92655
5.88232
5.8301
5.76925
5.69947
5.62033
5.5315
5.43284
5.32423
5.20563
5.07728
4.93935
4.79241
4.63678
4.47376
4.30286
4.12755
3.94397
3.76227
3.56718
3.4138
3.2553
3.12689
2.92786
2.82604
2.54962
2.53503
2.10339
2.29303
1.55825
2.15901
0.854239
2.2486
4.34657
4.3351
4.32303
4.3103
4.29666
4.28204
4.26633
4.24952
4.23157
4.21245
4.19213
4.17056
4.14775
4.12348
4.09776
4.07052
4.04158
4.01091
3.97835
3.94379
3.90713
3.86819
3.8269
3.78305
3.73647
3.68708
3.63458
3.57883
3.51969
3.45687
3.39023
3.31949
3.24441
3.16479
3.08034
2.99082
2.89596
2.79554
2.68928
2.57691
2.45824
2.33304
2.20105
2.06217
1.91624
1.76318
1.60297
1.43566
1.26138
1.08033
0.892892
0.699508
0.500789
0.29749
0.090526
-0.118981
-0.329784
-0.540421
-0.749267
-0.954533
-1.15422
-1.34647
-1.52867
-1.69986
-1.85504
-1.99835
-2.11519
-2.21372
-2.26538
-2.34755
-2.34396
-2.45078
-2.32375
-2.53435
-2.14101
-2.64574
-1.70658
-2.89322
-0.911689
-3.48164
4.35544
4.36221
4.36932
4.37694
4.38491
4.39327
4.40205
4.41128
4.42113
4.43174
4.4431
4.45523
4.46807
4.48141
4.49499
4.50901
4.5236
4.53866
4.55424
4.57032
4.58683
4.60381
4.62126
4.63907
4.65727
4.67577
4.69447
4.71342
4.73245
4.75144
4.7704
4.78912
4.80744
4.82533
4.84247
4.85871
4.87388
4.88769
4.89987
4.91015
4.91821
4.92369
4.92623
4.92543
4.92086
4.91216
4.89879
4.88025
4.85611
4.82595
4.78918
4.74543
4.69431
4.63534
4.56827
4.49286
4.40881
4.31619
4.21488
4.10516
3.98701
3.86146
3.72762
3.58882
3.44071
3.29343
3.13124
3.00498
2.86949
2.76396
2.58902
2.5089
2.2588
2.26194
1.86272
2.06135
1.37277
1.9696
0.735101
2.11004
3.41187
3.40311
3.39389
3.38415
3.37372
3.36258
3.35061
3.3378
3.32413
3.30955
3.29406
3.27763
3.26023
3.24173
3.22214
3.20142
3.17942
3.1561
3.13138
3.10514
3.07731
3.04777
3.01649
2.98325
2.94796
2.91056
2.87082
2.82864
2.78389
2.73637
2.68597
2.63248
2.57568
2.51545
2.45155
2.38379
2.31197
2.23585
2.15527
2.06995
1.97977
1.8845
1.78392
1.67791
1.56629
1.44899
1.3259
1.19701
1.06235
0.922008
0.776178
0.625121
0.469211
0.308942
0.14492
-0.0220863
-0.191184
-0.361316
-0.531275
-0.69973
-0.865078
-1.02593
-1.18
-1.32679
-1.46147
-1.58863
-1.69353
-1.78562
-1.83458
-1.91598
-1.9162
-2.02707
-1.914
-2.13061
-1.76853
-2.27205
-1.39729
-2.5569
-0.705292
-3.17749
3.41879
3.42426
3.43003
3.4362
3.44268
3.44946
3.45657
3.46406
3.47201
3.48056
3.48974
3.49957
3.51003
3.521
3.53225
3.54381
3.55584
3.5683
3.58122
3.59463
3.6085
3.6228
3.63754
3.65269
3.66826
3.68421
3.70044
3.71701
3.73382
3.7508
3.76794
3.7851
3.80217
3.81916
3.83579
3.85199
3.86767
3.88258
3.89654
3.90934
3.92073
3.93047
3.93828
3.94384
3.94682
3.94689
3.94369
3.9368
3.92578
3.91032
3.88992
3.86418
3.83277
3.79519
3.75114
3.70036
3.64245
3.57732
3.50475
3.42483
3.3373
3.24302
3.14079
3.03379
2.91734
2.80148
2.67008
2.56969
2.45663
2.37368
2.22309
2.16515
1.9426
1.96454
1.59985
1.80867
1.16942
1.76225
0.605512
1.94829
2.61049
2.60396
2.59707
2.58979
2.58202
2.57372
2.5648
2.55525
2.54505
2.53416
2.52258
2.51031
2.49729
2.48347
2.46886
2.4534
2.43697
2.41956
2.40112
2.38156
2.36081
2.33881
2.31551
2.29077
2.26451
2.2367
2.20715
2.1758
2.14256
2.10727
2.06986
2.03015
1.988
1.94332
1.89593
1.84567
1.7924
1.73592
1.67613
1.61279
1.5458
1.47498
1.40014
1.32118
1.23791
1.15028
1.05814
0.961457
0.860204
0.754396
0.644106
0.529483
0.410716
0.288135
0.162107
0.0331438
-0.0981405
-0.231014
-0.36461
-0.497963
-0.629857
-0.759287
-0.884327
-1.00492
-1.11645
-1.22402
-1.31291
-1.39445
-1.43684
-1.51311
-1.51252
-1.62248
-1.51816
-1.7358
-1.39947
-1.89796
-1.08017
-2.2104
-0.483573
-2.84978
2.61573
2.62001
2.6245
2.62931
2.63436
2.63966
2.64522
2.65106
2.65726
2.6639
2.67103
2.67867
2.68682
2.69544
2.70438
2.71353
2.72299
2.73281
2.74303
2.75366
2.76469
2.7761
2.7879
2.80007
2.81262
2.82555
2.83876
2.85232
2.86618
2.88028
2.89462
2.90909
2.92366
2.93832
2.95287
2.96728
2.9815
2.99534
3.00868
3.0214
3.03327
3.04414
3.05385
3.06209
3.06865
3.07327
3.07569
3.07556
3.07254
3.06637
3.05662
3.04295
3.02509
3.00256
2.97507
2.94237
2.90405
2.85996
2.80977
2.75355
2.69088
2.62248
2.54698
2.46744
2.37888
2.29131
2.18823
2.11213
2.02051
1.95939
1.83281
1.79706
1.60236
1.64403
1.31447
1.53591
0.945683
1.53726
0.458885
1.77053
1.90539
1.90073
1.89579
1.89058
1.88503
1.8791
1.87273
1.86592
1.85863
1.85083
1.84253
1.83373
1.8244
1.81452
1.80406
1.79298
1.78123
1.76877
1.75559
1.74162
1.72679
1.71108
1.69444
1.67677
1.65806
1.63822
1.61714
1.59481
1.57112
1.54598
1.51933
1.49105
1.46103
1.42922
1.39547
1.35967
1.32172
1.28149
1.23888
1.19375
1.14599
1.09545
1.04203
0.985618
0.926078
0.863359
0.797324
0.727934
0.655152
0.578945
0.49934
0.416407
0.330245
0.241045
0.149024
0.0545104
-0.042108
-0.140342
-0.239602
-0.33924
-0.438362
-0.536337
-0.63156
-0.724435
-0.810588
-0.895606
-0.964996
-1.03242
-1.06486
-1.13212
-1.1266
-1.23098
-1.13082
-1.34437
-1.02865
-1.51718
-0.751479
-1.84383
-0.244734
-2.47221
1.9092
1.91238
1.91571
1.91929
1.92305
1.92703
1.93121
1.93559
1.94024
1.9452
1.95053
1.95624
1.96236
1.96886
1.97567
1.98263
1.98974
1.99711
2.0048
2.0128
2.02108
2.02967
2.0386
2.04782
2.05733
2.06716
2.07724
2.08761
2.09825
2.10911
2.1202
2.13144
2.14283
2.15436
2.16588
2.1774
2.1889
2.20021
2.21126
2.22201
2.23229
2.24198
2.25098
2.25906
2.26611
2.27192
2.2763
2.27903
2.27983
2.27851
2.27474
2.26827
2.25886
2.24616
2.22989
2.20986
2.18567
2.15721
2.12413
2.08647
2.04374
1.9966
1.9436
1.8877
1.82366
1.76152
1.68446
1.63108
1.55992
1.51978
1.41679
1.40297
1.23633
1.29811
1.0041
1.23893
0.698137
1.28869
0.292379
1.56128
1.28285
1.27978
1.27654
1.2731
1.26944
1.2655
1.26129
1.25679
1.25193
1.24672
1.24119
1.23531
1.22906
1.22245
1.21545
1.208
1.20012
1.19178
1.18293
1.17354
1.1636
1.15307
1.14191
1.13006
1.11753
1.10423
1.09012
1.07518
1.05934
1.04254
1.02474
1.00587
0.985863
0.96467
0.942196
0.918389
0.893172
0.866444
0.838174
0.808243
0.776584
0.743104
0.707723
0.670366
0.630953
0.589438
0.545708
0.499752
0.451527
0.400992
0.348156
0.293047
0.235717
0.176267
0.114816
0.0515586
-0.0132765
-0.079392
-0.146413
-0.213958
-0.281402
-0.348457
-0.413806
-0.478298
-0.537794
-0.598402
-0.645846
-0.696629
-0.716536
-0.771983
-0.757959
-0.853564
-0.752499
-0.959427
-0.657079
-1.13318
-0.412765
-1.45367
0.00686878
-2.01122
1.28536
1.28743
1.28962
1.29197
1.29443
1.29702
1.29973
1.30256
1.30556
1.30876
1.31219
1.31587
1.31985
1.32412
1.32863
1.33328
1.33799
1.34286
1.34796
1.35326
1.35876
1.36446
1.37042
1.37657
1.3829
1.38947
1.39622
1.40318
1.41032
1.41764
1.42512
1.43274
1.44048
1.44833
1.45621
1.46413
1.4721
1.47998
1.48773
1.49535
1.50272
1.50974
1.51639
1.52251
1.52804
1.53282
1.53674
1.53967
1.54142
1.54185
1.54075
1.53795
1.53328
1.52649
1.51742
1.50587
1.49155
1.47442
1.45415
1.43082
1.4039
1.37408
1.33982
1.30409
1.26143
1.22194
1.16848
1.13615
1.08409
1.06392
0.983371
0.991233
0.851332
0.934226
0.67345
0.923868
0.429014
1.0165
0.106086
1.30454
0.643196
0.641624
0.640086
0.638553
0.636977
0.635337
0.633602
0.631724
0.629646
0.627365
0.624908
0.622271
0.619458
0.616482
0.613327
0.609967
0.606416
0.602655
0.598648
0.594389
0.589874
0.58507
0.579958
0.574513
0.568715
0.562531
0.555939
0.548924
0.541438
0.533456
0.524943
0.515869
0.506197
0.495892
0.484909
0.473226
0.46079
0.447539
0.433473
0.418513
0.402641
0.385808
0.367953
0.349048
0.329063
0.30797
0.285695
0.262255
0.237614
0.211751
0.184675
0.156395
0.126934
0.0963423
0.0646702
0.0320163
-0.00151024
-0.0357681
-0.0705619
-0.105731
-0.140898
-0.176074
-0.210234
-0.24461
-0.275402
-0.309082
-0.331992
-0.363228
-0.368253
-0.408597
-0.384018
-0.465433
-0.364362
-0.551809
-0.276622
-0.701595
-0.0823961
-0.958667
0.211773
-1.31598
0.644596
0.645914
0.647487
0.649376
0.651621
0.65427
0.657335
0.660868
0.6649
0.66941
0.674344
0.679599
0.685028
0.6904
0.695449
0.699917
0.703603
0.706586
0.709138
0.711563
0.714044
0.716604
0.719273
0.722025
0.724863
0.727807
0.730852
0.734003
0.737241
0.740596
0.744048
0.747584
0.751202
0.7549
0.758643
0.76243
0.766274
0.770115
0.773918
0.777709
0.7814
0.784944
0.78836
0.791547
0.794477
0.797072
0.799267
0.800993
0.80216
0.802694
0.802504
0.801475
0.799537
0.796539
0.792396
0.78702
0.780209
0.772011
0.762148
0.750767
0.737377
0.722732
0.705251
0.68789
0.665172
0.647018
0.61647
0.604437
0.571403
0.570671
0.51349
0.541745
0.431973
0.530843
0.313956
0.561062
0.14448
0.669241
-0.0709957
0.898713
0.243908
0.24355
0.242992
0.242228
0.241258
0.240104
0.23879
0.23733
0.235736
0.234034
0.232236
0.230335
0.228313
0.226159
0.22387
0.221441
0.218876
0.216172
0.213315
0.210318
0.207184
0.2039
0.20048
0.196918
0.193215
0.189381
0.185408
0.181309
0.177087
0.172739
0.168265
0.163679
0.158976
0.154156
0.149227
0.144186
0.139031
0.133754
0.128363
0.122835
0.117189
0.111407
0.105464
0.0993614
0.0930968
0.0866544
0.0800003
0.073156
0.0660873
0.0587856
0.0512499
0.0434699
0.0354436
0.0271764
0.0186702
0.00994467
0.00101993
-0.00807934
-0.0172932
-0.0266286
-0.0358905
-0.0453283
-0.0541364
-0.0638192
-0.07098
-0.0819943
-0.0846395
-0.0985215
-0.0915594
-0.116597
-0.0864355
-0.146503
-0.0601613
-0.199714
0.00214351
-0.28903
0.108883
-0.41299
0.237208
-0.46692
0.244002
0.243814
0.243362
0.24258
0.241397
0.239738
0.237517
0.234686
0.231218
0.22713
0.222512
0.217533
0.212441
0.207542
0.203198
0.199773
0.197522
0.196501
0.196453
0.196957
0.197666
0.198402
0.199155
0.199929
0.200724
0.201526
0.202337
0.20315
0.203946
0.204749
0.205537
0.20631
0.207059
0.207791
0.208507
0.20919
0.209859
0.210495
0.211103
0.211701
0.212249
0.212743
0.21322
0.213633
0.213991
0.214282
0.214484
0.214588
0.214567
0.214413
0.214114
0.213621
0.212935
0.211999
0.210792
0.209311
0.207442
0.205304
0.202679
0.199788
0.196169
0.192644
0.187626
0.184033
0.176568
0.174557
0.162219
0.165478
0.148197
0.161241
0.125651
0.164218
0.0892484
0.181675
0.0322805
0.222582
-0.0488457
0.294198
-0.135381
0.389299
)
;

boundaryField
{
    inlet
    {
        type            freestreamPressure;
        freestreamValue uniform 0;
        value           nonuniform List<scalar> 
134
(
5.0764
4.44487
3.62229
2.7095
1.85007
1.04694
0.406279
-0.0200587
-0.223223
-0.189104
-0.0334565
-0.0724875
-0.173949
-0.310471
-0.482395
-0.687253
-0.922165
-1.1842
-1.47215
-1.78674
5.55275
-2.13045
-2.50112
-2.87887
-3.22132
-3.4657
-3.58593
-3.78022
-3.79906
-3.86261
-4.559
-4.20713
-4.18957
-4.23125
-4.25382
-4.24672
-4.23645
-4.26473
-4.38549
-4.53709
5.86273
6.00524
5.8442
5.343
4.43747
3.07317
1.23772
-4.90874
-4.76182
-4.55835
-4.41428
-4.2982
-4.17214
-4.03435
-3.89412
-3.75427
-3.61335
-3.47004
-3.32436
-3.17642
-3.02556
-2.87059
-2.7095
-2.53847
-2.35456
-2.15061
-2.01227
-1.88727
-1.74757
-1.59492
-1.43044
-1.24091
-1.0095
-0.660524
-0.234349
0.291178
0.650386
1.04795
1.41172
1.74399
2.04887
2.29208
2.45347
2.54106
2.56344
2.53832
2.48419
2.41541
2.34172
2.27635
2.24396
2.25808
2.28677
2.30282
2.30928
2.31368
2.31737
2.31828
2.31478
2.30675
2.295
2.28262
2.27631
2.29492
2.36629
2.54515
2.61284
2.52987
2.43279
2.36621
2.31073
2.25005
2.18494
2.11952
2.05462
1.98937
1.92318
1.85571
1.78665
1.71519
1.64002
1.55925
1.4693
1.36709
1.24015
1.17503
1.12131
1.05219
0.971512
0.88286
0.77851
0.65049
0.448134
0.194124
)
;
    }
    outlet
    {
        type            freestreamPressure;
        freestreamValue uniform 0;
        value           nonuniform List<scalar> 
160
(
1.61778e-06
1.61837e-06
1.61403e-06
1.6158e-06
1.60767e-06
1.6098e-06
1.59867e-06
1.5997e-06
1.58714e-06
1.58499e-06
1.57359e-06
1.56516e-06
1.55864e-06
1.53993e-06
1.54309e-06
1.50958e-06
1.52779e-06
1.47469e-06
1.51347e-06
1.43648e-06
1.50042e-06
1.39659e-06
1.48817e-06
1.35712e-06
1.47604e-06
1.32036e-06
1.46346e-06
1.28846e-06
1.45022e-06
1.26342e-06
1.43621e-06
1.24639e-06
1.42137e-06
1.23703e-06
1.40575e-06
1.23342e-06
1.38923e-06
1.2329e-06
1.37182e-06
1.2342e-06
1.35362e-06
1.23616e-06
1.33453e-06
1.23823e-06
1.31453e-06
1.24031e-06
1.29375e-06
1.24231e-06
1.27198e-06
1.24429e-06
1.24946e-06
1.24599e-06
1.226e-06
1.24765e-06
1.20173e-06
1.24892e-06
1.17662e-06
1.24992e-06
1.15069e-06
1.25066e-06
1.12387e-06
1.25097e-06
1.09624e-06
1.25093e-06
1.0678e-06
1.25032e-06
1.03846e-06
1.24936e-06
1.00832e-06
1.2478e-06
9.77291e-07
1.24573e-06
9.45379e-07
1.24312e-06
9.12474e-07
1.23987e-06
8.7862e-07
1.23599e-06
8.43665e-07
1.23159e-06
8.07623e-07
1.22629e-06
7.70486e-07
1.22024e-06
7.31912e-07
1.21347e-06
6.92004e-07
1.20574e-06
6.50612e-07
1.19711e-06
6.07704e-07
1.18744e-06
5.62929e-07
1.17664e-06
5.1647e-07
1.16462e-06
4.68046e-07
1.15123e-06
4.17586e-07
1.13644e-06
3.65073e-07
1.12018e-06
3.10441e-07
1.10221e-06
2.53684e-07
1.08262e-06
1.94871e-07
1.06104e-06
1.34065e-07
1.03758e-06
7.14717e-08
1.01218e-06
7.33223e-09
9.84424e-07
-5.80565e-08
9.55151e-07
-1.24111e-07
9.23061e-07
-1.90706e-07
8.90099e-07
-2.56197e-07
8.53136e-07
-3.22235e-07
8.18063e-07
-3.82498e-07
7.74825e-07
-4.48213e-07
7.41725e-07
-4.93144e-07
6.87689e-07
-5.66156e-07
6.65953e-07
-5.72842e-07
5.90341e-07
-6.66645e-07
5.98984e-07
-5.99619e-07
5.05229e-07
-7.81181e-07
5.67159e-07
-5.3389e-07
3.8998e-07
-9.86934e-07
5.72513e-07
-3.32729e-07
2.3856e-07
-1.40734e-06
6.56463e-07
9.53603e-09
6.6639e-08
-2.30207e-06
9.02558e-07
3.07515e-07
-6.15117e-08
-4.18882e-06
1.50143e-06
2.18545e-07
-5.29331e-08
-6.82278e-06
2.82124e-06
)
;
    }
    walls
    {
        type            zeroGradient;
    }
    frontAndBack
    {
        type            empty;
    }
}


// ************************************************************************* //
