/*--------------------------------*- C++ -*----------------------------------*\
| =========                 |                                                 |
| \\      /  F ield         | OpenFOAM: The Open Source CFD Toolbox           |
|  \\    /   O peration     | Version:  v1806                                 |
|   \\  /    A nd           | Web:      www.OpenFOAM.com                      |
|    \\/     M anipulation  |                                                 |
\*---------------------------------------------------------------------------*/
FoamFile
{
    version     2.0;
    format      ascii;
    class       volScalarField;
    location    "333";
    object      p;
}
// * * * * * * * * * * * * * * * * * * * * * * * * * * * * * * * * * * * * * //

dimensions      [0 2 -2 0 0 0 0];


internalField   nonuniform List<scalar> 
10720
(
-1899.43
-2399.53
-2980.6
-3522.62
-3987.83
-4449.2
-4831.59
-5123.28
-5356.26
-5511.53
-5609.19
-5662.31
-5672.75
-5644.16
-5579.76
-5478.51
-5348.49
-5182.8
-4989.17
-4760.04
-4502.06
-4210.7
-3899.49
-3573.98
-3254.51
-2970.38
-2714.98
-2466.41
-2222.48
-1984.14
-1750.09
-1519.24
-1290.78
-1063.13
-834.688
-598.902
-355.128
-70.6417
190.567
-1368.5
-878.664
-314.396
245.033
761.627
1207.07
1556.31
1790.02
1908.29
1940.61
1918.85
1849.06
1749.85
1641.69
1532.32
1422.63
1314.97
1209.62
1106.28
1003
899.579
794.61
688.48
583.077
487.707
408.148
339.818
281.062
232.017
193.095
164.011
144.251
133.282
131.055
137.613
154.959
186.053
249.593
369.276
-782.917
-1173.15
-1596.81
-2030.27
-2461.54
-2890.55
-3292.32
-3655.07
-3978.57
-4254.32
-4481.94
-4661.32
-4792.71
-4877.2
-4916.89
-4912.57
-4867.74
-4779.81
-4652.93
-4484.35
-4278.73
-4035.3
-3765.09
-3475.49
-3185.08
-2919.41
-2675.27
-2435.31
-2198
-1964.84
-1735.01
-1507.6
-1281.93
-1056.5
-829.78
-595.308
-352.529
-68.3875
188.633
-423.779
-73.7444
287.873
656.934
1006.93
1320.67
1578.04
1761.71
1865.78
1902.41
1886.24
1827.21
1741.91
1644.51
1541.92
1436.72
1331.41
1227.12
1123.94
1020.83
917.537
813.235
708.379
604.985
510.377
429.534
359.457
298.8
247.82
206.95
175.967
154.415
141.866
138.261
143.662
160.087
190.456
253.596
367.595
-600.302
-951.269
-1334.3
-1747.82
-2163.53
-2575.81
-2975.98
-3346.34
-3677.61
-3964.79
-4200.54
-4386.1
-4525.57
-4620.69
-4672.67
-4682.45
-4651.45
-4579.69
-4469.36
-4320.08
-4134.64
-3914.07
-3666.45
-3399.68
-3128.97
-2875.28
-2638.84
-2406.19
-2175.08
-1946.91
-1721.11
-1496.93
-1273.79
-1050.37
-825.189
-591.94
-350.141
-66.9288
188.166
-274.896
53.987
394.407
732.534
1044.97
1321.16
1546.51
1708.78
1805.08
1845.12
1838.27
1792.22
1719.63
1631.47
1535.01
1434.17
1331.72
1229.28
1127.37
1025.49
923.361
820.544
717.448
615.949
521.911
440.159
369.198
307.761
256.013
214.333
182.532
160.2
146.939
142.688
147.545
163.544
193.608
256.15
364.93
-288.896
-583.837
-912.504
-1265.15
-1626.45
-1994.54
-2358.43
-2706.83
-3031.24
-3325.48
-3583.89
-3804.29
-3986.17
-4128.99
-4230.78
-4289.87
-4305.93
-4279
-4209.97
-4099.38
-3949.33
-3762.14
-3544.68
-3305.4
-3057.6
-2819.12
-2593.1
-2369.69
-2146.3
-1924.37
-1703.71
-1483.7
-1263.89
-1043.09
-819.947
-588.338
-347.895
-66.3255
187.259
-19.2991
247.273
523.712
803.696
1065.25
1300.64
1496.95
1642.15
1733.38
1776.96
1778.67
1744.8
1684.96
1607.98
1520.55
1426.83
1329.68
1231.05
1131.84
1032.05
931.637
830.501
729.143
629.382
536.107
453.865
382.145
319.818
267.03
224.189
191.198
167.709
153.359
148.122
152.151
167.489
197.013
258.565
362.245
-156.416
-420.339
-715.835
-1036.29
-1366.02
-1706.68
-2049.13
-2382.42
-2699.84
-2994.7
-3260.28
-3492.62
-3689
-3847.14
-3964.41
-4040.23
-4074.1
-4066.09
-4016.63
-3926.64
-3797.68
-3632.43
-3436.62
-3218.32
-2989.07
-2763.73
-2546.92
-2331.68
-2115.42
-1899.49
-1684
-1468.38
-1252.26
-1034.49
-813.812
-584.279
-345.632
-66.3232
184.978
85.8747
324.25
571.454
820.333
1051.57
1260.61
1436.85
1569.58
1656.97
1703.35
1712.41
1689.54
1641.82
1576.17
1498.4
1412.5
1321.45
1227.4
1131.6
1034.51
936.366
837.338
738.052
640.265
548.111
465.767
393.493
330.457
276.826
233.039
199.068
174.617
159.37
153.322
156.662
171.429
200.422
260.863
359.408
-43.3966
-277.066
-540.795
-826.665
-1121.69
-1429.52
-1741.27
-2048.36
-2345.7
-2626.81
-2885.95
-3118.95
-3322.23
-3492.76
-3627.96
-3726.54
-3786.35
-3806.24
-3785.46
-3724.31
-3623.79
-3486.35
-3316.87
-3122.85
-2914.45
-2704.33
-2498.16
-2291.8
-2083.08
-1873.36
-1663.1
-1451.95
-1239.6
-1025.03
-807.038
-579.904
-343.459
-67.0983
181.304
170.703
380.041
598.251
819.252
1025.01
1212.6
1372.67
1495.35
1579.4
1627.71
1642.73
1629.17
1592.29
1537.48
1469.58
1392.22
1308.22
1219.81
1128.43
1034.9
939.714
843.293
746.392
650.742
559.932
477.788
405.163
341.569
287.198
242.509
207.552
182.098
165.887
158.941
161.491
175.577
203.912
262.993
356.324
24.4852
-186.812
-426.141
-686.112
-954.179
-1235.84
-1523.18
-1808.51
-2088.33
-2356.71
-2608.46
-2839.56
-3045.88
-3223.79
-3370.23
-3482.35
-3557.61
-3594.36
-3591.63
-3549.66
-3469.26
-3352.65
-3204.1
-3030.32
-2840.17
-2644.2
-2448.43
-2250.84
-2049.69
-1846.29
-1641.35
-1434.72
-1226.22
-1014.94
-799.807
-575.314
-341.462
-68.7531
176.252
218.165
406.676
603.744
803.581
989.676
1160.37
1307.37
1421.89
1502.82
1552.14
1571.94
1566.04
1538.57
1493.7
1435.39
1366.68
1290.18
1208
1121.72
1032.36
940.651
847.259
753.056
659.755
570.547
488.954
416.247
352.282
297.309
251.818
215.945
189.539
172.397
164.576
166.346
179.737
207.358
264.874
353.008
72.493
-119.309
-337.312
-574.021
-817.757
-1075.02
-1338.42
-1601.29
-1861.21
-2113.06
-2352.22
-2575.19
-2777.97
-2956.8
-3108.3
-3229.35
-3317.46
-3370.45
-3386.49
-3365.08
-3306.35
-3211.99
-3085.47
-2932.68
-2761.32
-2580.35
-2395.88
-2207.64
-2014.56
-1817.86
-1618.55
-1416.68
-1212.2
-1004.35
-792.205
-570.556
-339.659
-71.2631
169.796
248.421
419.07
598.174
780.333
950.196
1106.88
1242.91
1350.49
1428.41
1478.07
1501.49
1501.78
1482.28
1446.26
1396.89
1336.66
1267.82
1192.31
1111.67
1027.06
939.375
849.459
758.297
667.585
580.245
499.534
427.009
362.861
307.425
261.234
224.512
197.188
179.126
170.42
171.375
184.01
210.814
266.536
349.495
103.382
-72.2803
-272.359
-489.582
-712.751
-948.941
-1191.46
-1434.26
-1675.91
-1911.85
-2138.15
-2351.89
-2549.29
-2726.66
-2880.64
-3007.9
-3105.24
-3170.2
-3200.33
-3194.72
-3153.27
-3077.3
-2969.68
-2835.5
-2681.39
-2514.81
-2341.61
-2162.79
-1977.89
-1788.13
-1594.67
-1397.78
-1197.52
-993.281
-784.276
-565.647
-337.998
-74.4992
162.002
264.631
420.63
584.904
752.366
908.681
1053.59
1180.31
1281.86
1356.8
1406.32
1432.38
1437.58
1424.71
1396.4
1355.16
1302.97
1241.7
1173.03
1098.38
1018.94
935.723
849.676
761.874
674.007
588.797
509.286
437.22
373.098
317.36
270.59
233.101
204.912
185.954
176.368
176.495
188.33
214.232
267.956
345.778
123.303
-38.4147
-222.901
-423.041
-628.169
-845.615
-1069.14
-1293.33
-1517.42
-1737.37
-1949.91
-2152.62
-2342.07
-2514.96
-2667.96
-2797.65
-2900.76
-2974.74
-3016.87
-3025.61
-3000.4
-2941.99
-2852.56
-2736.38
-2599.07
-2446.85
-2285.2
-2116.06
-1939.57
-1756.98
-1569.6
-1377.92
-1182.11
-981.69
-776.025
-560.606
-336.421
-78.3201
153.073
271.923
415.38
566.977
721.887
866.649
1001.39
1120.13
1216.26
1288.24
1337.3
1365.23
1374.25
1366.83
1345.11
1311.11
1266.37
1212.37
1150.53
1082.07
1008.11
929.713
847.883
763.752
678.988
596.173
518.174
446.855
382.976
327.109
279.891
241.726
212.729
192.907
182.448
181.728
192.709
217.613
269.141
341.873
135.097
-14.5609
-185.488
-370.745
-560.081
-761.004
-967.647
-1175.1
-1382.99
-1587.83
-1786.91
-1978.32
-2158.96
-2325.91
-2476.07
-2606.15
-2712.83
-2793.34
-2844.81
-2865.16
-2853.52
-2810.24
-2736.93
-2637.1
-2515.45
-2377.08
-2226.96
-2067.6
-1899.66
-1724.45
-1543.37
-1357.11
-1165.95
-969.555
-767.439
-555.447
-334.911
-82.6338
143.242
272.799
405.482
546.139
690.208
824.968
950.854
1062.58
1153.81
1222.91
1271.24
1300.38
1312.36
1309.36
1293.22
1265.56
1227.58
1180.43
1125.21
1062.96
994.678
921.363
844.046
763.86
682.444
602.28
526.092
455.806
392.402
336.586
289.064
250.329
220.593
199.944
188.625
187.045
197.124
220.937
270.09
337.795
141.155
2.09652
-156.869
-328.97
-504.355
-690.557
-882.021
-1074.24
-1267.21
-1457.8
-1643.79
-1823.71
-1994.86
-2154.7
-2300.4
-2428.85
-2536.86
-2621.56
-2680.16
-2710.16
-2710.33
-2680.61
-2622.04
-2537.39
-2430.52
-2305.59
-2166.95
-2017.45
-1858.2
-1690.54
-1515.97
-1335.32
-1149.03
-956.868
-758.514
-550.188
-333.486
-87.406
132.686
269.296
392.563
523.657
658.213
784.208
902.286
1007.74
1094.48
1160.79
1208.17
1238.05
1252.27
1252.83
1241.35
1219.18
1187.24
1146.41
1097.52
1041.37
978.813
910.753
838.173
762.169
684.334
607.066
532.972
464.001
401.309
345.737
298.064
258.874
228.478
207.05
194.889
192.438
201.564
224.192
270.806
333.56
143.07
13.3742
-134.957
-295.364
-458.351
-631.401
-809.24
-987.658
-1166.96
-1344.35
-1517.94
-1686.66
-1848.16
-2000.28
-2140.53
-2266.05
-2373.8
-2460.91
-2524.67
-2562.36
-2572.38
-2554.35
-2508.84
-2437.96
-2344.8
-2232.69
-2105.35
-1965.72
-1815.23
-1655.27
-1487.39
-1312.56
-1131.33
-943.624
-749.252
-544.837
-332.183
-92.6123
121.491
262.723
377.724
500.338
626.473
744.676
855.828
955.631
1038.17
1101.82
1148.1
1178.33
1194.2
1197.6
1189.99
1172.52
1145.92
1110.84
1067.88
1017.62
960.732
897.995
830.296
758.663
684.621
610.477
538.741
471.36
409.62
354.492
306.832
267.313
236.347
214.194
201.214
197.885
206.012
227.364
271.293
329.185
142.007
20.6617
-118.137
-268.062
-419.946
-581.182
-746.741
-912.643
-1079.45
-1244.62
-1406.54
-1564.47
-1716.39
-1860.48
-1994.6
-2116.16
-2222.31
-2310.3
-2377.48
-2421.15
-2439.34
-2431.37
-2397.43
-2339.03
-2258.57
-2158.63
-2042.33
-1912.51
-1770.81
-1618.66
-1457.63
-1288.81
-1112.86
-929.816
-739.652
-539.397
-331.038
-98.2355
109.713
254.08
361.708
476.777
595.357
706.579
811.509
906.149
984.796
1045.89
1090.97
1121.25
1138.31
1143.95
1139.51
1126.03
1104.1
1074.18
1036.7
992.038
940.673
883.236
820.492
753.369
683.293
612.478
543.343
477.812
417.264
362.785
315.311
275.599
244.16
221.345
207.577
203.368
210.45
230.439
271.56
324.687
138.804
24.9798
-105.228
-245.696
-387.596
-538.178
-692.607
-847.162
-1002.54
-1156.41
-1307.44
-1455.11
-1597.73
-1733.77
-1861.38
-1978.28
-2081.86
-2169.53
-2238.7
-2286.84
-2311.61
-2312.14
-2288.29
-2241.04
-2172.22
-2083.73
-1978.09
-1857.94
-1725.01
-1580.75
-1426.72
-1264.08
-1093.6
-915.439
-729.711
-533.866
-330.059
-104.263
97.4086
244.066
345.074
453.339
565.109
670.02
769.312
859.217
934.213
992.874
1036.67
1066.76
1084.63
1092.03
1090.2
1080.08
1062.2
1036.87
1004.38
964.954
918.885
866.648
808.865
746.335
680.356
613.042
546.728
483.292
424.173
370.55
323.44
283.678
251.875
228.47
213.95
208.865
214.859
233.403
271.614
320.089
134.094
27.0921
-95.3266
-227.218
-360.089
-500.995
-645.31
-789.537
-934.452
-1077.91
-1218.81
-1356.83
-1490.5
-1618.6
-1739.54
-1851.33
-1951.61
-2037.98
-2107.95
-2159.19
-2189.17
-2196.79
-2181.65
-2144.31
-2086.06
-2008.26
-1912.84
-1802.16
-1677.94
-1541.6
-1394.68
-1238.38
-1073.56
-900.487
-719.425
-528.242
-329.248
-110.661
84.633
233.187
328.215
430.31
535.887
635.055
729.195
814.73
886.306
942.625
985.1
1014.83
1033.22
1041.96
1042.24
1034.95
1020.54
999.267
971.284
936.692
895.637
848.431
795.543
737.626
675.837
612.17
548.865
487.747
430.281
377.722
331.157
291.498
259.446
235.531
220.303
214.349
219.221
236.244
271.468
315.409
128.351
27.5559
-87.7603
-211.821
-336.486
-468.571
-603.679
-738.465
-873.79
-1007.69
-1139.19
-1268.14
-1393.3
-1513.67
-1627.95
-1734.37
-1830.83
-1915.17
-1984.98
-2038.17
-2072.12
-2085.54
-2077.81
-2049.16
-2000.44
-1932.52
-1846.82
-1745.34
-1629.7
-1501.28
-1361.55
-1211.73
-1052.73
-884.962
-708.794
-522.521
-328.592
-117.392
71.4408
221.816
311.411
407.873
507.78
601.703
691.092
772.567
840.942
895.001
936.135
965.368
984.036
993.787
995.779
990.844
979.407
961.68
937.733
907.565
871.198
828.797
780.678
727.341
669.784
609.869
549.733
491.132
435.532
384.239
338.402
299.003
266.826
242.489
226.604
219.793
223.513
238.947
271.131
310.67
121.924
26.8087
-81.9778
-198.884
-316.032
-440.069
-566.741
-692.892
-819.414
-944.493
-1067.29
-1187.78
-1304.9
-1417.86
-1525.57
-1626.5
-1718.82
-1800.54
-1869.43
-1923.56
-1960.41
-1978.47
-1976.98
-1955.88
-1915.67
-1856.83
-1780.28
-1687.66
-1580.43
-1459.87
-1327.37
-1184.14
-1031.14
-868.867
-697.819
-516.696
-328.079
-124.405
57.9019
210.229
294.854
386.147
480.837
569.933
654.932
732.609
797.97
849.871
889.653
918.29
937.054
947.554
950.911
947.931
939.024
924.378
904.014
877.854
845.824
807.962
764.438
715.596
662.267
606.168
549.326
493.414
439.874
390.042
345.115
306.135
273.964
249.299
232.815
225.169
227.715
241.501
270.617
305.896
115.077
25.191
-77.5914
-187.898
-298.165
-414.799
-533.731
-651.944
-770.385
-887.331
-1002.07
-1114.67
-1224.23
-1330.12
-1431.44
-1526.88
-1614.84
-1693.54
-1760.93
-1815.2
-1854
-1875.67
-1879.33
-1864.72
-1832.05
-1781.46
-1713.46
-1629.32
-1530.26
-1417.48
-1292.22
-1155.67
-1008.81
-852.208
-686.497
-510.763
-327.693
-131.648
44.0838
198.631
278.683
365.211
455.077
539.705
620.624
694.742
757.265
807.09
845.524
873.493
892.209
903.241
907.683
906.319
899.56
887.58
870.374
847.82
819.765
786.142
746.992
702.512
653.369
601.117
547.657
494.574
443.267
395.079
351.239
312.839
280.807
255.917
238.899
230.444
231.801
243.895
269.94
301.109
108.014
22.9594
-74.2738
-178.487
-282.407
-392.228
-504.023
-614.941
-725.93
-835.371
-942.631
-1047.89
-1150.35
-1249.53
-1344.7
-1434.74
-1518.26
-1593.66
-1659.09
-1712.83
-1752.79
-1777.18
-1785.01
-1775.9
-1749.83
-1706.69
-1646.62
-1570.51
-1479.37
-1374.2
-1256.16
-1126.34
-985.743
-834.998
-674.833
-504.711
-327.414
-139.063
30.0588
187.169
263
345.113
430.501
510.984
588.083
658.858
718.699
766.533
803.638
830.893
849.446
860.831
866.128
866.094
861.149
851.465
837.028
817.69
793.249
763.551
728.528
688.239
643.192
594.774
544.748
494.603
445.68
399.304
356.72
319.058
287.304
262.295
244.814
235.584
235.75
246.118
269.114
296.333
100.88
20.3096
-71.7684
-170.334
-268.39
-371.91
-477.12
-581.302
-685.409
-787.911
-888.26
-986.684
-1082.51
-1175.35
-1264.64
-1349.42
-1428.46
-1500.39
-1563.51
-1616.21
-1656.66
-1682.97
-1694.12
-1689.61
-1669.27
-1632.78
-1580
-1511.45
-1427.9
-1330.17
-1219.28
-1096.23
-961.991
-817.252
-662.828
-498.53
-327.213
-146.589
15.9076
175.958
247.869
325.876
407.091
483.711
557.236
624.86
682.164
728.089
763.882
790.385
808.693
820.295
826.25
827.305
823.883
816.172
804.153
787.669
766.487
740.392
709.226
672.928
631.851
587.212
540.638
493.509
447.092
402.677
361.508
324.74
293.4
268.384
250.519
240.556
239.536
248.16
268.152
291.591
93.7962
17.3983
-69.8839
-163.192
-255.809
-353.488
-452.597
-550.55
-648.277
-744.36
-838.299
-930.377
-1020
-1106.88
-1190.58
-1270.26
-1344.89
-1413.25
-1473.81
-1525.07
-1565.43
-1593
-1606.71
-1605.99
-1590.58
-1559.99
-1513.84
-1452.36
-1376.04
-1285.54
-1181.68
-1065.4
-937.587
-798.99
-650.485
-492.207
-327.061
-154.161
1.71573
165.074
233.336
307.507
384.822
457.826
527.996
592.649
647.538
691.635
726.148
751.882
769.874
781.58
788.036
789.977
787.837
781.812
771.894
757.931
739.67
716.858
689.264
656.729
619.463
578.52
535.381
491.311
447.494
405.168
365.561
329.833
299.044
274.134
255.97
245.321
243.135
250.01
267.066
286.905
86.8487
14.3409
-68.4587
-156.863
-244.43
-336.67
-430.116
-522.288
-614.111
-704.231
-792.222
-878.391
-962.219
-1043.51
-1121.9
-1196.7
-1267.02
-1331.78
-1389.62
-1439.15
-1478.95
-1507.21
-1522.82
-1525.18
-1513.93
-1488.52
-1448.37
-1393.45
-1323.98
-1240.43
-1143.48
-1033.92
-912.582
-780.234
-637.811
-485.726
-326.921
-161.719
-12.4316
154.568
219.432
290.011
363.664
433.278
500.29
562.13
614.725
657.062
690.33
715.283
732.912
744.637
751.469
754.124
753.053
748.466
740.368
728.618
712.962
693.122
668.815
639.799
606.162
568.798
529.041
488.042
446.889
406.757
368.84
334.291
304.185
279.497
261.12
249.843
246.52
251.66
265.869
282.295
80.0997
11.2325
-67.3712
-151.188
-234.043
-321.217
-409.391
-496.191
-582.522
-667.117
-749.582
-830.253
-908.671
-984.704
-1058.09
-1128.23
-1194.37
-1255.54
-1310.56
-1358.14
-1397.02
-1425.5
-1442.45
-1447.23
-1439.48
-1418.58
-1383.82
-1334.92
-1271.9
-1195.02
-1104.79
-1001.87
-887.031
-761.02
-624.811
-479.072
-326.751
-169.19
-26.4423
144.485
206.162
273.373
343.588
410.012
474.036
533.213
583.62
624.28
656.336
680.506
697.734
709.405
716.504
719.735
719.559
716.194
709.668
699.855
686.511
669.343
648.037
622.289
592.077
558.149
521.693
483.743
445.291
407.434
371.315
338.071
308.776
284.423
265.926
254.085
249.666
253.101
264.572
277.779
73.5922
8.1457
-66.5213
-146.038
-224.483
-306.928
-390.179
-471.974
-553.2
-632.653
-709.977
-785.526
-858.9
-930.02
-998.685
-1064.39
-1126.5
-1184.15
-1236.31
-1281.79
-1319.46
-1347.76
-1365.56
-1372.22
-1367.35
-1350.34
-1320.37
-1276.98
-1219.98
-1149.45
-1065.73
-969.358
-860.995
-741.374
-611.497
-472.223
-326.509
-176.507
-40.2333
134.848
193.537
257.575
324.549
387.963
449.159
505.814
554.141
593.19
624.067
647.459
664.265
675.828
683.108
686.797
687.363
685.037
679.865
671.74
660.435
645.661
627.078
604.34
577.34
546.683
513.42
478.47
442.724
407.196
372.969
341.138
312.771
288.865
270.343
258.007
252.549
254.324
263.182
273.375
67.3619
5.13359
-65.8325
-141.311
-215.624
-293.642
-372.291
-449.413
-525.879
-600.54
-673.081
-743.855
-812.516
-879.037
-943.26
-1004.77
-1063
-1117.23
-1166.52
-1209.82
-1246.06
-1273.87
-1292.12
-1300.17
-1297.65
-1283.96
-1258.22
-1219.82
-1168.41
-1103.9
-1026.46
-936.479
-834.544
-721.345
-597.87
-465.167
-326.142
-183.598
-53.7202
125.672
181.549
242.593
306.506
367.076
425.593
479.849
526.196
563.702
593.44
616.063
632.43
643.842
651.234
655.284
656.461
655.015
651.005
644.349
634.84
622.196
606.069
586.088
562.073
534.509
504.31
472.286
439.225
406.055
373.784
343.464
316.132
292.781
274.329
261.574
255.142
255.321
261.708
269.093
61.4332
2.23302
-65.2405
-136.921
-207.354
-281.217
-355.558
-428.312
-500.331
-570.518
-638.6
-704.924
-769.192
-831.402
-891.455
-948.987
-1003.53
-1054.45
-1100.9
-1141.96
-1176.61
-1203.69
-1222.05
-1231.07
-1230.44
-1219.55
-1197.53
-1163.63
-1117.37
-1058.51
-987.087
-903.345
-807.754
-700.964
-583.955
-457.881
-325.607
-190.404
-66.8206
116.963
170.187
228.402
289.425
347.298
403.274
455.248
499.703
535.731
564.37
586.238
602.154
613.381
620.828
625.16
626.844
626.14
623.127
617.744
609.809
599.052
585.131
567.66
546.406
521.741
494.458
465.258
434.839
404.028
373.76
345.025
318.825
296.128
277.842
264.75
257.421
256.082
260.152
264.944
55.8186
-0.519962
-64.7021
-132.796
-199.583
-269.541
-339.838
-408.507
-476.364
-542.375
-606.293
-668.469
-728.627
-786.81
-842.943
-896.723
-947.756
-995.484
-1039.16
-1077.96
-1110.94
-1137.08
-1155.27
-1164.93
-1165.76
-1157.23
-1138.42
-1108.56
-1067.03
-1013.46
-947.768
-870.06
-780.708
-680.287
-569.755
-450.35
-324.857
-196.854
-79.4582
108.719
159.44
214.98
273.262
328.578
382.14
431.94
474.587
509.199
536.776
557.907
573.37
584.39
591.846
596.39
598.489
598.411
596.25
591.97
585.407
576.316
564.37
549.171
530.45
508.486
483.956
457.465
429.615
401.144
372.901
345.81
320.821
298.872
280.845
267.502
259.362
256.599
258.519
260.931
50.5255
-3.10764
-64.1767
-128.885
-192.238
-258.522
-325.017
-389.853
-453.812
-515.92
-575.941
-634.241
-690.566
-744.975
-797.431
-847.682
-895.386
-940.059
-981.04
-1017.58
-1048.82
-1073.88
-1091.69
-1101.7
-1103.65
-1097.05
-1081.04
-1054.76
-1017.54
-968.909
-908.642
-836.747
-753.483
-659.366
-555.293
-442.555
-323.832
-202.89
-91.5555
100.939
149.29
202.294
257.975
310.863
362.126
409.856
450.775
484.029
510.584
530.996
546.006
556.801
564.233
568.931
571.367
571.814
570.381
567.051
561.686
554.064
543.871
530.719
514.311
494.846
472.899
448.984
423.615
397.44
371.223
345.813
322.102
300.982
283.304
269.798
260.943
256.863
256.806
257.058
45.5577
-5.51521
-63.6352
-125.143
-185.255
-248.075
-310.994
-372.226
-432.531
-490.979
-547.361
-602.034
-654.774
-705.655
-754.665
-801.592
-846.147
-887.903
-926.28
-960.602
-990.087
-1013.96
-1031.22
-1041.33
-1044.1
-1039.09
-1025.47
-1002.37
-969.057
-924.989
-869.842
-803.517
-726.174
-638.249
-540.59
-434.481
-322.495
-208.448
-103.039
93.6131
139.717
190.315
243.526
294.105
343.178
388.934
428.199
460.152
485.721
505.435
519.997
530.551
537.93
542.739
545.448
546.336
545.52
543.008
538.685
532.349
523.711
512.393
498.087
480.921
461.38
439.895
416.901
392.959
368.748
345.037
322.653
302.435
285.189
271.611
262.142
256.864
255.012
253.319
40.9131
-7.73174
-63.0579
-121.533
-178.585
-238.136
-297.685
-355.529
-412.402
-467.422
-520.394
-571.673
-621.06
-668.636
-714.416
-758.219
-799.802
-838.786
-874.658
-906.817
-934.543
-957.161
-973.731
-983.771
-987.105
-983.377
-971.794
-951.491
-921.71
-881.847
-831.502
-770.485
-698.865
-617.001
-525.663
-426.119
-320.799
-213.476
-113.849
86.7308
130.703
179.014
229.876
278.255
325.242
369.109
406.797
437.503
462.123
481.156
495.276
505.583
512.884
517.767
520.694
521.949
521.659
519.848
516.427
511.218
503.952
494.273
481.865
466.802
449.487
430.279
409.541
387.752
365.506
343.494
322.47
303.213
286.478
272.917
262.94
256.594
253.131
249.708
36.5881
-9.75334
-62.4275
-118.03
-172.187
-228.65
-285.02
-339.677
-393.324
-445.123
-494.901
-543.001
-589.249
-633.731
-676.483
-717.353
-756.13
-792.487
-825.964
-856.028
-882.017
-903.339
-919.128
-928.94
-932.638
-929.924
-920.067
-902.22
-875.612
-839.609
-793.748
-737.768
-671.648
-595.677
-510.541
-417.46
-318.704
-217.924
-123.928
80.2783
122.228
168.363
216.984
263.269
308.265
350.327
386.506
416.015
439.723
458.099
471.785
481.84
489.044
493.967
497.068
498.625
498.781
497.572
494.93
490.703
484.644
476.422
465.723
452.572
437.305
420.216
401.603
381.872
361.534
341.203
321.556
303.307
287.152
273.698
263.321
256.042
251.156
246.213
32.5743
-11.5784
-61.7329
-114.61
-166.027
-219.568
-272.935
-324.586
-375.198
-423.972
-470.755
-515.878
-559.185
-600.775
-640.688
-678.803
-714.938
-748.81
-780.007
-808.049
-832.343
-852.349
-867.296
-876.768
-880.66
-878.738
-870.331
-854.627
-830.865
-798.387
-756.697
-705.466
-644.611
-574.337
-495.253
-408.496
-316.177
-221.749
-133.223
74.2417
114.267
158.33
204.816
249.103
292.198
332.537
367.266
395.631
418.461
436.202
449.46
459.26
466.354
471.293
474.526
476.334
476.863
476.169
474.2
470.826
465.828
458.896
449.725
438.307
424.911
409.782
393.159
375.378
356.877
338.191
319.922
302.714
287.201
273.939
263.27
255.2
249.077
242.819
28.863
-13.2078
-60.9667
-111.255
-160.075
-210.851
-261.38
-310.196
-357.946
-403.877
-447.847
-490.178
-530.731
-569.61
-606.867
-642.398
-676.051
-707.578
-736.607
-762.714
-785.361
-804.056
-818.12
-827.163
-831.119
-829.805
-822.612
-808.774
-787.55
-758.285
-720.452
-673.686
-617.837
-553.044
-479.827
-399.233
-313.185
-224.911
-141.697
68.6054
106.799
148.888
193.337
235.716
276.996
315.682
349.026
376.291
398.276
415.401
428.244
437.787
444.76
449.693
453.026
455.038
455.884
455.627
454.236
451.602
447.529
441.736
433.929
424.072
412.38
399.051
384.276
368.33
351.582
334.492
317.587
301.44
286.62
273.63
262.779
254.059
246.884
239.51
25.4449
-14.6457
-60.1248
-107.953
-154.31
-202.467
-250.312
-296.45
-341.505
-384.759
-426.086
-465.8
-503.772
-540.111
-574.877
-607.987
-639.307
-668.622
-695.602
-719.863
-740.922
-758.328
-771.492
-780.047
-783.957
-783.096
-776.917
-764.701
-745.737
-719.385
-685.112
-642.519
-591.41
-531.859
-464.298
-389.673
-309.715
-227.387
-149.315
63.3522
99.8006
140.007
182.511
223.067
262.61
299.715
331.732
357.942
379.113
395.646
408.081
417.37
424.214
429.123
432.527
434.705
435.813
435.927
435.031
433.036
429.771
424.979
418.383
409.925
399.776
388.091
375.022
360.79
345.701
330.145
314.577
299.498
285.413
272.767
261.839
252.611
244.563
236.262
22.3071
-15.8966
-59.2056
-104.694
-148.713
-194.386
-239.689
-283.298
-325.812
-366.545
-405.389
-442.644
-478.196
-512.157
-544.592
-575.432
-604.562
-631.796
-656.84
-679.348
-698.885
-715.038
-727.298
-735.324
-739.111
-738.578
-733.241
-722.43
-705.475
-681.759
-650.756
-612.051
-565.406
-510.84
-448.703
-379.825
-305.753
-229.152
-156.054
58.4659
93.2509
131.659
172.305
211.12
249.001
284.591
315.333
340.532
360.921
376.88
388.919
397.955
404.662
409.533
412.984
415.295
416.621
417.047
416.574
415.129
412.564
408.65
403.126
395.918
387.157
376.967
365.462
352.819
339.288
325.194
310.923
296.908
283.588
271.353
260.448
250.849
242.104
233.055
19.438
-16.9673
-58.2093
-101.471
-143.269
-186.586
-229.483
-270.701
-310.814
-349.173
-385.679
-420.627
-453.909
-485.641
-515.893
-544.607
-571.686
-596.966
-620.185
-641.035
-659.12
-674.064
-685.43
-692.907
-696.512
-696.207
-691.563
-681.97
-666.798
-645.465
-617.457
-582.354
-539.893
-490.045
-433.078
-369.708
-301.289
-230.195
-161.899
53.9296
87.1268
123.818
162.688
199.836
236.126
270.263
299.784
324.011
343.647
359.051
370.707
379.493
386.058
390.876
394.356
396.768
398.274
398.963
398.849
397.875
395.918
392.769
388.19
382.092
374.576
365.736
355.658
344.479
332.399
319.687
306.665
293.698
281.163
269.395
258.607
248.769
239.491
229.864
16.8251
-17.865
-57.1372
-98.2792
-137.967
-179.048
-219.664
-258.619
-296.464
-332.587
-366.895
-399.674
-430.828
-460.471
-488.679
-515.401
-540.559
-564.007
-585.51
-604.793
-621.503
-635.291
-645.784
-652.702
-656.083
-655.928
-651.859
-643.318
-629.728
-610.543
-585.27
-553.494
-514.938
-469.528
-417.462
-359.342
-296.332
-230.512
-166.843
49.7241
81.4071
116.457
153.628
189.18
223.948
256.691
285.04
308.332
327.244
342.112
353.393
361.932
368.352
373.109
376.599
379.089
380.739
381.647
381.836
381.267
379.83
377.348
373.599
368.484
362.078
354.451
345.666
335.828
325.092
313.675
301.843
289.899
278.16
266.908
256.321
246.368
236.712
226.665
14.4556
-18.5993
-55.9919
-95.1147
-132.798
-171.753
-210.206
-247.021
-282.726
-316.738
-348.978
-379.719
-408.875
-436.563
-462.855
-487.715
-511.075
-532.806
-552.7
-570.509
-585.916
-598.605
-608.257
-614.618
-617.75
-617.683
-614.088
-606.461
-594.274
-577.021
-554.237
-525.526
-490.596
-449.342
-401.897
-348.752
-290.89
-230.108
-170.889
45.8337
76.0694
109.552
145.095
179.12
212.428
243.834
271.056
293.451
311.665
326.015
336.932
345.227
351.5
356.186
359.671
362.217
363.982
365.071
365.515
365.288
364.3
362.396
359.371
355.124
349.703
343.161
335.542
326.923
317.422
307.212
296.506
285.551
274.608
263.908
253.599
243.646
233.757
223.435
12.3159
-19.1779
-54.7783
-91.9767
-127.752
-164.689
-201.091
-235.879
-269.56
-301.582
-331.873
-360.699
-387.982
-413.836
-438.337
-461.454
-483.133
-503.259
-521.646
-538.072
-552.253
-563.904
-572.749
-578.566
-581.434
-581.408
-578.205
-571.372
-560.429
-544.914
-524.394
-498.49
-466.913
-429.533
-386.421
-337.967
-284.985
-228.997
-174.049
42.2411
71.0947
103.077
137.063
169.624
201.533
231.655
257.794
279.326
296.867
310.715
321.279
329.333
335.456
340.064
343.532
346.114
347.971
349.206
349.863
349.925
349.32
347.914
345.52
342.034
337.484
331.909
325.335
317.817
309.445
300.35
290.701
280.695
270.54
260.422
250.455
240.605
230.614
220.15
10.393
-19.6104
-53.5004
-88.8647
-122.826
-157.844
-192.299
-225.169
-256.936
-287.081
-315.538
-342.564
-368.088
-392.224
-415.048
-436.536
-456.643
-475.269
-492.249
-507.381
-520.412
-531.084
-539.164
-544.456
-547.056
-547.038
-544.16
-538.017
-528.179
-514.224
-495.757
-472.421
-443.932
-410.142
-371.074
-327.022
-278.64
-227.202
-176.339
38.93
66.4614
97.0091
129.502
160.661
191.227
220.116
245.215
265.917
282.808
296.172
306.391
314.209
320.179
324.703
328.142
330.745
332.669
334.024
334.855
335.16
334.881
333.902
332.055
329.234
325.45
320.73
315.089
308.562
301.215
293.145
284.481
275.376
265.993
256.475
246.907
237.249
227.276
216.79
8.67341
-19.9061
-52.1635
-85.7793
-118.014
-151.208
-183.815
-214.868
-244.827
-273.199
-299.929
-325.262
-349.136
-371.662
-392.918
-412.884
-431.524
-448.75
-464.416
-478.34
-490.295
-500.049
-507.41
-512.201
-514.535
-514.502
-511.895
-506.354
-497.497
-484.944
-468.335
-447.339
-421.685
-391.209
-355.895
-315.952
-271.89
-224.75
-177.788
35.8836
62.1513
91.3246
122.389
152.201
181.479
209.184
233.283
253.184
269.449
282.343
292.227
299.812
305.629
310.063
313.463
316.072
318.046
319.493
320.467
320.973
320.969
320.354
318.98
316.738
313.625
309.659
304.845
299.205
292.783
285.648
277.897
269.643
261.009
252.102
242.976
233.588
223.736
213.336
7.14506
-20.075
-50.7726
-82.7218
-113.311
-144.773
-175.627
-204.958
-233.205
-259.904
-285.006
-308.749
-331.074
-352.092
-371.881
-390.426
-407.698
-423.621
-438.061
-450.86
-461.812
-470.712
-477.396
-481.715
-483.791
-483.726
-481.348
-476.336
-468.351
-457.057
-442.127
-423.259
-400.195
-372.766
-340.921
-304.795
-264.77
-221.679
-178.428
33.0858
58.145
86.0026
115.697
144.219
172.26
198.826
221.961
241.092
256.752
269.192
278.747
286.103
291.767
296.106
299.46
302.062
304.067
305.585
306.675
307.347
307.571
307.266
306.297
304.556
302.029
298.724
294.641
289.79
284.198
277.912
271.001
263.545
255.632
247.335
238.686
229.633
219.993
209.771
5.79483
-20.1259
-49.3345
-79.6936
-108.717
-138.531
-167.72
-195.419
-222.047
-247.168
-270.738
-292.984
-313.857
-333.463
-351.88
-369.098
-385.095
-399.803
-413.105
-424.857
-434.877
-442.982
-449.037
-452.915
-454.744
-454.638
-452.454
-447.908
-440.702
-430.537
-417.123
-400.185
-379.48
-354.84
-326.187
-293.591
-257.323
-218.029
-178.299
30.5218
54.4243
81.0222
109.402
136.686
163.538
189.009
211.218
229.605
244.681
256.679
265.916
273.046
278.555
282.796
286.095
288.681
290.703
292.272
293.451
294.258
294.674
294.63
294.006
292.696
290.677
287.949
284.509
280.357
275.506
269.987
263.844
257.131
249.906
242.214
234.064
225.399
216.046
206.082
4.61055
-20.0684
-47.855
-76.697
-104.231
-132.475
-160.084
-186.236
-211.335
-234.964
-257.09
-277.929
-297.44
-315.724
-332.86
-348.84
-363.649
-377.228
-389.472
-400.253
-409.41
-416.779
-422.25
-425.717
-427.315
-427.165
-425.147
-421.015
-414.503
-405.351
-393.304
-378.111
-359.551
-337.455
-311.725
-282.38
-249.593
-213.847
-177.445
28.1764
50.9718
76.3627
103.482
129.578
155.289
179.707
201.022
218.692
233.203
244.773
253.698
260.605
265.96
270.098
273.338
275.897
277.922
279.527
280.774
281.689
282.26
282.434
282.103
281.163
279.582
277.356
274.478
270.942
266.751
261.92
256.476
250.45
243.877
236.777
229.14
220.902
211.899
202.261
3.58033
-19.9115
-46.3396
-73.7344
-99.8486
-126.601
-152.709
-177.396
-201.047
-223.269
-244.034
-263.552
-281.783
-298.831
-314.77
-329.596
-343.3
-355.829
-367.092
-376.974
-385.332
-392.022
-396.954
-400.043
-401.427
-401.232
-399.359
-395.594
-389.704
-381.462
-370.645
-357.029
-340.41
-320.626
-297.564
-271.2
-241.624
-209.184
-175.915
26.035
47.7708
72.0049
97.9157
122.871
147.485
170.888
191.344
208.322
222.286
233.439
242.06
248.747
253.947
257.981
261.154
263.678
265.697
267.321
268.619
269.618
270.315
270.669
270.584
269.959
268.755
266.963
264.574
261.578
257.97
253.755
248.944
243.552
237.591
231.065
223.946
216.162
207.559
198.301
2.69265
-19.6643
-44.7948
-70.8087
-95.5706
-120.905
-145.587
-168.885
-191.166
-212.059
-231.544
-249.818
-266.852
-282.742
-297.561
-311.313
-323.989
-335.545
-345.899
-354.95
-362.572
-368.636
-373.074
-375.815
-377.003
-376.765
-375.021
-371.584
-366.251
-358.828
-349.117
-336.921
-322.056
-304.367
-283.729
-260.088
-233.467
-204.09
-173.762
24.0843
44.8054
67.9311
92.6821
116.541
140.101
162.528
182.154
198.464
211.899
222.647
230.971
237.442
242.487
246.413
249.514
251.997
253.999
255.632
256.962
258.025
258.822
259.323
259.444
259.085
258.202
256.784
254.819
252.295
249.201
245.534
241.294
236.48
231.093
225.117
218.513
211.203
203.035
194.2
1.93656
-19.3354
-43.2259
-67.9224
-91.3964
-115.381
-138.71
-160.692
-181.676
-201.315
-219.593
-236.7
-252.609
-267.416
-281.192
-293.943
-305.663
-316.316
-325.83
-334.115
-341.058
-346.548
-350.534
-352.96
-353.969
-353.692
-352.064
-348.92
-344.089
-337.4
-328.684
-317.767
-304.483
-288.684
-270.245
-249.082
-225.165
-198.62
-171.04
22.3108
42.0604
64.123
87.761
110.568
133.114
154.601
173.427
189.091
202.013
212.367
220.4
226.658
231.549
235.366
238.391
240.826
242.803
244.432
245.782
246.891
247.765
248.385
248.676
248.541
247.93
246.832
245.233
243.119
240.476
237.295
233.566
229.281
224.426
218.974
212.876
206.047
198.339
189.958
1.30162
-18.9331
-41.6388
-65.0781
-87.3252
-110.026
-132.069
-152.804
-172.561
-191.017
-208.158
-224.168
-239.023
-252.817
-265.62
-277.438
-288.272
-298.089
-306.826
-314.404
-320.724
-325.69
-329.263
-331.403
-332.252
-331.941
-330.418
-327.539
-323.16
-317.131
-309.309
-299.54
-287.678
-273.583
-257.129
-238.215
-216.764
-192.827
-167.806
20.7018
39.5209
60.5644
83.1349
104.931
126.501
147.083
165.136
180.176
192.601
202.573
210.321
216.368
221.105
224.811
227.758
230.139
232.084
233.701
235.058
236.197
237.13
237.843
238.273
238.323
237.943
237.116
235.832
234.073
231.825
229.073
225.801
221.995
217.631
212.675
207.068
200.72
193.488
185.582
0.777384
-18.4654
-40.0389
-62.2789
-83.3571
-104.836
-125.659
-145.211
-163.809
-181.148
-197.218
-212.196
-226.063
-238.91
-250.805
-261.756
-271.767
-280.81
-288.829
-295.757
-301.508
-305.994
-309.193
-311.075
-311.782
-311.442
-310.015
-307.377
-303.405
-297.97
-290.95
-282.212
-271.625
-259.062
-244.396
-227.515
-208.309
-186.764
-164.117
19.2453
37.1733
57.2399
78.785
99.6095
120.241
139.95
157.259
171.696
183.637
193.236
200.706
206.546
211.129
214.723
217.588
219.911
221.819
223.415
224.77
225.926
226.9
227.686
228.227
228.431
228.242
227.646
226.63
225.178
223.273
220.898
218.034
214.66
210.748
206.256
201.12
195.248
188.496
181.078
0.354398
-17.9399
-38.4314
-59.527
-79.4918
-99.8086
-119.471
-137.903
-155.404
-171.688
-186.75
-200.759
-213.701
-225.662
-236.709
-246.854
-256.102
-264.429
-271.789
-278.119
-283.347
-287.397
-290.256
-291.907
-292.489
-292.126
-290.789
-288.371
-284.765
-279.865
-273.565
-265.751
-256.307
-245.117
-232.058
-217.01
-199.84
-180.483
-160.03
17.93
35.004
54.1337
74.6948
94.5859
114.314
133.182
149.772
163.625
175.099
184.334
191.532
197.167
201.598
205.078
207.86
210.121
211.985
213.554
214.898
216.06
217.061
217.901
218.53
218.858
218.829
218.427
217.639
216.451
214.844
212.8
210.298
207.313
203.813
199.754
195.067
189.657
183.384
176.456
0.0233552
-17.3638
-36.8218
-56.825
-75.7289
-94.94
-113.502
-130.871
-147.333
-162.622
-176.735
-189.834
-201.908
-213.042
-223.299
-232.694
-241.234
-248.9
-255.651
-261.434
-266.184
-269.839
-272.391
-273.835
-274.307
-273.928
-272.674
-270.456
-267.183
-262.764
-257.11
-250.124
-241.703
-231.742
-220.124
-206.724
-191.395
-174.032
-155.599
16.7447
33.0009
51.2323
70.8483
89.8419
108.701
126.758
142.654
155.942
166.961
175.843
182.774
188.208
192.487
195.854
198.549
200.746
202.563
204.1
205.425
206.584
207.6
208.477
209.173
209.602
209.704
209.463
208.869
207.906
206.557
204.802
202.62
199.984
196.86
193.201
188.938
183.974
178.17
171.731
-0.224421
-16.744
-35.2142
-54.1753
-72.0686
-90.2276
-107.743
-124.105
-139.586
-153.934
-167.154
-179.397
-190.658
-201.018
-210.54
-219.238
-227.123
-234.178
-240.369
-245.649
-249.963
-253.259
-255.536
-256.796
-257.173
-256.783
-255.608
-253.573
-250.6
-246.615
-241.541
-235.295
-227.789
-218.926
-208.597
-196.677
-183.008
-167.458
-150.878
15.6793
31.1519
48.5217
67.2307
85.3614
103.384
120.659
135.884
148.625
159.203
167.74
174.411
179.647
183.776
187.029
189.637
191.767
193.533
195.033
196.334
197.481
198.501
199.404
200.15
200.657
200.866
200.759
200.327
199.557
198.43
196.927
195.027
192.703
189.92
186.63
182.764
178.225
172.877
166.915
-0.397131
-16.0871
-33.6135
-51.5801
-68.5103
-85.6681
-102.191
-117.597
-132.149
-145.61
-157.987
-169.427
-179.926
-189.563
-198.4
-206.45
-213.727
-220.219
-225.895
-230.715
-234.632
-237.603
-239.632
-240.729
-241.024
-240.628
-239.528
-237.661
-234.962
-231.367
-226.813
-221.23
-214.54
-206.658
-197.48
-186.885
-174.71
-160.804
-145.918
14.7239
29.4456
45.9893
63.8272
81.1281
98.3457
114.866
129.443
141.654
151.805
160.006
166.422
171.464
175.444
178.583
181.103
183.165
184.877
186.336
187.607
188.737
189.754
190.669
191.451
192.019
192.313
192.316
192.02
191.413
190.476
189.193
187.542
185.495
183.02
180.068
176.571
172.435
167.524
162.027
-0.502675
-15.3992
-32.0237
-49.0414
-65.054
-81.2591
-96.8378
-111.339
-125.011
-137.634
-149.219
-159.904
-169.688
-178.65
-186.846
-194.296
-201.01
-206.981
-212.184
-216.583
-220.139
-222.816
-224.623
-225.577
-225.802
-225.405
-224.377
-222.664
-220.212
-216.969
-212.882
-207.892
-201.93
-194.922
-186.772
-177.362
-166.528
-154.109
-140.767
13.8693
27.8715
43.623
60.6245
77.1276
93.5698
109.362
123.314
135.012
144.746
152.621
158.788
163.639
167.472
170.498
172.93
174.921
176.579
177.993
179.232
180.339
181.344
182.263
183.067
183.681
184.042
184.135
183.952
183.482
182.71
181.617
180.183
178.384
176.186
173.542
170.387
166.628
162.133
157.081
-0.548321
-14.686
-30.4489
-46.5609
-61.699
-76.9978
-91.6796
-105.322
-118.162
-129.994
-140.83
-150.806
-159.921
-168.251
-175.852
-182.742
-188.936
-194.427
-199.193
-203.208
-206.436
-208.847
-210.456
-211.284
-211.45
-211.056
-210.097
-208.526
-206.299
-203.374
-199.705
-195.245
-189.934
-183.705
-176.47
-168.117
-158.486
-147.407
-135.469
13.1066
26.4194
41.4112
57.6096
73.3452
89.0409
104.131
117.478
128.678
138.009
145.567
151.491
156.155
159.843
162.757
165.1
167.021
168.621
169.99
171.192
172.272
173.26
174.175
174.992
175.638
176.051
176.216
176.127
175.773
175.139
174.211
172.969
171.389
169.439
167.075
164.234
160.826
156.724
152.097
-0.540963
-13.9532
-28.8929
-44.1404
-58.4454
-72.8811
-86.7106
-99.5386
-111.59
-122.674
-132.806
-142.114
-150.601
-158.34
-165.386
-171.757
-177.468
-182.516
-186.883
-190.546
-193.475
-195.647
-197.079
-197.797
-197.914
-197.526
-196.632
-195.193
-193.171
-190.533
-187.24
-183.254
-178.522
-172.987
-166.568
-159.158
-150.602
-140.73
-130.066
12.4277
25.0799
39.3433
54.7703
69.7676
84.7448
99.1571
111.919
122.637
131.576
138.826
144.513
148.994
152.54
155.343
157.598
159.448
160.99
162.312
163.475
164.525
165.492
166.396
167.217
167.883
168.336
168.558
168.545
168.288
167.774
166.988
165.913
164.526
162.798
160.688
158.135
155.053
151.318
147.092
-0.487172
-13.2058
-27.3589
-41.7818
-55.2927
-68.9068
-81.9262
-93.9811
-105.286
-115.663
-125.13
-133.81
-141.708
-148.894
-155.422
-161.31
-166.574
-171.213
-175.213
-178.554
-181.212
-183.168
-184.443
-185.064
-185.141
-184.763
-183.932
-182.614
-180.78
-178.4
-175.446
-171.883
-167.669
-162.751
-157.057
-150.488
-142.894
-134.106
-124.593
11.8249
23.8442
37.4093
52.0956
66.3826
80.6676
94.4249
106.622
116.871
125.431
132.382
137.839
142.141
145.547
148.24
150.409
152.187
153.672
154.945
156.068
157.085
158.027
158.916
159.734
160.412
160.893
161.16
161.21
161.033
160.62
159.957
159.028
157.812
156.282
154.4
152.109
149.326
145.934
142.083
-0.393115
-12.4487
-25.8503
-39.4865
-52.2403
-65.0721
-77.321
-88.6418
-99.2385
-108.947
-117.787
-125.875
-133.22
-139.889
-145.933
-151.371
-156.221
-160.482
-164.145
-167.192
-169.603
-171.366
-172.501
-173.039
-173.083
-172.718
-171.946
-170.741
-169.078
-166.932
-164.282
-161.099
-157.346
-152.978
-147.929
-142.108
-135.373
-127.559
-119.084
11.2907
22.704
35.5996
49.5746
63.1784
76.7967
89.9212
101.572
111.366
119.559
126.221
131.454
135.581
138.85
141.436
143.518
145.226
146.653
147.877
148.959
149.942
150.856
151.726
152.535
153.218
153.718
154.019
154.119
154.01
153.683
153.125
152.323
151.258
149.904
148.227
146.173
143.666
140.591
137.089
-0.264526
-11.6866
-24.3706
-37.2559
-49.288
-61.3748
-72.8906
-83.5143
-93.439
-102.514
-110.761
-118.292
-125.117
-131.301
-136.893
-141.913
-146.378
-150.29
-153.642
-156.42
-158.609
-160.197
-161.208
-161.674
-161.692
-161.342
-160.628
-159.527
-158.02
-156.087
-153.71
-150.867
-147.526
-143.648
-139.173
-134.018
-128.048
-121.107
-113.568
10.8183
21.6511
33.9057
47.1976
60.1444
73.1206
85.6333
96.7558
106.105
113.943
120.327
125.343
129.299
132.434
134.915
136.912
138.552
139.921
141.097
142.137
143.085
143.97
144.817
145.613
146.295
146.806
147.133
147.273
147.22
146.965
146.498
145.806
144.873
143.677
142.184
140.345
138.088
135.304
132.126
-0.106711
-10.9236
-22.9222
-35.0912
-46.4355
-57.8128
-68.6305
-78.5915
-87.878
-96.3528
-104.038
-111.042
-117.378
-123.108
-128.278
-132.907
-137.014
-140.604
-143.671
-146.203
-148.188
-149.62
-150.521
-150.924
-150.922
-150.59
-149.931
-148.928
-147.563
-145.823
-143.694
-141.155
-138.182
-134.741
-130.777
-126.214
-120.928
-114.768
-108.07
10.4014
20.6783
32.3187
44.9542
57.2691
69.627
81.548
92.1598
101.075
108.571
114.688
119.492
123.282
126.286
128.664
130.579
132.151
133.464
134.592
135.591
136.502
137.357
138.18
138.959
139.635
140.153
140.498
140.669
140.662
140.468
140.079
139.484
138.668
137.61
136.282
134.636
132.607
130.09
127.211
0.0754275
-10.1631
-21.5079
-32.993
-43.6812
-54.3822
-64.5353
-73.8664
-82.5458
-90.4515
-97.6051
-104.111
-109.986
-115.29
-120.062
-124.326
-128.101
-131.392
-134.195
-136.502
-138.303
-139.594
-140.398
-140.749
-140.732
-140.419
-139.813
-138.9
-137.667
-136.103
-134.196
-131.932
-129.288
-126.236
-122.727
-118.692
-114.015
-108.555
-102.612
10.0341
19.7787
30.8305
42.835
54.5417
66.3029
77.6505
87.7692
96.2617
103.432
109.292
113.89
117.517
120.394
122.672
124.507
126.013
127.271
128.352
129.31
130.186
131.01
131.806
132.567
133.233
133.752
134.11
134.306
134.336
134.194
133.872
133.361
132.647
131.713
130.531
129.06
127.237
124.964
122.359
0.276667
-9.40945
-20.1305
-30.9629
-41.0259
-51.0812
-60.6004
-69.3317
-77.432
-84.7979
-91.4456
-97.4796
-102.923
-107.826
-112.226
-116.146
-119.61
-122.624
-125.184
-127.284
-128.917
-130.081
-130.8
-131.106
-131.08
-130.787
-130.233
-129.405
-128.293
-126.889
-125.184
-123.167
-120.818
-118.114
-115.011
-111.446
-107.312
-102.477
-97.2128
9.71052
18.9465
29.4361
40.8336
51.9554
63.1402
73.9298
83.5703
91.6464
98.5123
104.129
108.525
111.991
114.746
116.928
118.685
120.126
121.33
122.366
123.284
124.124
124.917
125.687
126.427
127.082
127.598
127.964
128.179
128.241
128.143
127.879
127.441
126.817
125.993
124.942
123.628
121.991
119.939
117.584
0.49185
-8.66916
-18.7963
-29.0075
-38.4731
-47.9136
-56.8268
-64.9849
-72.5299
-79.3842
-85.5435
-91.1273
-96.1681
-100.697
-104.744
-108.341
-111.515
-114.27
-116.605
-118.515
-119.995
-121.044
-121.688
-121.956
-121.925
-121.654
-121.149
-120.401
-119.402
-118.144
-116.623
-114.829
-112.746
-110.353
-107.612
-104.466
-100.817
-96.5432
-91.8868
9.4253
18.1771
28.1307
38.948
49.5101
60.14
70.3882
79.5598
87.2041
93.7865
99.1788
103.378
106.69
109.328
111.418
113.101
114.48
115.633
116.624
117.504
118.31
119.072
119.815
120.534
121.175
121.687
122.058
122.288
122.375
122.315
122.101
121.727
121.183
120.455
119.521
118.347
116.878
115.028
112.901
0.716838
-7.9449
-17.5074
-27.1279
-36.0253
-44.8812
-53.2154
-60.8269
-67.8391
-74.2109
-79.8873
-85.0332
-89.698
-93.8758
-97.5874
-100.879
-103.782
-106.299
-108.425
-110.16
-111.501
-112.45
-113.028
-113.265
-113.232
-112.984
-112.528
-111.856
-110.96
-109.838
-108.484
-106.892
-105.048
-102.934
-100.518
-97.7466
-94.5312
-90.7588
-86.6484
9.17345
17.4636
26.9074
37.1687
47.1966
57.2941
67.0255
75.7404
82.9286
89.2437
94.4275
98.4365
101.598
104.125
106.128
107.74
109.061
110.165
111.114
111.957
112.731
113.464
114.181
114.879
115.505
116.012
116.386
116.628
116.737
116.709
116.539
116.221
115.748
115.106
114.277
113.229
111.911
110.242
108.324
0.952389
-7.23077
-16.2522
-25.3082
-33.664
-41.9621
-49.7477
-56.8414
-63.3483
-69.2594
-74.4687
-79.2092
-83.5264
-87.3643
-90.7482
-93.7469
-96.3934
-98.6839
-100.614
-102.187
-103.401
-104.258
-104.779
-104.991
-104.959
-104.737
-104.328
-103.728
-102.93
-101.933
-100.733
-99.3234
-97.6963
-95.8345
-93.709
-91.274
-88.4471
-85.1249
-81.5041
8.95137
16.7983
25.7456
35.4663
44.9755
54.5524
63.7895
72.0689
78.8547
84.935
89.9038
93.7111
96.7236
99.1413
101.059
102.6
103.864
104.92
105.829
106.637
107.379
108.084
108.777
109.455
110.067
110.567
110.942
111.194
111.322
111.323
111.192
110.924
110.514
109.949
109.214
108.278
107.097
105.591
103.86
1.19767
-6.5261
-15.0241
-23.5379
-31.3711
-39.1312
-46.3882
-52.9903
-59.0173
-64.4866
-69.2377
-73.6578
-77.6832
-81.1744
-84.2217
-86.938
-89.3424
-91.4162
-93.158
-94.5759
-95.671
-96.4445
-96.9153
-97.1071
-97.0814
-96.885
-96.5241
-95.9922
-95.286
-94.4059
-93.3473
-92.1054
-90.675
-89.0409
-87.177
-85.0431
-82.5649
-79.6478
-76.4696
8.75735
16.176
24.6383
33.8244
42.819
51.8701
60.6142
68.4461
74.9301
80.8865
85.6308
89.2027
92.0635
94.3799
96.2143
97.6854
98.893
99.9035
100.774
101.548
102.26
102.938
103.607
104.265
104.863
105.356
105.732
105.993
106.137
106.163
106.067
105.844
105.49
104.995
104.343
103.508
102.448
101.091
99.5304
1.39587
-5.96775
-14.0563
-22.1055
-29.4638
-36.6931
-43.3555
-49.3434
-54.6773
-59.5192
-63.4029
-67.7712
-71.8943
-75.2705
-78.1763
-80.8148
-83.1685
-85.191
-86.8857
-88.2687
-89.3414
-90.1039
-90.5719
-90.772
-90.7662
-90.5998
-90.2818
-89.8037
-89.1682
-88.3781
-87.4091
-86.282
-84.9893
-83.5145
-81.8335
-79.9102
-77.6775
-75.0489
-72.1867
8.6164
15.693
23.7821
32.4988
41.0087
49.4866
57.5572
64.5836
70.3615
76.7784
81.5905
85.0653
87.8995
90.2257
92.0587
93.5207
94.72
95.7249
96.5896
97.3582
98.0654
98.74
99.407
100.065
100.666
101.163
101.547
101.818
101.976
102.02
101.948
101.755
101.437
100.986
100.388
99.6197
98.641
97.3814
95.9325
1.55946
-5.50645
-13.2428
-20.8801
-27.7894
-34.4814
-40.5155
-45.8057
-50.3121
-54.3775
-57.1015
-61.6703
-66.1526
-69.5725
-72.4699
-75.1653
-77.5947
-79.6779
-81.4222
-82.8512
-83.9674
-84.7715
-85.2765
-85.5122
-85.5411
-85.4103
-85.1337
-84.6998
-84.1203
-83.4015
-82.4853
-81.4348
-80.239
-78.8752
-77.3211
-75.5457
-73.4872
-71.0626
-68.4246
8.49918
15.2926
23.051
31.3351
39.3627
47.2133
54.4946
60.5884
65.4919
72.6472
77.7394
81.2222
84.1055
86.5088
88.3965
89.8916
91.1155
92.1408
93.0221
93.8046
94.5242
95.2111
95.8912
96.5631
97.179
97.6905
98.0862
98.3699
98.5416
98.5999
98.5434
98.3694
98.0742
97.6516
97.0886
96.3621
95.4352
94.2382
92.8617
1.73157
-5.03389
-12.4154
-19.6391
-26.1014
-32.2601
-37.683
-42.295
-46.0238
-49.3363
-50.9845
-55.6528
-60.4226
-63.8669
-66.7275
-69.4462
-71.9292
-74.0591
-75.8421
-77.3092
-78.4656
-79.3086
-79.8492
-80.1205
-80.185
-80.0915
-79.8598
-79.4741
-78.955
-78.3133
-77.4553
-76.486
-75.3928
-74.144
-72.7188
-71.0922
-69.2082
-66.9878
-64.5872
8.38616
14.8949
22.3168
30.1657
37.7174
44.9357
51.4559
56.677
60.7188
68.4612
73.8522
77.3474
80.254
82.7204
84.6608
86.1879
87.4349
88.4787
89.3757
90.1713
90.9025
91.601
92.2942
92.9807
93.6115
94.1368
94.5463
94.8435
95.0293
95.1036
95.0647
94.9111
94.6405
94.247
93.7189
93.0352
92.1603
91.0265
89.7232
1.90854
-4.55658
-11.5831
-18.3964
-24.417
-30.0503
-34.8828
-38.8352
-41.8414
-44.3952
-45.0934
-49.7447
-54.6989
-58.1543
-60.9637
-63.6733
-66.184
-68.3452
-70.1561
-71.6529
-72.8439
-73.7224
-74.2983
-74.6054
-74.7049
-74.6479
-74.4596
-74.1193
-73.6581
-73.089
-72.2857
-71.3927
-70.3972
-69.2589
-67.959
-66.4782
-64.765
-62.7401
-60.5388
8.27642
14.5019
21.5849
29.0008
36.0858
42.6674
48.4648
52.8437
56.0732
64.2246
69.9165
73.4498
76.3642
78.876
80.8622
82.4203
83.6892
84.7515
85.664
86.4728
87.2155
87.9254
88.6311
89.3326
89.979
90.5193
90.9435
91.2552
91.4565
91.5475
91.5273
91.3955
91.1509
90.788
90.2965
89.6567
88.8346
87.7646
86.5348
2.08865
-4.07918
-10.7539
-17.1634
-22.7517
-27.8717
-32.137
-35.4491
-37.787
-39.5655
-39.4509
-43.9724
-48.9912
-52.4311
-55.1783
-57.851
-60.3617
-62.5378
-64.3658
-65.8845
-67.1039
-68.016
-68.63
-68.9792
-69.124
-69.1166
-68.9867
-68.709
-68.3238
-67.8447
-67.1169
-66.3174
-65.4326
-64.4153
-63.2473
-61.9137
-60.3716
-58.5555
-56.6321
8.17127
14.1169
20.8611
27.8508
34.4805
40.421
45.5374
49.0728
51.5462
59.9421
65.9147
69.5169
72.4428
74.993
77.0187
78.6008
79.885
80.9624
81.8905
82.7139
83.4702
84.1933
84.9127
85.6306
86.295
86.8536
87.2957
87.6258
87.8463
87.9572
87.9586
87.8508
87.633
87.3013
86.8469
86.251
85.4818
84.4745
83.3159
2.26893
-3.60848
-9.93984
-15.9559
-21.1258
-25.7486
-29.4736
-32.1675
-33.8887
-34.8674
-34.0703
-38.3525
-43.3081
-46.6945
-49.3687
-51.9807
-54.4637
-56.6366
-58.4719
-60.0063
-61.2493
-62.1906
-62.8353
-63.2126
-63.3815
-63.4001
-63.3021
-63.0591
-62.7192
-62.2968
-61.6155
-60.8832
-60.0862
-59.1724
-58.1258
-56.9346
-55.5528
-53.8966
-52.0495
8.07286
13.7466
20.1555
26.7317
32.9148
38.2098
42.6864
45.348
47.1062
55.6189
61.8371
65.5225
68.4673
71.0654
73.1468
74.7627
76.06
77.1427
78.0764
78.9076
79.674
80.4092
81.1433
81.8782
82.5612
83.1396
83.6022
83.9546
84.1997
84.3375
84.3686
84.2936
84.1116
83.819
83.4084
82.862
82.1507
81.2115
80.1338
2.44576
-3.15664
-9.16083
-14.8005
-19.5672
-23.7114
-26.92
-29.0166
-30.1624
-30.3138
-28.9565
-32.8943
-37.6601
-40.9453
-43.5299
-46.058
-48.4862
-50.634
-52.464
-54.0092
-55.2807
-56.2686
-56.9794
-57.441
-57.7056
-57.8238
-57.8324
-57.702
-57.4878
-57.203
-56.6445
-56.0431
-55.3855
-54.6123
-53.7078
-52.6683
-51.4731
-50.0945
-48.7573
7.98673
13.4031
19.4873
25.6683
31.4017
36.0332
39.895
41.6187
42.6782
51.2497
57.7073
61.4785
64.4156
67.0331
69.175
70.8595
72.2117
73.3285
74.2799
75.1199
75.8925
76.6354
77.3821
78.1343
78.8382
79.4372
79.919
80.2895
80.5526
80.7099
80.7634
80.715
80.5654
80.3122
79.9484
79.457
78.8095
77.9432
76.9533
2.61314
-2.73853
-8.44187
-13.7301
-18.1126
-21.7962
-24.5003
-26.0055
-26.6023
-25.9085
-24.1029
-27.6001
-32.0571
-35.1816
-37.6497
-40.0713
-42.4209
-44.5237
-46.33
-47.8615
-49.1227
-50.0974
-50.7806
-51.1903
-51.3923
-51.4602
-51.4311
-51.2712
-51.0374
-50.7384
-50.1742
-49.5969
-48.9935
-48.304
-47.5122
-46.6087
-45.5348
-44.163
-42.4264
7.91453
13.0933
18.8717
24.683
29.9518
33.898
37.1566
37.8273
38.1357
46.7551
53.5266
57.4797
60.4405
63.0148
65.1072
66.773
68.1508
69.3252
70.3424
71.2396
72.0562
72.8329
73.6086
74.393
75.1385
75.7873
76.3228
76.7477
77.0631
77.2691
77.3669
77.3579
77.2439
77.0249
76.6974
76.2487
75.6534
74.8393
73.8674
2.76535
-2.35699
-7.78628
-12.7559
-16.7842
-20.0401
-22.256
-23.183
-23.2588
-21.7041
-19.5036
-22.4636
-26.5111
-29.4038
-31.7167
-33.9981
-36.2366
-38.2835
-40.0959
-41.6881
-43.0619
-44.2078
-45.1308
-45.8496
-46.3756
-46.7337
-46.9791
-47.0893
-47.1452
-47.1491
-46.8464
-46.5046
-46.1189
-45.6229
-45.0065
-44.2864
-43.5011
-42.728
-42.392
7.84493
12.8014
18.2962
23.7744
28.5807
31.8926
34.5962
33.9918
33.3698
41.9489
49.0457
53.3463
56.605
59.379
61.5083
63.063
64.2636
65.2806
66.1998
67.0566
67.8729
68.6719
69.4799
70.294
71.0584
71.7246
72.2893
72.7599
73.1386
73.4257
73.6212
73.724
73.7315
73.6382
73.4351
73.1087
72.6476
72.0424
71.4789
2.9028
-2.00664
-7.1849
-11.8697
-15.5894
-18.4824
-20.2697
-20.7055
-20.3198
-17.8224
-15.1581
-17.5055
-21.0292
-23.6137
-25.7397
-27.8439
-29.8848
-31.73
-33.3449
-34.7374
-35.8927
-36.7671
-37.3217
-37.5607
-37.6173
-37.625
-37.593
-37.4588
-37.2616
-37.0015
-36.5139
-36.0655
-35.638
-35.1711
-34.6431
-34.0245
-33.1864
-31.8558
-29.5915
7.77589
12.5274
17.7666
22.9514
27.3315
30.176
32.3715
30.1029
28.3898
36.8323
43.9531
48.3127
51.8194
55.0916
57.8491
59.9584
61.5044
62.6336
63.5022
64.236
64.9234
65.6261
66.3915
67.2222
68.0358
68.735
69.2882
69.7029
69.9919
70.1643
70.229
70.1977
70.0835
69.8978
69.6427
69.2963
68.7775
67.877
66.3303
3.02615
-1.74482
-6.74176
-11.1945
-14.6468
-17.212
-18.5906
-18.6026
-17.7188
-14.1206
-10.9962
-12.7706
-15.6464
-17.7803
-19.6642
-21.6731
-23.7494
-25.7659
-27.68
-29.4965
-31.2246
-32.8813
-34.474
-35.9588
-37.1532
-37.9982
-38.6717
-39.2173
-39.7907
-40.367
-40.5128
-40.5004
-40.4491
-40.3135
-40.0683
-39.7663
-39.6018
-39.9237
-41.6466
7.77246
12.3965
17.4538
22.376
26.3235
28.7269
30.0259
25.5721
23.1153
32.0074
39.2708
43.2864
46.0633
48.5188
50.7981
52.9736
55.0579
56.9689
58.6261
60.0089
61.1517
62.1166
62.9953
63.9127
64.9528
66.0468
67.0934
68.0548
68.9172
69.673
70.3089
70.806
71.1483
71.3263
71.3484
71.2605
71.2148
71.5704
73.0557
3.10787
-1.73056
-6.73522
-11.0747
-14.2807
-16.4181
-17.1664
-16.4609
-14.5834
-9.76834
-6.6987
-8.22211
-10.5364
-12.0401
-13.1835
-14.3021
-15.4067
-16.4395
-17.3672
-18.1576
-18.7322
-18.9646
-18.7635
-18.1868
-17.6589
-17.4013
-17.2531
-16.9993
-16.5965
-16.2904
-15.79
-15.365
-15.0588
-14.78
-14.4838
-14.1143
-13.3631
-11.6685
-7.77947
7.93261
12.6101
17.6405
22.3432
25.7391
27.2494
26.3927
19.3152
16.7719
27.2475
36.4603
42.5082
46.4368
48.6526
49.3351
49.0436
48.3863
47.853
47.665
47.861
48.3989
49.2296
50.2524
51.1898
51.7121
51.9109
52.0128
52.0603
52.0511
51.9854
51.89
51.8017
51.7485
51.7415
51.7508
51.6524
51.0726
49.2428
44.888
3.09974
-1.95586
-7.12111
-11.4735
-14.4829
-16.1384
-16.0943
-14.3503
-10.9579
-4.99226
-2.07257
-3.35338
-5.55991
-7.59135
-9.62357
-11.7409
-13.9647
-16.3067
-18.8011
-21.5096
-24.5176
-27.8736
-31.4291
-34.7888
-37.2314
-38.7435
-40.2449
-41.4336
-43.4211
-46.3243
-45.5096
-45.6935
-46.6088
-47.2872
-47.6291
-47.9618
-48.8042
-50.9063
-55.7033
8.13589
12.9752
18.0878
22.6498
25.5022
25.8245
22.1125
12.6995
8.13699
17.5734
27.7967
37.7819
47.4065
56.4589
64.118
70.0023
74.2699
77.0615
78.7249
79.6459
80.1635
80.5553
81.2288
82.8253
85.577
88.5294
90.9602
92.9685
94.7146
96.226
97.4518
98.3676
98.9898
99.3674
99.6152
99.9667
101.013
103.637
109.316
667.221
657.863
646.288
632.695
615.752
594.982
570.167
541.309
508.9
474.039
438.166
402.55
367.973
334.734
302.866
272.328
243.079
215.093
188.358
162.855
138.557
115.432
93.436
72.5208
52.6396
33.7541
15.8338
-1.14581
-17.1974
-32.3319
-46.5534
-59.8592
-72.2486
-83.7138
-94.2473
-103.845
-112.501
-120.216
-126.994
-132.842
-137.773
-141.805
-144.966
-147.281
-148.789
-149.531
-149.549
-148.893
-147.614
-145.765
-143.401
-140.575
-137.344
-133.759
-129.871
-125.73
-121.381
-116.866
-112.224
-107.491
-102.699
-97.8739
-93.0419
-88.2229
-83.4374
-78.6952
-74.023
-70.0141
-66.4371
-62.808
-58.9012
-55.2574
-50.6637
-47.8873
-41.0684
-42.3189
-27.8358
-42.9279
-5.27882
-59.134
665.121
645.265
624.212
602.625
580.773
559.027
537.645
516.754
496.426
476.725
457.708
439.429
421.936
405.266
389.452
374.511
360.455
347.283
334.987
323.548
312.938
303.124
294.066
285.719
278.035
270.967
264.462
258.471
252.944
247.834
243.093
238.678
234.544
230.651
226.958
223.428
220.022
216.707
213.449
210.216
206.98
203.715
200.396
197.004
193.522
189.936
186.237
182.419
178.48
174.42
170.245
165.961
161.578
157.107
152.564
147.963
143.32
138.652
133.975
129.307
124.662
120.057
115.508
111.028
106.633
102.335
98.1568
94.663
91.6621
88.5962
85.4779
82.3227
79.2047
76.1022
72.9823
71.0397
64.9314
74.1711
41.8796
111.629
286.074
283.322
281.133
279.207
277.199
275.161
272.999
270.442
267.125
262.672
256.823
249.52
240.818
230.794
219.538
207.173
193.846
179.708
164.909
149.595
133.904
117.975
101.945
85.9466
70.1029
54.5172
39.2792
24.4622
10.1312
-3.66219
-16.8734
-29.4624
-41.3983
-52.6506
-63.1918
-73
-82.0544
-90.3388
-97.8398
-104.548
-110.459
-115.575
-119.902
-123.45
-126.239
-128.291
-129.635
-130.304
-130.335
-129.77
-128.653
-127.028
-124.945
-122.45
-119.59
-116.412
-112.96
-109.277
-105.402
-101.374
-97.2258
-92.9886
-88.6906
-84.3556
-80.0081
-75.6615
-71.3437
-67.6137
-64.27
-60.8792
-57.1823
-53.7669
-49.3483
-46.7893
-40.1423
-41.5006
-27.432
-42.057
-5.92149
-57.9272
287.897
289.797
293.262
296.279
298.84
300.861
302.294
303.12
303.34
302.964
302.009
300.493
298.448
295.907
292.914
289.518
285.771
281.729
277.453
273.003
268.438
263.815
259.184
254.594
250.085
245.688
241.431
237.33
233.396
229.632
226.036
222.6
219.312
216.155
213.113
210.164
207.287
204.461
201.663
198.87
196.063
193.219
190.322
187.352
184.296
181.142
177.879
174.501
171.003
167.385
163.648
159.797
155.838
151.782
147.64
143.424
139.149
134.83
130.482
126.121
121.765
117.427
113.125
108.873
104.689
100.581
96.5787
93.2228
90.3357
87.3813
84.3704
81.3206
78.3001
75.3085
72.2446
70.4502
64.3724
73.4301
42.3951
109.054
171.074
168.702
166.31
163.967
161.446
158.654
155.57
152.167
148.446
144.441
140.209
135.823
131.345
126.787
122.101
117.203
112.002
106.424
100.411
93.9209
86.9341
79.4462
71.4652
63.0136
54.13
44.8683
35.2958
25.4874
15.5258
5.49517
-4.52073
-14.4378
-24.179
-33.67
-42.8412
-51.6307
-59.982
-67.8448
-75.1751
-81.935
-88.0941
-93.6289
-98.522
-102.761
-106.344
-109.273
-111.557
-113.211
-114.256
-114.718
-114.628
-114.018
-112.926
-111.392
-109.454
-107.155
-104.534
-101.633
-98.4883
-95.1382
-91.6171
-87.957
-84.1884
-80.337
-76.4302
-72.4848
-68.5284
-65.0875
-61.9854
-58.8358
-55.3644
-52.1685
-47.9739
-45.5641
-39.2445
-40.47
-27.2271
-40.799
-6.91409
-55.9872
172.847
174.498
176.24
177.921
179.796
181.809
183.956
186.212
188.552
190.946
193.36
195.757
198.1
200.351
202.474
204.431
206.19
207.719
208.994
209.997
210.714
211.138
211.271
211.12
210.7
210.027
209.125
208.019
206.736
205.3
203.738
202.07
200.316
198.492
196.607
194.67
192.684
190.649
188.561
186.416
184.205
181.921
179.554
177.095
174.534
171.865
169.078
166.171
163.138
159.979
156.695
153.289
149.766
146.134
142.403
138.583
134.687
130.728
126.723
122.684
118.63
114.575
110.535
106.526
102.565
98.6629
94.849
91.6435
88.8817
86.05
83.1581
80.2256
77.3125
74.4371
71.4566
69.741
63.9217
72.3377
43.2695
106.126
170.695
169.179
167.574
165.943
164.201
162.225
159.904
157.127
153.784
149.799
145.157
139.925
134.235
128.229
122.016
115.652
109.155
102.537
95.8039
88.9613
82.0114
74.9502
67.7696
60.4597
53.0121
45.4209
37.6862
29.8134
21.8178
13.721
5.55386
-2.64371
-10.8274
-18.9472
-26.9481
-34.775
-42.3714
-49.6827
-56.6562
-63.2427
-69.3984
-75.0851
-80.2697
-84.9248
-89.0306
-92.5737
-95.5469
-97.9501
-99.789
-101.076
-101.828
-102.066
-101.818
-101.113
-99.9837
-98.4641
-96.5897
-94.3968
-91.9211
-89.1976
-86.2605
-83.1419
-79.8729
-76.4807
-72.994
-69.4325
-65.8241
-62.6609
-59.7855
-56.8596
-53.5997
-50.6113
-46.6236
-44.3726
-38.32
-39.5259
-26.8479
-39.8518
-7.31812
-54.7508
171.943
173.067
174.074
175.013
175.9
176.703
177.439
178.107
178.717
179.274
179.788
180.268
180.72
181.154
181.575
181.989
182.398
182.802
183.198
183.58
183.94
184.266
184.547
184.768
184.917
184.979
184.942
184.797
184.536
184.153
183.648
183.019
182.269
181.401
180.42
179.329
178.133
176.833
175.433
173.931
172.326
170.616
168.797
166.864
164.813
162.639
160.337
157.904
155.337
152.635
149.8
146.833
143.739
140.523
137.195
133.763
130.239
126.636
122.967
119.247
115.491
111.715
107.934
104.166
100.426
96.7275
93.1006
90.0418
87.4003
84.6865
81.9094
79.0893
76.2796
73.5109
70.6176
68.9811
63.3635
71.4378
43.4702
104.224
148.319
146.827
145.291
143.816
142.364
140.897
139.358
137.682
135.805
133.645
131.123
128.182
124.807
121.024
116.875
112.396
107.603
102.502
97.0943
91.3909
85.4099
79.1733
72.7056
66.0319
59.1785
52.1708
45.034
37.7917
30.4682
23.0863
15.6692
8.2431
0.834413
-6.5277
-13.8104
-20.9787
-27.9949
-34.8193
-41.4107
-47.7278
-53.7306
-59.3807
-64.6423
-69.4829
-73.8752
-77.796
-81.2281
-84.1603
-86.5863
-88.5063
-89.9264
-90.857
-91.3139
-91.3173
-90.891
-90.0619
-88.8589
-87.3128
-85.4554
-83.3185
-80.9341
-78.3331
-75.5461
-72.6005
-69.5254
-66.3425
-63.0793
-60.1912
-57.5413
-54.8385
-51.7907
-49.012
-45.2274
-43.1519
-37.3314
-38.5979
-26.3321
-39.0396
-7.41283
-53.8482
149.461
150.416
151.404
152.416
153.435
154.458
155.48
156.49
157.484
158.45
159.382
160.272
161.113
161.899
162.625
163.289
163.888
164.423
164.894
165.304
165.656
165.954
166.201
166.402
166.557
166.668
166.735
166.756
166.728
166.645
166.503
166.294
166.013
165.653
165.207
164.671
164.038
163.305
162.466
161.518
160.458
159.28
157.98
156.555
155.001
153.314
151.489
149.524
147.418
145.169
142.777
140.243
137.573
134.77
131.842
128.797
125.645
122.397
119.067
115.667
112.214
108.721
105.205
101.682
98.17
94.6809
91.2467
88.3384
85.8202
83.2276
80.5684
77.8632
75.1608
72.4988
69.7007
68.145
62.696
70.5677
43.3133
102.637
120.603
119.296
117.92
116.577
115.23
113.874
112.508
111.093
109.582
107.933
106.098
104.026
101.684
99.0732
96.2143
93.1347
89.8543
86.3809
82.7068
78.8147
74.6905
70.3263
65.7188
60.8683
55.7788
50.4588
44.9214
39.1835
33.2667
27.1953
20.9957
14.6982
8.33306
1.9325
-4.46961
-10.839
-17.1402
-23.3372
-29.3927
-35.2698
-40.9314
-46.3414
-51.4645
-56.2669
-60.7183
-64.7911
-68.4612
-71.7098
-74.5219
-76.888
-78.8042
-80.271
-81.2941
-81.8839
-82.0554
-81.8269
-81.22
-80.2591
-78.9703
-77.3812
-75.5201
-73.4155
-71.0959
-68.588
-65.9203
-63.1155
-60.2
-57.5908
-55.1728
-52.7001
-49.874
-47.3121
-43.742
-41.8472
-36.2739
-37.5979
-25.77
-38.1488
-7.49796
-52.8246
121.556
122.346
123.201
124.083
125
125.952
126.94
127.962
129.017
130.103
131.216
132.354
133.512
134.683
135.863
137.043
138.215
139.371
140.504
141.603
142.661
143.67
144.623
145.515
146.34
147.095
147.777
148.384
148.915
149.368
149.743
150.038
150.252
150.381
150.424
150.375
150.231
149.988
149.639
149.181
148.607
147.913
147.093
146.143
145.059
143.835
142.469
140.957
139.297
137.487
135.528
133.421
131.168
128.773
126.243
123.583
120.803
117.914
114.927
111.854
108.71
105.509
102.267
99.0007
95.7265
92.4579
89.2273
86.4791
84.093
81.6303
79.0977
76.516
73.9299
71.3816
68.6911
67.208
61.9562
69.5573
43.1305
100.833
102.741
101.673
100.535
99.3947
98.2186
97.0086
95.788
94.5549
93.279
91.9204
90.4421
88.8005
86.9478
84.8532
82.5174
79.9658
77.2285
74.3308
71.2898
68.1094
64.7823
61.2997
57.6556
53.8465
49.8695
45.7223
41.4033
36.9136
32.2573
27.441
22.475
17.3737
12.1544
6.83817
1.44995
-3.98299
-9.43044
-14.8606
-20.2394
-25.5319
-30.703
-35.7172
-40.5395
-45.1352
-49.4725
-53.5208
-57.252
-60.6418
-63.6691
-66.3172
-68.5741
-70.432
-71.8879
-72.9433
-73.6045
-73.8816
-73.7886
-73.3427
-72.5638
-71.4742
-70.0977
-68.459
-66.5838
-64.497
-62.2253
-59.7918
-57.2207
-54.891
-52.7069
-50.4666
-47.8674
-45.5252
-42.1793
-40.4639
-35.1578
-36.5218
-25.175
-37.1671
-7.57823
-51.6599
103.557
104.279
105.052
105.843
106.664
107.512
108.388
109.292
110.222
111.179
112.163
113.174
114.209
115.27
116.354
117.46
118.586
119.728
120.885
122.051
123.222
124.392
125.554
126.701
127.826
128.921
129.977
130.987
131.942
132.835
133.66
134.41
135.08
135.664
136.158
136.558
136.858
137.056
137.145
137.122
136.983
136.721
136.333
135.813
135.157
134.361
133.419
132.33
131.091
129.698
128.152
126.453
124.602
122.603
120.459
118.178
115.765
113.231
110.586
107.84
105.009
102.104
99.1419
96.138
93.1095
90.0695
87.051
84.4708
82.2238
79.8983
77.4997
75.0488
72.5867
70.1576
67.5859
66.165
61.1484
68.399
42.9274
98.8622
90.1798
89.2849
88.3299
87.3621
86.353
85.2952
84.2092
83.1132
82.009
80.8786
79.6921
78.418
77.0193
75.4517
73.6797
71.6936
69.509
67.1487
64.6318
61.9744
59.1844
56.2588
53.1909
49.9778
46.6197
43.118
39.4741
35.6899
31.769
27.7151
23.5341
19.2337
14.8228
10.3129
5.71854
1.05632
-3.654
-8.39016
-13.127
-17.8374
-22.4922
-27.0611
-31.5128
-35.8153
-39.9374
-43.8487
-47.5198
-50.9238
-54.0361
-56.8356
-59.3044
-61.4284
-63.198
-64.6072
-65.6549
-66.3438
-66.6806
-66.6756
-66.3423
-65.6971
-64.7589
-63.5479
-62.0865
-60.3965
-58.5023
-56.4263
-54.1903
-52.1349
-50.1819
-48.171
-45.799
-43.6749
-40.5578
-39.0192
-33.9893
-35.3886
-24.5304
-36.139
-7.58714
-50.4623
90.8893
91.5377
92.2255
92.9354
93.6745
94.4405
95.2339
96.0547
96.9025
97.7768
98.6774
99.6031
100.553
101.527
102.522
103.538
104.574
105.626
106.695
107.776
108.87
109.972
111.079
112.189
113.298
114.401
115.493
116.569
117.622
118.646
119.634
120.578
121.47
122.302
123.068
123.758
124.366
124.885
125.308
125.628
125.84
125.936
125.912
125.761
125.478
125.058
124.496
123.789
122.932
121.923
120.76
119.443
117.971
116.347
114.573
112.654
110.597
108.408
106.098
103.675
101.153
98.5437
95.862
93.123
90.3435
87.5366
84.7352
82.3281
80.2245
78.0404
75.7807
73.4654
71.1328
68.8262
66.3822
65.0147
60.2597
67.126
42.629
96.862
79.4279
78.6683
77.8566
77.0296
76.1656
75.2544
74.3012
73.3176
72.3182
71.3113
70.2896
69.2312
68.1096
66.8967
65.5563
64.0524
62.369
60.5138
58.5045
56.3557
54.0806
51.6882
49.1765
46.538
43.7673
40.8625
37.8239
34.6522
31.3496
27.9189
24.3645
20.693
16.9114
13.0288
9.05632
5.00654
0.893959
-3.26475
-7.45094
-11.6438
-15.8209
-19.9581
-24.0293
-28.0076
-31.8652
-35.5742
-39.107
-42.4368
-45.5381
-48.3878
-50.9649
-53.2512
-55.2322
-56.8966
-58.2373
-59.2506
-59.9369
-60.3002
-60.348
-60.0908
-59.5422
-58.7178
-57.6356
-56.3147
-54.7757
-53.04
-51.1262
-49.3367
-47.6095
-45.8235
-43.6769
-41.768
-38.8816
-37.5176
-32.768
-34.2035
-23.8278
-35.0764
-7.51088
-49.2626
80.0381
80.6024
81.201
81.8225
82.4716
83.1474
83.8511
84.5827
85.3428
86.1314
86.9486
87.7944
88.6684
89.5702
90.4991
91.4541
92.4338
93.437
94.4618
95.5061
96.5676
97.6438
98.7318
99.8284
100.931
102.034
103.136
104.232
105.316
106.386
107.434
108.456
109.445
110.395
111.299
112.15
112.94
113.66
114.305
114.865
115.332
115.7
115.961
116.107
116.131
116.029
115.793
115.418
114.899
114.234
113.418
112.449
111.327
110.052
108.625
107.05
105.331
103.474
101.487
99.3786
97.1596
94.8417
92.4383
89.9638
87.4343
84.8628
82.2816
80.0508
78.0936
76.0546
73.9376
71.7619
69.5631
67.3819
65.0731
63.753
59.278
65.7462
42.2177
94.844
70.3396
69.6934
69.0031
68.2972
67.5563
66.7729
65.9512
65.0917
64.1969
63.2785
62.3495
61.4104
60.4465
59.4359
58.3559
57.1768
55.8647
54.399
52.7816
51.0269
49.1485
47.1584
45.0672
42.8765
40.5802
38.1715
35.6476
33.0074
30.2508
27.3781
24.3902
21.2902
18.0819
14.7707
11.3643
7.87156
4.30331
0.672306
-3.00682
-6.71761
-10.4419
-14.1599
-17.8502
-21.4899
-25.0552
-28.5214
-31.8635
-35.0564
-38.0755
-40.8973
-43.4999
-45.863
-47.9691
-49.8033
-51.3538
-52.6122
-53.5736
-54.2363
-54.6024
-54.6771
-54.4688
-53.9883
-53.2492
-52.2668
-51.0584
-49.6431
-48.0364
-46.5025
-44.9945
-43.4274
-41.5032
-39.8057
-37.1509
-35.9585
-31.4924
-32.9642
-23.0673
-33.9711
-7.36474
-48.043
70.8651
71.3569
71.8784
72.4212
72.9888
73.5812
74.1992
74.8434
75.5144
76.2126
76.9385
77.6925
78.4748
79.2854
80.1244
80.9918
81.8869
82.8093
83.7581
84.7323
85.7305
86.7509
87.7916
88.8501
89.9237
91.0091
92.1028
93.2009
94.2993
95.3933
96.4777
97.5476
98.5976
99.6213
100.613
101.565
102.472
103.327
104.12
104.846
105.497
106.064
106.539
106.915
107.184
107.339
107.372
107.278
107.05
106.683
106.172
105.515
104.709
103.753
102.646
101.391
99.9901
98.4476
96.7695
94.9635
93.0385
91.0051
88.8752
86.6626
84.3822
82.0465
79.6871
77.6347
75.8264
73.9354
71.9644
69.9319
67.8711
65.8181
63.6513
62.3746
58.1949
64.2527
41.7066
92.7686
62.8277
62.2756
61.6862
61.0825
60.4479
59.7738
59.064
58.3217
57.5446
56.7308
55.8877
55.0283
54.1597
53.2748
52.3567
51.3856
50.3374
49.1815
47.8934
46.4684
44.9174
43.2527
41.4851
39.6261
37.6806
35.6448
33.5125
31.2802
28.947
26.5129
23.9779
21.3432
18.61
15.7812
12.8611
9.85499
6.76993
3.61455
0.399389
-2.86337
-6.15984
-9.47447
-12.7899
-16.0871
-19.346
-22.5453
-25.6627
-28.6756
-31.5611
-34.2967
-36.8607
-39.2321
-41.392
-43.3232
-45.0111
-46.4436
-47.6116
-48.5093
-49.1337
-49.4854
-49.5678
-49.3874
-48.9532
-48.2767
-47.3714
-46.2541
-44.9363
-43.6458
-42.3484
-40.9924
-39.2856
-37.7939
-35.3695
-34.3449
-30.1641
-31.6702
-22.2509
-32.8179
-7.15814
-46.7884
63.2824
63.7129
64.1687
64.6441
65.1418
65.6619
66.2054
66.7727
67.3647
67.9817
68.6245
69.2936
69.9892
70.7118
71.4616
72.2388
73.0434
73.8751
74.7339
75.6193
76.5305
77.4667
78.4267
79.4092
80.4123
81.4341
82.4719
83.5231
84.5844
85.6521
86.7219
87.7892
88.8494
89.8967
90.9254
91.9294
92.902
93.8365
94.7257
95.5622
96.3385
97.0467
97.6789
98.2271
98.6835
99.0402
99.2896
99.4244
99.4379
99.3238
99.0766
98.6915
98.1647
97.4937
96.6768
95.714
94.6065
93.3571
91.9699
90.4507
88.8071
87.0481
85.1843
83.228
81.1931
79.0914
76.9534
75.0802
73.422
71.6807
69.8581
67.9715
66.0519
64.1299
62.1102
60.8752
57.0038
62.6403
41.1022
90.6133
56.4803
56.0061
55.5001
54.9813
54.4364
53.8573
53.2449
52.601
51.927
51.2216
50.482
49.7096
48.9148
48.1086
47.2914
46.4517
45.5723
44.6338
43.6101
42.4749
41.2173
39.8433
38.3637
36.7885
35.1283
33.3907
31.5742
29.673
27.6831
25.6032
23.4335
21.1745
18.8268
16.3918
13.872
11.2708
8.59294
5.84418
3.03188
0.16483
-2.74678
-5.69119
-8.65492
-11.6229
-14.5786
-17.5045
-20.3814
-23.1896
-25.9084
-28.5171
-30.9953
-33.3224
-35.4793
-37.4478
-39.2117
-40.7565
-42.0703
-43.1437
-43.9701
-44.546
-44.8706
-44.9461
-44.7775
-44.3726
-43.7407
-42.8961
-41.8465
-40.7844
-39.6869
-38.5321
-37.0354
-35.7421
-33.5447
-32.6822
-28.7863
-30.3243
-21.3804
-31.6173
-6.8935
-45.4991
56.8745
57.251
57.6492
58.0652
58.5012
58.9575
59.4349
59.9341
60.4557
61.0003
61.5687
62.1614
62.7789
63.4218
64.0903
64.785
65.5059
66.2532
67.027
67.8272
68.6533
69.5049
70.3815
71.282
72.2055
73.1504
74.115
75.0975
76.0955
77.1063
78.1267
79.1533
80.1821
81.2087
82.2282
83.2354
84.2243
85.189
86.1226
87.0184
87.869
88.6669
89.4042
90.0731
90.6655
91.1736
91.5892
91.9048
92.1129
92.2065
92.1791
92.0249
91.7391
91.3176
90.7575
90.057
89.2159
88.2351
87.1172
85.8662
84.4881
82.9902
81.3814
79.6731
77.8773
76.0053
74.0859
72.3908
70.8823
69.2911
67.6178
65.8784
64.1021
62.3132
60.4443
59.2508
55.6982
60.9069
40.4032
88.3683
51.0043
50.5954
50.1591
49.7116
49.2417
48.7428
48.215
47.6585
47.0725
46.4576
45.8147
45.1413
44.4351
43.7011
42.9509
42.191
41.4161
40.6127
39.7644
38.8496
37.8426
36.7276
35.5055
34.1852
32.7757
31.287
29.7281
28.1
26.3981
24.6173
22.756
20.8143
18.7925
16.6912
14.5117
12.2559
9.92685
7.5285
5.06609
2.54598
-0.0242507
-2.63576
-5.27815
-7.93955
-10.6069
-13.2657
-15.9
-18.493
-21.0269
-23.4832
-25.8431
-28.0875
-30.198
-32.1563
-33.9457
-35.5506
-36.9571
-38.1536
-39.1306
-39.8814
-40.4018
-40.6902
-40.7479
-40.5791
-40.1895
-39.5906
-38.7864
-37.9357
-37.0254
-36.06
-34.764
-33.6597
-31.6838
-30.9765
-27.3631
-28.9294
-20.4581
-30.3707
-6.57682
-44.1761
51.3466
51.6756
52.0234
52.3871
52.7688
53.1686
53.5873
54.0257
54.4843
54.9638
55.465
55.9884
56.5347
57.1044
57.698
58.3161
58.9589
59.6269
60.3204
61.0393
61.7838
62.5537
63.3486
64.1682
65.0117
65.8781
66.7664
67.6752
68.6028
69.547
70.5055
71.4757
72.4543
73.4379
74.4226
75.4039
76.377
77.3367
78.2772
79.1925
80.0759
80.9204
81.7188
82.4636
83.147
83.761
84.2978
84.7494
85.1081
85.3664
85.5172
85.554
85.4707
85.2623
84.9247
84.4547
83.8506
83.1117
82.239
81.2349
80.1034
78.8504
77.4832
76.0114
74.4457
72.7964
71.0903
69.5703
68.2098
66.7674
65.2429
63.651
62.0186
60.3641
58.6481
57.4976
54.2713
59.05
39.6078
86.0205
46.2337
45.8799
45.5025
45.1151
44.7086
44.2771
43.8209
43.3398
42.8324
42.2973
41.7349
41.1466
40.5315
39.886
39.2101
38.5122
37.8024
37.0819
36.3418
35.5678
34.7423
33.8423
32.8487
31.7567
30.573
29.3057
27.9639
26.5573
25.0899
23.558
21.9566
20.2835
18.5383
16.7213
14.8332
12.8751
10.8485
8.75585
6.60078
4.38773
2.12217
-0.189326
-2.53882
-4.91709
-7.31372
-9.71705
-12.114
-14.4905
-16.8313
-19.1204
-21.341
-23.4758
-25.5076
-27.4192
-29.1938
-30.8155
-32.2698
-33.5435
-34.6254
-35.5061
-36.1787
-36.6389
-36.8846
-36.9169
-36.738
-36.3567
-35.7732
-35.1156
-34.3783
-33.5888
-32.4822
-31.556
-29.7941
-29.2334
-25.8982
-27.4879
-19.4862
-29.0769
-6.21458
-42.8119
46.5314
46.819
47.123
47.4412
47.7753
48.1255
48.4927
48.8774
49.2803
49.7021
50.1433
50.6046
51.0868
51.5903
52.1158
52.6637
53.2346
53.829
54.4472
55.0895
55.7561
56.4473
57.1628
57.9026
58.6664
59.4536
60.2636
61.0955
61.948
62.8198
63.7089
64.6134
65.531
66.4587
67.3934
68.3315
69.2689
70.2014
71.1239
72.0313
72.9177
73.777
74.6025
75.3875
76.1247
76.8066
77.4255
77.9736
78.4433
78.8269
79.1169
79.3062
79.3884
79.3574
79.2082
78.9363
78.5388
78.0136
77.3602
76.5794
75.6736
74.6469
73.5051
72.2561
70.909
69.4729
67.9728
66.6229
65.4069
64.1107
62.733
61.2874
59.7985
58.279
56.7164
55.6115
52.7163
57.0647
38.7174
83.5456
42.0345
41.7276
41.4002
41.064
40.7113
40.3371
39.9415
39.5244
39.0846
38.6205
38.131
37.6159
37.0762
36.5123
35.9215
35.301
34.654
33.9907
33.3176
32.6311
31.92
31.1696
30.36
29.4706
28.492
27.4273
26.2837
25.0696
23.7949
22.4656
21.0801
19.6336
18.1231
16.548
14.9088
13.2059
11.4402
9.61302
7.72659
5.78394
3.78896
1.74639
-0.337861
-2.45672
-4.60209
-6.76467
-8.9339
-11.0981
-13.2445
-15.3594
-17.4282
-19.4356
-21.366
-23.2032
-24.9315
-26.5354
-28.0002
-29.312
-30.4584
-31.4287
-32.214
-32.8076
-33.2047
-33.4038
-33.4039
-33.2114
-32.8233
-32.3391
-31.7594
-31.131
-30.2011
-29.4405
-27.8831
-27.4591
-24.3972
-26.0017
-18.4706
-27.7321
-5.81873
-41.3938
42.2939
42.5455
42.8113
43.0899
43.3824
43.6893
44.0113
44.349
44.7028
45.0736
45.4618
45.8682
46.2933
46.7378
47.2021
47.687
48.1929
48.7204
49.2699
49.8419
50.4365
51.0542
51.6951
52.3593
53.0466
53.757
54.4899
55.245
56.0214
56.8182
57.634
58.4675
59.3169
60.1799
61.0541
61.9368
62.8245
63.7137
64.6002
65.4796
66.3471
67.1969
68.0236
68.8209
69.5822
70.3006
70.9691
71.5801
72.1262
72.6
72.994
73.3008
73.5136
73.6258
73.6317
73.526
73.3047
72.9645
72.5034
71.921
71.2182
70.3973
69.4626
68.4204
67.2781
66.0436
64.7397
63.5532
62.4768
61.3227
60.0884
58.7865
57.439
56.0543
54.6439
53.5889
51.0274
54.9438
37.7383
80.9076
38.3048
38.0378
37.7529
37.4603
37.1534
36.8278
36.4837
36.121
35.7385
35.3349
34.9091
34.4601
33.9872
33.4906
32.9716
32.4289
31.8588
31.2605
30.6408
30.0088
29.3665
28.7067
28.0168
27.2804
26.4782
25.5976
24.6384
23.6062
22.5084
21.3542
20.1506
18.8973
17.5891
16.2225
14.797
13.3135
11.7728
10.1758
8.52343
6.81772
5.06131
3.25766
1.41119
-0.472727
-2.38789
-4.32699
-6.28155
-8.24207
-10.198
-12.1378
-14.049
-15.9183
-17.7317
-19.4748
-21.133
-22.6916
-24.1363
-25.4534
-26.63
-27.6545
-28.5167
-29.208
-29.7221
-30.0551
-30.2034
-30.1709
-29.9522
-29.6208
-29.1821
-28.699
-27.9317
-27.3227
-25.9591
-25.6595
-22.8662
-24.4714
-17.4197
-26.3291
-5.4027
-39.8984
38.5312
38.7513
38.9839
39.2277
39.484
39.753
40.0353
40.3315
40.6422
40.9679
41.3092
41.6668
42.0412
42.433
42.8427
43.271
43.7185
44.1855
44.6727
45.1805
45.7093
46.2594
46.8312
47.425
48.0406
48.6783
49.3377
50.0188
50.7211
51.4439
52.1864
52.9475
53.7261
54.5204
55.3285
56.1483
56.9772
57.8123
58.6501
59.4871
60.319
61.1413
61.9489
62.7364
63.4981
64.2277
64.9187
65.5642
66.1573
66.6908
67.1573
67.5499
67.8613
68.0849
68.2144
68.2441
68.169
67.985
67.6891
67.2794
66.7555
66.1184
65.371
64.5177
63.5643
62.5178
61.3983
60.3666
59.4233
58.4055
57.3095
56.1472
54.938
53.6866
52.4255
51.4255
49.1996
52.674
36.6862
78.0603
34.9388
34.706
34.4576
34.2024
33.9348
33.651
33.351
33.0348
32.7014
32.3497
31.9787
31.5874
31.1748
30.74
30.2829
29.8043
29.3044
28.7804
28.2287
27.6515
27.0579
26.4549
25.8404
25.2041
24.5316
23.8041
23.0069
22.138
21.204
20.2114
19.1671
18.0781
16.9452
15.7632
14.5273
13.2366
11.8924
10.4962
9.04902
7.55186
6.00641
4.41511
2.7813
1.10912
-0.596615
-2.33018
-4.08487
-5.85301
-7.62587
-9.39407
-11.1469
-12.873
-14.5603
-16.1958
-17.7665
-19.259
-20.6596
-21.9553
-23.133
-24.1811
-25.0887
-25.8462
-26.4456
-26.8816
-27.1486
-27.2481
-27.1726
-26.9733
-26.6588
-26.3042
-25.6843
-25.211
-24.0315
-23.8377
-21.3158
-22.8921
-16.352
-24.843
-4.9981
-38.2862
35.1367
35.3297
35.5335
35.7473
35.9721
36.2082
36.456
36.7162
36.9892
37.2756
37.5759
37.8907
38.2204
38.5658
38.9273
39.3055
39.7009
40.114
40.5454
40.9955
41.4648
41.9537
42.4626
42.9917
43.5413
44.1115
44.7024
45.3138
45.9457
46.5977
47.2691
47.9593
48.6675
49.3925
50.1327
50.8866
51.6521
52.427
53.2085
53.9937
54.779
55.5607
56.3346
57.0959
57.8396
58.5603
59.2522
59.909
60.5244
61.0917
61.604
62.0544
62.436
62.7422
62.9664
63.1025
63.1453
63.0898
62.9319
62.6694
62.3004
61.8244
61.243
60.5593
59.7776
58.9035
57.9546
57.0679
56.25
55.3611
54.397
53.3686
52.2931
51.1729
50.0561
49.1156
47.2319
50.2288
35.6042
74.9194
31.9452
31.7428
31.5268
31.3049
31.0723
30.8257
30.5652
30.2907
30.0015
29.6965
29.3748
29.0355
28.6778
28.3012
27.9057
27.4924
27.0619
26.6118
26.1314
25.6014
25.0049
24.3439
23.6421
22.9327
22.2466
21.6058
21.0132
20.4419
19.8416
19.1558
18.3427
17.398
16.3577
15.2698
14.1596
13.0245
11.8505
10.6277
9.35453
8.03405
6.6697
5.26375
3.81812
2.33536
0.818742
-0.727148
-2.29712
-3.88514
-5.48401
-7.08629
-8.68299
-10.2643
-11.8201
-13.3392
-14.8099
-16.2202
-17.5575
-18.8096
-19.9641
-21.0095
-21.9346
-22.7295
-23.3853
-23.8951
-24.2521
-24.4564
-24.4984
-24.4097
-24.2024
-23.9578
-23.471
-23.113
-22.1119
-21.9946
-19.7615
-21.2513
-15.2935
-23.2484
-4.65316
-36.5131
32.1175
32.2856
32.4632
32.6496
32.8456
33.0515
33.2678
33.4949
33.7334
33.9837
34.2463
34.5217
34.8105
35.1131
35.4301
35.762
36.1093
36.4725
36.8522
37.2488
37.6627
38.0945
38.5445
39.0131
39.5006
40.0073
40.5331
41.0781
41.6425
42.2263
42.8288
43.4497
44.0884
44.7443
45.416
46.1023
46.8017
47.5127
48.233
48.96
49.691
50.4227
51.1518
51.8744
52.5859
53.2819
53.9571
54.606
55.223
55.8019
56.3364
56.8202
57.2463
57.6084
57.9006
58.116
58.2493
58.2955
58.2494
58.1083
57.8695
57.5309
57.0932
56.5585
55.9293
55.2102
54.4162
53.6628
52.9611
52.1921
51.352
50.4504
49.5016
48.5091
47.5291
46.6499
45.131
47.5694
34.5541
71.4224
28.2908
28.1218
27.9411
27.7551
27.5602
27.3538
27.1357
26.9058
26.6634
26.4079
26.1384
25.8542
25.5547
25.239
24.9058
24.5539
24.1819
23.7895
23.3786
22.9534
22.5161
22.0636
21.5908
21.0966
20.5848
20.0561
19.5066
18.9275
18.3077
17.6387
16.92
16.155
15.3415
14.4751
13.5582
12.5987
11.602
10.5682
9.49481
8.38067
7.22562
6.03078
4.79782
3.52898
2.22644
0.893377
-0.466669
-1.8493
-3.2492
-4.66054
-6.07641
-7.48913
-8.89037
-10.271
-11.621
-12.9298
-14.1866
-15.38
-16.4987
-17.5313
-18.4669
-19.295
-20.006
-20.5919
-21.0443
-21.361
-21.5321
-21.5637
-21.4788
-21.3518
-21.025
-20.7794
-20.0103
-19.9316
-18.1007
-19.3864
-14.2358
-21.4102
-4.43525
-34.5322
28.4353
28.5764
28.7255
28.882
29.0467
29.2197
29.4016
29.5928
29.7936
30.0045
30.226
30.4583
30.7021
30.958
31.2261
31.507
31.8014
32.1095
32.432
32.7692
33.1217
33.49
33.8744
34.2752
34.6929
35.1279
35.5803
36.0503
36.5381
37.044
37.5676
38.1086
38.6671
39.2428
39.8346
40.4417
41.0632
41.6983
42.3451
43.0018
43.6663
44.3361
45.0089
45.6815
46.3502
47.0116
47.6612
48.2942
48.9061
49.4912
50.0443
50.5597
51.0306
51.4512
51.8161
52.1184
52.3522
52.5126
52.5938
52.592
52.5037
52.326
52.058
51.7001
51.2532
50.7209
50.1145
49.5237
48.9646
48.3438
47.658
46.9153
46.1267
45.3006
44.4936
43.7015
42.6705
44.3413
33.5349
67.1813
24.4278
24.2938
24.1505
24.0029
23.8483
23.6844
23.5113
23.3288
23.1365
22.9338
22.7202
22.4947
22.2571
22.0065
21.7418
21.4621
21.167
20.8582
20.5402
20.2202
19.9054
19.5978
19.2885
18.957
18.5794
18.1409
17.6424
17.095
16.514
15.9137
15.3025
14.6803
14.0393
13.3658
12.647
11.8793
11.0695
10.2261
9.3517
8.4446
7.50215
6.5237
5.50961
4.4614
3.38067
2.2692
1.12937
-0.03611
-1.22363
-2.42894
-3.64712
-4.87272
-6.09903
-7.31899
-8.52479
-9.70762
-10.8583
-11.9671
-13.0237
-14.0178
-14.9389
-15.7767
-16.5214
-17.164
-17.6951
-18.1106
-18.3997
-18.5478
-18.5784
-18.5746
-18.3952
-18.2899
-17.7118
-17.7628
-16.2015
-17.5353
-12.8316
-19.8168
-3.71264
-33.2776
24.543
24.656
24.7752
24.9005
25.0324
25.171
25.3169
25.4704
25.6317
25.8013
25.9795
26.1666
26.3631
26.5697
26.7862
27.0134
27.2518
27.5017
27.7637
28.038
28.3251
28.6257
28.9401
29.2684
29.6114
29.9692
30.3426
30.7314
31.1361
31.5568
31.9938
32.4469
32.9164
33.4023
33.9039
34.421
34.9531
35.4995
36.0593
36.6314
37.2142
37.8063
38.406
39.0106
39.6181
40.2255
40.8295
41.4262
42.0122
42.5829
43.1337
43.6601
44.1561
44.6165
45.036
45.4088
45.7287
45.9907
46.1889
46.3189
46.3764
46.358
46.2613
46.0848
45.8281
45.4934
45.0891
44.6755
44.2733
43.8178
43.3057
42.7442
42.1417
41.512
40.9092
40.2606
39.6644
41.0017
31.4857
64.2275
21.0585
20.951
20.8359
20.7174
20.5933
20.4618
20.3226
20.1759
20.0215
19.8586
19.6869
19.5057
19.3147
19.1134
18.9012
18.6775
18.4415
18.1927
17.9305
17.6544
17.3643
17.0601
16.7424
16.411
16.0629
15.6932
15.2986
14.8827
14.4546
14.0201
13.5767
13.1139
12.6195
12.0861
11.5123
10.8991
10.2472
9.55919
8.84013
8.0936
7.31963
6.5165
5.68254
4.81785
3.9233
3.00024
2.05032
1.07526
0.0774659
-0.940285
-1.97444
-3.02105
-4.07517
-5.13144
-6.18377
-7.22524
-8.24838
-9.24516
-10.207
-11.1247
-11.989
-12.7905
-13.5199
-14.1683
-14.7264
-15.1892
-15.5452
-15.7672
-15.8762
-15.9596
-15.8901
-15.8936
-15.4676
-15.6316
-14.2901
-15.6946
-11.3497
-18.2642
-2.8408
-32.0897
21.1516
21.2429
21.3393
21.4406
21.5473
21.6597
21.778
21.9022
22.0331
22.1708
22.3153
22.4672
22.627
22.7948
22.971
23.156
23.3503
23.5541
23.768
23.9921
24.2268
24.4729
24.7304
24.9999
25.2818
25.5763
25.8838
26.2048
26.5395
26.888
27.2508
27.6278
28.0195
28.4258
28.8464
29.2815
29.7307
30.1936
30.6697
31.1584
31.6587
32.1698
32.6902
33.2182
33.7525
34.291
34.8308
35.3694
35.9039
36.4313
36.9471
37.448
37.9293
38.3864
38.8149
39.2093
39.5645
39.8756
40.1372
40.3447
40.494
40.5809
40.6025
40.5564
40.4413
40.2582
40.0133
39.7436
39.4711
39.1547
38.7915
38.388
37.9507
37.4995
37.0828
36.5861
36.3837
37.5356
29.1069
61.2502
17.9158
17.8293
17.7367
17.6413
17.5413
17.4353
17.3233
17.2051
17.0807
16.9494
16.811
16.665
16.5111
16.3488
16.1775
15.9971
15.8069
15.6063
15.3949
15.1721
14.9373
14.6902
14.4307
14.1591
13.8757
13.5806
13.2712
12.9425
12.5924
12.2241
11.8454
11.4603
11.0649
10.65
10.2064
9.72932
9.2177
8.67148
8.09143
7.48118
6.84567
6.18745
5.50552
4.79811
4.06434
3.30466
2.52035
1.7128
0.883757
0.0349987
-0.830889
-1.71122
-2.60233
-3.50014
-4.40014
-5.29687
-6.18449
-7.05658
-7.90612
-8.72547
-9.50664
-10.2416
-10.9219
-11.5396
-12.0858
-12.5556
-12.9374
-13.1975
-13.3537
-13.4924
-13.5007
-13.5812
-13.2772
-13.5239
-12.3807
-13.823
-9.83844
-16.6272
-1.94311
-30.6501
17.9909
18.0645
18.1424
18.2242
18.3104
18.4013
18.4969
18.5974
18.7032
18.8146
18.9317
19.0548
19.1843
19.3204
19.4633
19.6137
19.7715
19.9373
20.1113
20.2938
20.4852
20.6858
20.8962
21.1165
21.3472
21.5885
21.8408
22.1045
22.3798
22.667
22.9665
23.2782
23.6027
23.9399
24.2898
24.6526
25.0281
25.4161
25.8164
26.2286
26.6522
27.0865
27.5305
27.9833
28.4437
28.9102
29.3809
29.8539
30.3268
30.7973
31.2622
31.7187
32.1632
32.5918
33.0009
33.3861
33.7427
34.0669
34.3536
34.5987
34.7982
34.9481
35.0452
35.0873
35.0722
35.0002
34.876
34.7185
34.5494
34.3463
34.1069
33.8368
33.542
33.2488
32.9959
32.6516
32.7987
33.8017
26.4935
57.5687
14.9162
14.8479
14.7749
14.6995
14.6205
14.5368
14.4484
14.3551
14.2568
14.1532
14.044
13.9287
13.8071
13.679
13.5438
13.4013
13.2512
13.0929
12.9261
12.7503
12.5649
12.3695
12.1639
11.9477
11.7208
11.4835
11.236
10.9776
10.7053
10.415
10.105
9.78025
9.44772
9.1103
8.76365
8.39925
8.00955
7.59073
7.14169
6.66239
6.15491
5.62395
5.07354
4.50452
3.91524
3.30419
2.67115
2.01692
1.34286
0.650405
-0.0587926
-0.782753
-1.51895
-2.26433
-3.01545
-3.76825
-4.51814
-5.26009
-5.98844
-6.69712
-7.37941
-8.02864
-8.63758
-9.19931
-9.70592
-10.1528
-10.5292
-10.7993
-10.9774
-11.1454
-11.2035
-11.3342
-11.1233
-11.427
-10.4536
-11.9096
-8.26355
-14.8904
-0.965527
-28.9698
14.9756
15.0339
15.0956
15.1604
15.2288
15.3007
15.3765
15.4563
15.5402
15.6286
15.7216
15.8196
15.9225
16.0308
16.1446
16.2644
16.3902
16.5223
16.6611
16.807
16.9601
17.1207
17.2891
17.4657
17.6509
17.8448
18.0477
18.26
18.482
18.7141
18.9563
19.2089
19.4723
19.7466
20.0317
20.3279
20.6353
20.9538
21.2832
21.6234
21.9739
22.3346
22.7048
23.0838
23.4707
23.8645
24.2641
24.6678
25.0739
25.4808
25.8859
26.2871
26.6819
27.0668
27.439
27.7951
28.1313
28.4441
28.7296
28.984
29.2038
29.3855
29.5259
29.6229
29.6744
29.6803
29.6437
29.5706
29.4813
29.3671
29.2269
29.0655
28.8889
28.7291
28.6122
28.4079
28.8459
29.7142
23.4785
53.2548
12.1286
12.0758
12.0192
11.9608
11.8995
11.8347
11.7662
11.6938
11.6176
11.5373
11.4525
11.363
11.2687
11.1691
11.0642
10.9536
10.837
10.7139
10.5842
10.4476
10.3035
10.1516
9.99144
9.82275
9.64516
9.45863
9.26325
9.05925
8.84681
8.62463
8.38938
8.13733
7.86824
7.58768
7.30214
7.01275
6.71462
6.40027
6.06361
5.70165
5.31336
4.89958
4.46394
4.01132
3.54417
3.06189
2.56287
2.04635
1.51287
0.963646
0.399804
-0.177218
-0.765984
-1.36435
-1.96988
-2.57962
-3.19011
-3.79755
-4.39763
-4.98561
-5.55626
-6.10407
-6.62322
-7.10801
-7.55167
-7.95054
-8.2947
-8.55053
-8.72814
-8.90192
-8.98459
-9.14035
-8.99454
-9.33074
-8.49624
-9.94505
-6.59725
-13.0379
0.152785
-27.0188
12.1746
12.2196
12.2672
12.3172
12.3699
12.4255
12.484
12.5455
12.6103
12.6785
12.7503
12.8258
12.9053
12.9888
13.0767
13.1692
13.2663
13.3683
13.4755
13.5882
13.7065
13.8306
13.9608
14.0974
14.2407
14.3908
14.5479
14.7124
14.8846
15.0648
15.2529
15.4494
15.6546
15.8684
16.091
16.3227
16.5636
16.8136
17.0729
17.3413
17.6185
17.9046
18.1992
18.5017
18.8117
19.1286
19.4515
19.7794
20.1111
20.4453
20.7803
21.1143
21.4457
21.7717
22.0902
22.3987
22.694
22.9734
23.2336
23.4719
23.685
23.8701
24.0245
24.1463
24.2335
24.2861
24.306
24.2909
24.258
24.2085
24.1418
24.0629
23.978
23.923
23.9088
23.8191
24.4802
25.2161
19.9332
48.2901
9.13812
9.09927
9.0576
9.01443
8.96926
8.92149
8.871
8.81774
8.76164
8.70245
8.64004
8.57422
8.50484
8.43171
8.35464
8.2734
8.18773
8.09742
8.00225
7.90203
7.79638
7.68508
7.56783
7.44426
7.31409
7.17707
7.03302
6.88208
6.72454
6.56069
6.3903
6.21156
6.02076
5.81497
5.59598
5.36996
5.14244
4.91355
4.67851
4.4312
4.16694
3.88303
3.57834
3.25441
2.91508
2.56332
2.19872
1.81912
1.42333
1.01198
0.586784
0.14965
-0.297828
-0.754097
-1.21738
-1.68548
-2.15583
-2.62554
-3.09144
-3.55005
-3.99747
-4.42958
-4.84196
-5.2304
-5.58946
-5.91652
-6.20326
-6.42173
-6.57745
-6.73465
-6.81738
-6.97363
-6.86527
-7.20883
-6.48087
-7.89704
-4.81013
-11.0065
1.42687
-24.5003
9.17224
9.20559
9.24094
9.2781
9.31729
9.3587
9.4023
9.44821
9.4966
9.54759
9.60124
9.65777
9.71735
9.78009
9.84619
9.9157
9.9888
10.0658
10.1468
10.2319
10.3213
10.4154
10.5142
10.618
10.7269
10.8411
10.9609
11.0864
11.218
11.3557
11.4997
11.6502
11.8075
11.9715
12.1424
12.3205
12.5058
12.6982
12.8978
13.1047
13.3186
13.5395
13.7671
14.001
14.2411
14.4868
14.7377
14.9929
15.2517
15.5132
15.776
16.0393
16.3015
16.561
16.8161
17.0651
17.3056
17.5357
17.753
17.9554
18.1404
18.3058
18.45
18.5708
18.6671
18.739
18.7876
18.8057
18.808
18.7998
18.7811
18.7554
18.7287
18.7384
18.7785
18.7541
19.5545
20.1558
15.6229
42.2629
6.75687
6.72997
6.7012
6.67146
6.64026
6.60718
6.57219
6.53532
6.4964
6.45517
6.41173
6.36589
6.31743
6.26633
6.21245
6.15548
6.09532
6.0319
5.96497
5.8943
5.81977
5.74121
5.65835
5.57096
5.47882
5.38159
5.27903
5.17113
5.05786
4.93949
4.81638
4.68877
4.55589
4.41516
4.26284
4.09733
3.92239
3.74422
3.56615
3.38487
3.19336
2.9857
2.75955
2.51537
2.25572
1.98561
1.71068
1.43365
1.15318
0.866261
0.571045
0.267465
-0.0434996
-0.360685
-0.682957
-1.00913
-1.33768
-1.66676
-1.99428
-2.31791
-2.63494
-2.94257
-3.23769
-3.51747
-3.77787
-4.01741
-4.22947
-4.39469
-4.51302
-4.63689
-4.70061
-4.83805
-4.74364
-5.07466
-4.42166
-5.78183
-2.91911
-8.76818
2.8082
-21.0582
6.78016
6.80256
6.82638
6.85137
6.87765
6.9053
6.93434
6.96491
6.99712
7.03094
7.06642
7.10368
7.1429
7.18412
7.22738
7.27273
7.32035
7.37043
7.42292
7.47794
7.53558
7.59606
7.65957
7.72601
7.79556
7.86841
7.9447
8.0245
8.10798
8.19531
8.28652
8.38185
8.4814
8.58519
8.69341
8.80628
8.92397
9.0463
9.17339
9.30552
9.44247
9.58424
9.73084
9.88221
10.0381
10.1984
10.3627
10.5307
10.7019
10.8757
11.0514
11.2283
11.4054
11.5817
11.7563
11.9277
12.0944
12.2553
12.4086
12.5531
12.6869
12.8085
12.9169
13.0105
13.0886
13.1514
13.1998
13.2289
13.2435
13.2517
13.255
13.2565
13.2626
13.3106
13.3753
13.3716
14.2038
14.6637
10.6283
34.6864
2.89043
2.87455
2.85738
2.83961
2.821
2.80131
2.78053
2.75864
2.73553
2.71112
2.68542
2.65833
2.6297
2.59948
2.56766
2.53403
2.49847
2.46094
2.42127
2.37928
2.33489
2.28792
2.23818
2.18545
2.12948
2.06999
2.00665
1.93925
1.86744
1.79098
1.70961
1.62253
1.52799
1.42346
1.30662
1.17807
1.04667
0.933942
0.872743
0.893433
1.00505
1.18457
1.37954
1.52574
1.5726
1.50326
1.33844
1.12087
0.890874
0.670273
0.462423
0.262093
0.0643241
-0.132433
-0.327612
-0.520347
-0.710134
-0.89665
-1.07941
-1.25774
-1.4307
-1.59724
-1.7561
-1.90621
-2.04539
-2.17368
-2.28643
-2.37607
-2.4371
-2.50697
-2.52961
-2.62555
-2.52294
-2.80998
-2.22831
-3.43278
-0.953834
-5.89014
3.7011
-14.8593
2.90441
2.91819
2.93292
2.94843
2.96487
2.98221
3.00046
3.01983
3.0404
3.0621
3.08496
3.10911
3.1347
3.16172
3.19021
3.22027
3.25203
3.28563
3.32096
3.35819
3.39751
3.43893
3.48253
3.52837
3.57658
3.6272
3.6804
3.73616
3.79458
3.85581
3.91981
3.98671
4.05646
4.12909
4.20465
4.28319
4.36471
4.44902
4.53626
4.62627
4.71885
4.81394
4.91152
5.01132
5.11307
5.21669
5.32176
5.42809
5.53538
5.64325
5.7515
5.85962
5.9673
6.074
6.17928
6.2824
6.38267
6.4796
6.5721
6.65941
6.7406
6.81507
6.8825
6.94203
6.99408
7.03981
7.08112
7.10969
7.1318
7.15139
7.16514
7.16668
7.15234
7.15172
7.1315
7.00847
7.65928
8.05165
4.36614
23.5107
2.44169
2.43857
2.43541
2.43204
2.42835
2.42437
2.4201
2.41549
2.41048
2.40512
2.39941
2.39328
2.3867
2.37963
2.37212
2.36415
2.35568
2.34671
2.33724
2.32732
2.31695
2.30615
2.29502
2.28362
2.27209
2.26067
2.24955
2.2389
2.22844
2.21729
2.20448
2.1906
2.18078
2.18792
2.23221
2.33266
2.49
2.66808
2.78973
2.75847
2.5002
2.00483
1.34479
0.657771
0.0949702
-0.243893
-0.351106
-0.299389
-0.188279
-0.0904468
-0.0324402
-0.00880674
-0.00561795
-0.0140799
-0.031674
-0.0581636
-0.0928044
-0.134005
-0.179977
-0.229143
-0.280143
-0.331791
-0.382965
-0.432999
-0.480578
-0.526463
-0.56781
-0.606251
-0.627805
-0.659111
-0.659723
-0.719455
-0.640935
-0.843317
-0.455325
-1.23947
0.285589
-2.52525
2.91807
-6.53065
2.44449
2.44702
2.4496
2.45215
2.45474
2.45733
2.45983
2.4623
2.46473
2.46707
2.46929
2.47135
2.47328
2.47502
2.47652
2.47776
2.4787
2.47936
2.47959
2.47942
2.47886
2.47778
2.47615
2.47395
2.47116
2.46771
2.46361
2.45878
2.4532
2.44693
2.4399
2.43213
2.42358
2.41434
2.40444
2.39391
2.3828
2.3712
2.35931
2.34715
2.33483
2.32253
2.31047
2.29873
2.28753
2.27703
2.2673
2.25846
2.25052
2.24355
2.23755
2.23232
2.22782
2.22383
2.22027
2.21697
2.21393
2.21127
2.20874
2.20631
2.20387
2.20132
2.19846
2.19468
2.18942
2.1804
2.16921
2.1715
2.15704
2.13724
2.12162
2.12216
2.15214
2.23711
2.34374
2.38106
2.73935
2.8253
0.815523
9.37768
)
;

boundaryField
{
    inlet
    {
        type            freestreamPressure;
        freestreamValue uniform 0;
        value           nonuniform List<scalar> 
134
(
3.0762
-1.94101
-7.06701
-11.3864
-14.3729
-16.0158
-15.9721
-14.2413
-10.8747
-4.95434
-0.857091
-1.38783
-2.3036
-3.14936
-3.9981
-4.8851
-5.81954
-6.80674
-7.86127
-9.00924
8.07408
-10.2868
-11.7144
-13.2292
-14.6636
-15.7116
-16.2294
-17.1474
-17.1746
-17.5288
-21.0397
-19.3111
-19.4028
-19.805
-20.1062
-20.2639
-20.4177
-20.7891
-21.7002
-22.7994
12.8767
17.9504
22.4778
25.3085
25.6284
21.9445
12.6031
-25.2338
-24.7205
-23.8936
-23.3676
-22.9845
-22.5499
-22.0549
-21.546
-21.0361
-20.5176
-19.9842
-19.4357
-18.8727
-18.2918
-17.6877
-17.0502
-16.3624
-15.6056
-14.7591
-14.2229
-13.7149
-13.0988
-12.3792
-11.5435
-10.4647
-8.99098
-6.34121
-2.78504
4.77002
10.2937
16.2688
22.0953
27.7047
32.976
37.4321
40.8515
43.3275
44.9427
45.9
46.4243
46.7132
46.9281
47.306
48.2204
49.8069
51.51
52.9095
54.0633
55.0649
55.9305
56.6305
57.1509
57.5012
57.7098
57.8434
58.0373
58.6347
60.1487
63.4416
64.7848
63.2935
61.5972
60.4957
59.5767
58.5315
57.3894
56.2301
55.0605
53.8575
52.6083
51.3072
49.9466
48.5124
46.9838
45.334
43.514
41.4872
39.0283
37.3183
35.5956
33.4645
30.9661
28.0895
24.5943
20.1959
13.6965
5.46788
)
;
    }
    outlet
    {
        type            freestreamPressure;
        freestreamValue uniform 0;
        value           nonuniform List<scalar> 
160
(
0.0114351
0.0114491
0.0114195
0.011462
0.0114036
0.0114752
0.0113867
0.0114884
0.0113682
0.0115017
0.0113483
0.0115152
0.011327
0.0115284
0.011304
0.0115415
0.0112791
0.0115546
0.0112524
0.0115673
0.011224
0.0115796
0.0111936
0.0115913
0.0111609
0.0116025
0.0111259
0.011613
0.0110887
0.0116226
0.0110492
0.011631
0.0110073
0.0116384
0.0109629
0.0116445
0.0109161
0.011649
0.010867
0.0116517
0.0108157
0.0116529
0.0107622
0.011652
0.0107071
0.0116487
0.0106504
0.0116432
0.010593
0.0116352
0.0105359
0.0116244
0.01048
0.011611
0.0104263
0.0115946
0.010374
0.0115751
0.0103191
0.0115528
0.0102566
0.0115275
0.0101878
0.0114992
0.0101336
0.0114679
0.0101508
0.0114338
0.0103317
0.0113974
0.0107663
0.0113586
0.0114651
0.0113179
0.0122742
0.0112757
0.012852
0.0112329
0.0127547
0.0111898
0.0116169
0.0111469
0.00935551
0.0111051
0.00628866
0.0110656
0.00307343
0.0110289
0.00044232
0.010996
-0.00113105
0.0109679
-0.00162174
0.010945
-0.00137897
0.0109281
-0.00086595
0.0109173
-0.000415823
0.0109132
-0.000149161
0.0109159
-4.05045e-05
0.0109247
-2.58447e-05
0.0109396
-6.47867e-05
0.0109598
-0.00014578
0.0109851
-0.000267791
0.0110149
-0.000427477
0.0110494
-0.000617627
0.0110897
-0.000830141
0.0111346
-0.00105792
0.0111844
-0.00129489
0.0112388
-0.00153576
0.0112977
-0.00177558
0.0113602
-0.00201147
0.0114238
-0.00223758
0.0114855
-0.00245755
0.011534
-0.00265853
0.0115774
-0.00284647
0.0116832
-0.00295621
0.0116905
-0.00311242
0.0116782
-0.00312878
0.0116984
-0.00342118
0.0118196
-0.00307138
0.0121209
-0.00403784
0.0127554
-0.00222018
0.013554
-0.00593961
0.0139993
0.00144407
0.0163658
-0.0117763
0.0173149
0.0162019
0.00517797
-0.0265734
0.057315
)
;
    }
    walls
    {
        type            zeroGradient;
    }
    frontAndBack
    {
        type            empty;
    }
}


// ************************************************************************* //
