/*--------------------------------*- C++ -*----------------------------------*\
| =========                 |                                                 |
| \\      /  F ield         | OpenFOAM: The Open Source CFD Toolbox           |
|  \\    /   O peration     | Version:  v1806                                 |
|   \\  /    A nd           | Web:      www.OpenFOAM.com                      |
|    \\/     M anipulation  |                                                 |
\*---------------------------------------------------------------------------*/
FoamFile
{
    version     2.0;
    format      ascii;
    class       volScalarField;
    location    "271";
    object      p;
}
// * * * * * * * * * * * * * * * * * * * * * * * * * * * * * * * * * * * * * //

dimensions      [0 2 -2 0 0 0 0];


internalField   nonuniform List<scalar> 
10720
(
1575.94
1392.56
1150.6
868.953
559.326
214.247
-134.707
-474.497
-805.648
-1109.97
-1387.12
-1636.25
-1855.68
-2046
-2206.57
-2334.52
-2432.93
-2494.75
-2525
-2518.28
-2477.03
-2395.33
-2282.21
-2141.22
-1989.75
-1854.27
-1731.55
-1604.97
-1473.85
-1339.81
-1202.53
-1061.82
-917.562
-769.096
-615.369
-451.475
-272.761
-48.2092
224.955
1724.71
1834.1
1898.72
1914.19
1880.9
1775.47
1599.23
1378.33
1142.74
911.255
704.272
533.778
394.56
282.026
193.047
116.633
50.3469
-11.0656
-70.0338
-130.774
-192.782
-258.054
-325.008
-389.884
-437.869
-462.035
-472.033
-471.58
-460.816
-439.386
-407.982
-367.456
-318.432
-260.793
-194.093
-115.156
-19.1403
117.73
323.84
1557.64
1421.22
1246.07
1034.39
791.871
519.857
229.721
-68.7518
-369.264
-661.756
-940.475
-1201.06
-1439.78
-1654.12
-1841.6
-1999.57
-2127.51
-2221.63
-2282.9
-2306.09
-2292.49
-2239.89
-2154.87
-2042.12
-1916.21
-1798.22
-1686.87
-1569.41
-1445.48
-1317.15
-1184.52
-1047.61
-906.438
-760.458
-608.675
-446.269
-268.722
-44.9721
222.663
1664.63
1748.41
1804.44
1822.96
1794.59
1712.58
1580.85
1412.74
1224.7
1031.22
846.516
680.649
535.416
410.323
304.073
211.431
129.724
55.3502
-14.3582
-82.7166
-150.333
-218.711
-286.795
-351.064
-400.208
-428.485
-442.764
-446.21
-438.992
-420.887
-392.549
-354.775
-308.135
-252.513
-187.435
-109.75
-14.7299
121.449
321.241
1481.28
1363.64
1211.54
1024.84
809.127
564.432
297.48
17.6906
-267.72
-551.157
-824.759
-1083.38
-1322.64
-1539.02
-1729.6
-1892.07
-2024.62
-2124.76
-2191.11
-2221.17
-2215.49
-2173.18
-2098.84
-1997.77
-1882.04
-1769.08
-1660.44
-1546.56
-1426.19
-1301.08
-1171.37
-1036.99
-897.967
-753.75
-603.357
-442.04
-265.385
-42.9051
219.178
1572.53
1643.04
1690.89
1709.44
1690.33
1627.45
1521.91
1381.43
1217.72
1042.99
869.49
707.439
561.83
434.022
323.677
227.932
143.739
67.9225
-2.41311
-70.2516
-136.93
-203.573
-269.439
-331.402
-380.613
-411.276
-427.585
-432.701
-427.014
-410.415
-383.513
-347.066
-301.617
-247.047
-182.841
-105.854
-11.415
123.775
316.902
1390.87
1291.28
1162.43
1004.51
821.95
612.704
382.122
136.848
-117.971
-375.933
-630.451
-876.432
-1109.1
-1324.4
-1518.56
-1688.52
-1831.46
-1944.66
-2025.76
-2073.25
-2086.12
-2063.58
-2008.64
-1926.34
-1826.73
-1724.55
-1623.4
-1516.32
-1401.69
-1281.23
-1155.42
-1024.29
-887.941
-745.914
-597.265
-437.358
-261.929
-41.3929
214.829
1468.66
1529.15
1571.73
1590.61
1578.4
1529.88
1445.38
1330.53
1193.95
1044.69
892.5
745.925
609.811
486.394
376.285
278.244
190.231
110.044
35.4089
-35.9893
-105.482
-173.859
-240.511
-302.667
-353.256
-386.828
-405.982
-413.744
-410.622
-396.479
-371.828
-337.381
-293.661
-240.557
-177.542
-101.516
-7.93305
125.743
311.96
1296.43
1209.37
1096.46
957.935
798.075
613.498
408.415
188.119
-43.8643
-282.008
-520.66
-755.018
-980.133
-1191.55
-1385.19
-1557.43
-1704.9
-1824.65
-1913.98
-1970.98
-1994.16
-1982.89
-1939.67
-1869.47
-1781.02
-1686.61
-1590.72
-1488.51
-1378.27
-1261.6
-1139.15
-1011
-877.23
-737.406
-590.59
-432.238
-258.278
-40.1442
209.604
1364.73
1417.91
1456.7
1475.9
1469
1431.72
1363.56
1268.61
1153.4
1024.63
890.039
756.813
629.439
510.7
402.059
303.473
213.886
131.841
55.5829
-16.7606
-86.5207
-154.4
-219.94
-280.774
-331.264
-366.473
-387.664
-397.373
-396.147
-383.848
-360.935
-328.091
-285.814
-233.994
-172.076
-96.9957
-4.36149
127.523
306.585
1203.95
1126.83
1026.88
904.52
763.994
601.17
419.622
223.591
15.3384
-200.591
-419.633
-637.724
-850.255
-1052.88
-1241.53
-1412.32
-1561.5
-1685.85
-1782.26
-1848.43
-1882.94
-1885.07
-1856.32
-1800.89
-1725.96
-1641.66
-1552.97
-1457
-1352.25
-1240.19
-1121.67
-996.865
-865.912
-728.441
-583.571
-426.906
-254.615
-39.3416
203.476
1264.85
1312.55
1348.53
1367.99
1365.14
1336.5
1281.12
1202.15
1104.85
994.257
876.577
757.756
641.575
530.738
427.014
330.945
242.16
159.836
82.765
9.57242
-60.8225
-128.936
-194.315
-254.851
-305.933
-343.139
-366.722
-378.722
-379.731
-369.626
-348.792
-317.855
-277.277
-226.944
-166.288
-92.2938
-0.770199
128.993
300.723
1115.96
1046.63
956.899
847.27
722.064
576.72
414.331
238.487
50.4604
-145.959
-347.129
-549.735
-749.603
-942.703
-1125.09
-1292.75
-1441.78
-1568.69
-1670.11
-1743.53
-1787
-1799.6
-1782.16
-1738.38
-1674.47
-1598.8
-1516.44
-1426.01
-1326.3
-1218.58
-1103.84
-982.31
-854.176
-719.108
-576.265
-421.399
-250.965
-38.9904
196.554
1171.06
1214.5
1248.28
1267.92
1268.22
1246.34
1201.08
1134.93
1052.25
956.932
853.965
748.287
642.952
540.358
442.34
349.749
262.726
181.033
103.975
30.6515
-39.7202
-107.478
-172.184
-231.992
-283.118
-321.647
-347.119
-361.032
-363.972
-355.812
-336.862
-307.686
-268.71
-219.814
-160.407
-87.5401
2.76666
130.105
294.452
1033.45
970.435
889.066
789.932
677.407
546.755
400.759
242.542
72.7375
-105.567
-289.401
-476.179
-662.325
-844.239
-1018.23
-1180.44
-1326.93
-1454.1
-1558.43
-1637.14
-1688.07
-1710.2
-1703.74
-1671.61
-1618.91
-1552.49
-1477.2
-1392.87
-1298.62
-1195.62
-1084.93
-966.921
-841.808
-709.308
-568.644
-415.735
-247.346
-39.0565
188.992
1083.88
1123.92
1155.89
1175.62
1178.4
1161.84
1124.67
1068.9
998.245
915.812
825.701
732.044
637.265
543.377
452.077
364.28
280.441
200.693
124.747
52.0999
-17.7306
-84.8946
-148.917
-208.142
-259.363
-299.109
-326.426
-342.297
-347.245
-341.139
-324.196
-296.908
-259.656
-212.309
-154.266
-82.6542
6.26921
130.865
287.839
956.675
898.868
824.416
733.998
631.991
513.657
381.525
238.409
84.4609
-77.7164
-245.744
-417.662
-590.434
-760.935
-925.859
-1081.56
-1224.22
-1350.23
-1456.02
-1538.64
-1595.62
-1625.76
-1628.67
-1606.63
-1563.9
-1506.05
-1437.58
-1359.13
-1270.24
-1171.94
-1065.34
-950.922
-828.919
-699.1
-560.738
-409.947
-243.792
-39.5429
180.873
1003.25
1040.5
1070.97
1090.69
1095.4
1083.1
1052.47
1005.17
944.442
872.841
793.8
710.819
625.809
540.397
456.056
373.634
293.721
216.695
142.559
71.1572
2.30303
-63.9588
-127.103
-185.61
-236.717
-277.342
-306.212
-323.836
-330.63
-326.446
-311.417
-285.96
-250.411
-204.622
-147.983
-77.7096
9.68625
131.25
280.898
885.52
832.081
763.467
680.423
587.3
479.43
359.179
229.135
89.1259
-58.6198
-212.203
-370.154
-529.915
-688.894
-844.167
-992.361
-1129.94
-1253.36
-1359.08
-1444.03
-1505.6
-1542.38
-1553.59
-1540.82
-1507.48
-1458.04
-1396.51
-1324.09
-1240.69
-1147.24
-1044.89
-934.2
-815.447
-688.447
-552.535
-404.037
-240.327
-40.4688
172.245
928.854
963.754
992.908
1012.56
1018.79
1009.92
984.646
944.312
891.821
829.346
759.811
686.239
610.139
532.791
455.429
378.767
303.402
229.819
158.229
88.7225
21.3585
-43.6441
-105.69
-163.364
-214.217
-255.485
-285.7
-304.96
-313.535
-311.259
-298.165
-274.586
-240.802
-196.644
-141.497
-72.6808
13.0226
131.268
273.641
819.696
769.992
706.371
629.631
544.098
445.206
335.196
216.471
88.6866
-46.2397
-186.783
-331.878
-479.384
-627.149
-772.662
-912.922
-1044.65
-1164.5
-1269
-1355.08
-1420.01
-1462.17
-1480.48
-1475.83
-1450.94
-1409.39
-1354.62
-1288.16
-1210.22
-1121.67
-1023.65
-916.785
-801.401
-677.352
-544.037
-398.011
-236.974
-41.8374
163.128
860.247
893.123
921.108
940.635
948.059
941.989
921.113
886.568
840.964
786.201
724.822
659.486
591.392
521.533
450.926
380.113
309.612
239.94
171.416
104.304
38.8489
-24.5732
-85.3103
-142.01
-192.442
-234.102
-265.415
-286.139
-296.37
-295.909
-284.691
-262.962
-230.946
-188.451
-134.854
-67.598
16.2547
130.921
266.097
758.844
712.383
653.096
581.825
502.845
411.729
310.627
201.797
84.7665
-38.7645
-167.557
-300.863
-436.903
-573.932
-709.806
-841.881
-967.216
-1082.69
-1184.98
-1271.07
-1338.18
-1384.49
-1408.77
-1411.26
-1394.05
-1359.94
-1311.79
-1251.25
-1178.78
-1095.2
-1001.6
-898.667
-786.774
-665.811
-535.246
-391.881
-233.747
-43.6487
153.552
796.979
828.086
855.008
874.348
882.723
878.932
861.705
832.004
792.195
743.983
689.614
631.458
570.498
507.506
443.296
378.243
312.756
247.313
182.269
117.986
54.8451
-6.66741
-65.8547
-121.401
-171.233
-213.043
-245.212
-267.223
-278.989
-280.268
-270.89
-251.013
-220.793
-180.011
-128.043
-62.4631
19.3749
130.222
258.291
702.601
658.986
603.501
537.026
463.769
379.457
286.157
186.018
78.4896
-34.9166
-153.15
-275.723
-401.149
-528.023
-654.561
-778.466
-897.123
-1007.67
-1107
-1192.19
-1260.46
-1309.85
-1339.03
-1347.67
-1337.29
-1310.05
-1268.26
-1213.53
-1146.47
-1067.86
-978.749
-879.852
-771.565
-653.823
-526.165
-385.654
-230.652
-45.8873
143.549
738.595
768.14
794.072
813.179
822.297
820.384
806.205
780.578
745.682
703.058
654.726
602.83
548.201
491.436
433.179
373.661
313.175
252.125
190.847
129.727
69.2255
9.90367
-47.5041
-101.712
-150.76
-192.49
-225.276
-248.385
-261.548
-264.466
-256.866
-238.813
-210.393
-171.359
-121.088
-57.2942
22.3691
129.179
250.253
650.606
609.516
557.405
495.175
426.965
348.657
262.24
169.783
70.6776
-33.6976
-142.446
-255.266
-370.924
-488.286
-605.905
-721.806
-833.663
-938.92
-1034.69
-1118.2
-1186.74
-1238.23
-1271.28
-1285.13
-1280.78
-1259.85
-1224.12
-1175.05
-1113.33
-1039.7
-955.13
-860.348
-755.778
-641.39
-516.797
-379.335
-227.703
-48.5331
133.157
684.677
712.813
737.834
756.661
766.351
765.983
754.369
732.197
701.484
663.654
620.539
574.108
525.075
473.916
421.142
366.864
311.259
254.642
197.291
139.576
81.9815
25.1048
-30.3002
-82.9802
-131.054
-172.477
-205.638
-229.646
-244.057
-248.507
-242.617
-226.36
-199.748
-162.499
-113.994
-52.1024
25.2279
127.811
242.014
602.51
563.686
514.595
456.162
392.444
319.471
239.175
153.543
61.9463
-34.3416
-134.554
-238.527
-345.233
-453.775
-562.955
-671.104
-776.195
-875.95
-967.744
-1048.97
-1117.02
-1169.75
-1205.74
-1223.91
-1224.81
-1209.58
-1179.55
-1135.94
-1079.45
-1010.77
-930.765
-840.171
-739.418
-628.517
-507.148
-372.933
-224.901
-51.5664
122.426
634.842
661.691
685.847
704.367
714.492
715.398
705.952
686.728
659.602
625.903
587.314
545.657
501.57
455.438
407.676
358.294
307.373
255.123
201.754
147.592
93.1039
38.8882
-14.3106
-65.2791
-112.194
-153.094
-186.398
-211.099
-226.6
-232.46
-228.202
-213.698
-188.888
-153.455
-106.783
-46.9026
27.9408
126.133
233.61
557.988
521.221
474.862
419.856
360.162
291.966
217.151
137.622
52.7477
-36.2822
-128.807
-224.763
-323.277
-423.647
-524.908
-625.642
-724.105
-818.284
-905.814
-984.277
-1051.19
-1104.44
-1142.51
-1164.18
-1169.57
-1159.44
-1134.7
-1096.31
-1044.91
-981.111
-905.692
-819.341
-722.5
-615.211
-497.224
-366.453
-222.251
-54.9549
111.402
588.741
614.409
637.736
655.923
666.367
668.329
660.724
644.028
619.995
589.875
555.229
517.755
478.04
436.406
393.193
348.34
301.846
253.829
204.419
153.88
102.631
51.2389
0.419844
-48.6606
-94.2302
-134.4
-167.621
-192.81
-209.234
-216.373
-213.655
-200.856
-177.836
-144.244
-99.4685
-41.7085
30.501
124.17
225.076
516.759
481.869
437.995
386.106
330.041
266.157
196.272
122.231
43.4033
-39.0979
-124.68
-213.35
-304.379
-397.213
-491.082
-584.79
-676.839
-765.472
-848.566
-923.91
-989.174
-1042.29
-1081.68
-1106.09
-1115.25
-1109.61
-1089.74
-1056.3
-1009.82
-950.809
-879.955
-797.887
-705.04
-601.482
-487.035
-359.904
-219.752
-58.6662
100.136
546.059
570.635
593.168
610.996
621.666
624.497
618.462
603.947
582.593
555.59
524.392
490.594
454.749
417.135
378.038
337.347
294.995
251.024
205.485
158.568
110.627
62.1753
13.8756
-33.1626
-77.2196
-116.462
-149.384
-174.854
-192.029
-200.305
-199.03
-187.875
-166.625
-134.892
-92.0719
-36.5352
32.9038
121.946
216.447
478.557
445.391
403.802
354.754
301.993
242.016
176.6
107.514
34.1502
-42.447
-121.74
-203.799
-287.993
-373.9
-460.895
-547.978
-633.881
-717.063
-795.645
-867.618
-930.822
-983.264
-1023.33
-1049.78
-1062.04
-1060.3
-1044.85
-1016.04
-974.269
-919.936
-853.607
-775.845
-687.061
-587.348
-476.592
-353.287
-217.399
-62.6614
88.69
506.51
530.062
551.835
569.291
580.103
583.654
578.959
566.334
547.317
523.042
494.873
464.319
431.904
397.879
362.495
325.608
287.099
246.951
205.143
161.789
117.169
71.7259
26.0549
-18.8078
-61.1971
-99.3319
-131.751
-157.301
-175.051
-184.317
-184.376
-174.795
-155.286
-125.424
-84.614
-31.3962
35.1448
119.491
207.767
443.138
411.57
372.085
325.655
275.911
219.504
158.152
93.5699
25.1591
-46.0835
-119.672
-195.712
-273.664
-353.195
-433.818
-514.691
-594.743
-672.636
-746.714
-815.161
-875.989
-927.307
-967.497
-995.354
-1010.08
-1011.68
-1000.18
-975.677
-938.382
-888.579
-826.711
-753.256
-668.592
-572.825
-465.905
-346.611
-215.186
-66.8979
77.1223
469.835
492.425
513.47
530.539
541.423
545.569
542.023
531.044
514.074
492.198
466.703
439.02
409.653
378.838
346.798
313.374
278.411
241.841
203.589
163.693
122.356
79.9414
36.9653
-5.61254
-46.1935
-83.0564
-114.785
-140.219
-158.37
-168.472
-169.749
-161.664
-143.857
-115.871
-77.1171
-26.3067
37.2245
116.833
199.078
410.285
380.207
342.674
298.661
251.693
198.555
140.923
80.4466
16.5478
-49.8226
-118.213
-188.767
-261.003
-334.675
-409.404
-484.48
-558.998
-631.808
-701.445
-766.282
-824.508
-874.341
-914.187
-942.889
-959.514
-963.915
-955.901
-935.35
-902.276
-856.832
-799.337
-730.171
-649.665
-557.935
-454.989
-339.875
-213.099
-71.3304
65.494
435.806
457.489
477.831
494.502
505.403
510.033
507.479
497.94
482.772
463.018
439.894
414.761
388.112
360.171
331.142
300.859
269.15
235.908
201.01
164.43
126.296
86.8929
46.6479
6.43359
-32.2282
-67.6738
-98.5386
-123.673
-142.049
-152.833
-155.205
-148.53
-132.379
-106.264
-69.6063
-21.2798
39.1437
114.004
190.421
379.802
351.116
315.403
273.636
229.228
179.104
124.889
68.1731
8.39965
-53.5207
-117.172
-182.713
-249.724
-318.013
-387.289
-456.967
-526.273
-594.219
-659.521
-720.731
-776.199
-824.264
-863.382
-892.44
-910.459
-917.151
-912.174
-895.206
-866.076
-824.799
-771.564
-706.647
-630.322
-542.706
-443.858
-333.083
-211.123
-75.9078
53.8717
404.219
425.037
444.698
460.966
471.837
476.864
475.165
466.891
453.317
435.445
414.433
391.576
367.355
341.988
315.671
288.238
259.505
229.341
197.583
164.152
129.11
92.6615
55.1494
17.3455
-19.3085
-53.2128
-83.0594
-107.723
-126.155
-137.466
-140.804
-135.445
-120.896
-96.6388
-62.1067
-16.3299
40.9066
111.04
181.837
351.51
324.13
290.118
250.446
208.416
161.077
110.015
56.7555
0.7722
-57.0733
-116.387
-177.343
-239.562
-302.905
-367.152
-431.803
-496.219
-559.543
-620.654
-678.266
-730.882
-776.967
-815.049
-844.041
-863
-871.52
-869.143
-855.386
-829.909
-792.586
-743.476
-682.747
-610.608
-527.168
-432.529
-326.235
-209.237
-80.5759
42.3236
374.882
394.878
413.876
429.736
440.542
445.891
444.931
437.772
425.614
409.425
390.302
369.481
347.436
324.384
300.513
275.66
249.641
222.308
193.468
163.004
130.918
97.3393
62.525
27.151
-7.42973
-39.6904
-68.3845
-92.4203
-110.746
-122.434
-126.606
-122.463
-109.453
-87.0324
-54.6454
-11.4693
42.5182
107.973
173.372
325.243
299.094
266.679
228.971
189.149
144.4
96.2562
46.1878
-6.31073
-60.4078
-115.742
-172.488
-230.309
-289.103
-348.706
-408.695
-468.533
-527.488
-584.575
-638.657
-688.378
-732.329
-769.129
-797.716
-817.211
-827.132
-826.941
-816.029
-793.904
-760.306
-715.166
-658.544
-590.574
-511.353
-421.019
-319.33
-207.42
-85.2847
30.9133
347.626
366.84
385.193
400.641
411.352
416.959
416.641
410.467
399.573
384.892
367.466
348.477
328.391
307.423
285.756
263.24
239.691
214.951
188.812
161.125
131.841
101.022
68.8458
35.8939
3.42348
-27.1158
-54.5424
-77.8122
-95.8809
-107.797
-112.672
-109.64
-98.099
-77.4834
-47.2499
-6.71136
43.9872
104.838
165.066
300.853
275.867
244.958
209.094
171.335
128.999
83.565
36.4497
-12.8274
-63.4754
-115.148
-168.026
-221.802
-276.404
-331.716
-387.382
-442.949
-497.781
-551.025
-601.671
-648.504
-690.222
-725.548
-753.451
-773.136
-784.079
-785.691
-777.267
-758.193
-728.075
-686.731
-634.11
-570.278
-495.302
-409.347
-312.367
-205.643
-89.9754
19.7095
322.296
340.761
358.49
373.529
384.117
389.924
390.163
384.866
375.107
361.784
345.89
328.553
310.233
291.146
271.471
251.071
229.767
207.399
183.748
158.643
131.996
103.81
74.1902
43.6259
13.2785
-15.4868
-41.5559
-63.9361
-81.6105
-93.6162
-99.0606
-97.0324
-86.8846
-68.0324
-39.9488
-2.06764
45.3227
101.668
156.959
278.202
254.319
224.834
190.704
154.881
114.799
71.8911
27.5188
-18.7765
-66.2362
-114.531
-163.845
-213.896
-264.64
-315.987
-367.644
-419.226
-470.185
-519.779
-567.107
-611.086
-650.522
-684.232
-711.226
-730.809
-742.437
-745.498
-739.221
-722.893
-696.008
-658.268
-609.533
-549.781
-479.052
-397.536
-305.341
-203.879
-94.5923
8.7772
298.753
316.499
333.622
348.252
358.695
364.657
365.382
360.869
352.131
340.035
325.529
309.69
292.97
275.585
257.713
239.228
219.962
199.756
178.39
155.675
131.491
105.796
78.6322
50.4027
22.1665
-4.79192
-29.4346
-50.8232
-67.9794
-79.9432
-85.8299
-84.6957
-75.8598
-58.7218
-32.7697
2.45
46.5352
98.4959
149.088
257.168
234.333
206.197
173.703
139.697
101.728
61.1795
19.3617
-24.1641
-68.6693
-113.844
-159.866
-206.48
-253.663
-301.346
-349.286
-397.156
-444.486
-490.622
-534.77
-575.956
-613.095
-645.094
-671.013
-690.249
-702.268
-706.456
-702.002
-688.122
-664.214
-629.884
-584.892
-529.146
-462.653
-385.601
-298.254
-202.092
-99.0784
-1.81973
276.867
293.924
310.457
324.678
334.961
341.039
342.187
338.377
330.563
319.582
306.338
291.86
276.593
260.751
244.513
227.764
210.348
192.112
172.837
152.325
130.433
107.08
82.2549
56.2825
30.1289
4.98639
-18.182
-38.498
-55.0277
-66.8299
-73.036
-72.6861
-65.0739
-49.5916
-25.7429
6.83152
47.6355
95.3535
141.49
237.636
215.797
188.942
157.996
125.703
89.7174
51.3787
11.9456
-29.0023
-70.7632
-113.048
-156.027
-199.468
-243.356
-287.654
-332.146
-376.562
-420.493
-463.365
-504.479
-542.954
-577.81
-608.039
-632.757
-651.446
-663.611
-668.645
-665.716
-653.994
-632.808
-601.678
-560.279
-508.442
-446.143
-373.575
-291.096
-200.255
-103.386
-12.0212
256.52
272.915
288.875
302.691
312.799
318.961
320.478
317.3
310.325
300.36
288.269
275.034
261.09
246.651
231.896
216.723
200.988
184.543
167.176
148.686
128.914
107.751
85.1385
61.3364
37.2138
13.8747
-7.79276
-26.9733
-42.7865
-54.3211
-60.7299
-61.0566
-54.5779
-40.6833
-18.8958
11.066
48.6361
92.267
134.194
219.5
198.612
172.972
143.495
112.818
78.7003
42.4369
5.23219
-33.3092
-72.5179
-112.12
-152.281
-192.781
-233.626
-274.786
-316.082
-357.285
-398.038
-437.837
-476.065
-511.932
-544.54
-572.978
-596.408
-614.394
-626.495
-632.122
-630.447
-620.612
-601.898
-573.752
-535.778
-487.743
-429.578
-361.473
-283.869
-198.337
-107.458
-21.7736
237.604
253.363
268.767
282.183
292.105
298.322
300.162
297.553
291.342
282.308
271.273
259.175
246.44
233.282
219.875
206.133
191.922
177.104
161.476
144.837
127.019
107.892
87.3629
65.6276
43.4695
21.9045
1.74554
-16.2574
-31.2805
-42.4542
-48.9583
-49.8582
-44.42
-32.0383
-12.2547
15.1435
49.5468
89.2656
127.228
202.663
182.683
158.201
130.119
100.969
68.6125
34.3013
-0.813546
-37.1057
-73.9359
-111.04
-148.585
-186.364
-224.386
-262.641
-300.973
-339.187
-376.973
-413.888
-449.379
-482.744
-513.166
-539.808
-561.905
-579.07
-590.934
-596.941
-596.271
-588.071
-571.586
-546.207
-511.481
-467.115
-413.007
-349.324
-276.568
-196.298
-111.25
-31.0237
220.019
235.166
250.03
263.05
272.779
279.028
281.15
279.056
273.543
265.364
255.301
244.246
232.619
220.63
208.451
196.01
183.183
169.844
155.798
140.849
124.826
107.583
89.001
69.2231
48.9499
29.1121
10.4519
-6.34904
-20.5268
-31.261
-37.7633
-39.1364
-34.6456
-23.6945
-5.8481
19.055
50.3817
86.3696
120.613
187.037
167.923
144.546
117.791
90.0868
59.3954
26.9224
-6.22892
-40.4142
-75.021
-109.801
-144.912
-180.164
-215.57
-251.131
-286.712
-322.148
-357.165
-391.376
-424.286
-455.265
-483.571
-508.443
-529.177
-545.436
-556.931
-563.132
-563.252
-556.451
-541.96
-519.135
-487.473
-446.634
-396.478
-337.155
-269.189
-194.116
-114.714
-39.7238
203.675
218.23
232.571
245.202
254.73
260.99
263.36
261.733
256.862
249.469
240.301
230.208
219.597
208.679
197.622
186.364
174.795
162.798
150.19
136.78
122.4
106.894
90.123
72.1862
53.7089
35.5399
18.3514
2.75898
-10.535
-20.7651
-27.1809
-28.9328
-25.2965
-15.6894
0.300218
22.7918
51.1479
83.5995
114.367
172.537
154.254
131.93
106.438
80.1056
50.9893
20.2511
-11.0536
-43.2622
-75.7902
-108.4
-141.245
-174.148
-207.125
-240.185
-273.212
-306.065
-338.503
-370.18
-400.659
-429.372
-455.645
-478.787
-498.156
-513.455
-524.47
-530.716
-531.439
-525.824
-513.107
-492.623
-463.836
-426.369
-380.046
-324.99
-261.734
-191.759
-117.813
-47.8361
188.487
202.473
216.304
228.554
237.875
244.128
246.716
245.514
241.232
234.566
226.225
217.019
207.345
197.409
187.377
177.197
166.771
155.992
144.688
132.68
119.799
105.888
90.7934
74.5784
57.8008
41.2306
25.4722
11.0802
-1.30722
-10.9834
-17.241
-19.2844
-16.41
-8.05641
6.16654
26.3456
51.8551
80.9705
108.501
159.088
141.599
120.282
95.9939
70.964
43.3401
14.2409
-15.3251
-45.6776
-76.2569
-106.839
-137.571
-168.287
-199.004
-229.742
-260.398
-290.848
-320.882
-350.191
-378.387
-404.955
-429.287
-450.751
-468.769
-483.079
-493.538
-499.703
-500.867
-496.248
-485.1
-466.754
-440.653
-406.389
-363.759
-312.858
-254.205
-189.204
-120.512
-55.3285
174.376
187.814
201.15
213.023
222.137
228.368
231.145
230.331
226.592
220.599
213.024
204.64
195.829
186.795
177.7
168.504
159.118
149.443
139.323
128.586
117.072
104.621
91.0722
76.4599
61.2793
46.2283
31.8481
18.6331
7.15946
-1.92678
-7.96536
-10.221
-8.01936
-0.824538
11.7296
29.7082
52.5106
78.4948
103.022
146.617
129.889
109.536
86.396
62.6041
36.396
8.84746
-19.0777
-47.6838
-76.4348
-105.121
-133.881
-162.558
-191.176
-219.754
-248.205
-276.42
-304.215
-331.315
-357.368
-381.914
-404.401
-424.252
-440.948
-454.261
-464.109
-470.095
-471.56
-467.771
-458.004
-441.6
-417.993
-386.759
-347.668
-300.786
-246.602
-186.432
-122.782
-62.1722
161.269
174.178
187.034
198.538
207.441
213.638
216.582
216.121
212.885
207.515
200.651
193.027
185.014
176.811
168.575
160.276
151.835
143.163
134.115
124.532
114.259
103.139
91.0105
77.8828
64.1955
50.5783
37.5143
25.4411
14.8752
6.40224
0.630423
-1.76686
-0.152867
5.97925
16.9708
32.8721
53.1179
76.1789
97.9304
135.058
119.061
99.6291
77.5855
54.9719
30.1072
4.02759
-22.3491
-49.3089
-76.3433
-103.253
-130.168
-156.944
-183.607
-210.178
-236.579
-262.716
-288.428
-313.465
-337.513
-360.157
-380.895
-399.206
-414.619
-426.945
-436.15
-441.881
-443.536
-440.428
-431.872
-417.223
-395.924
-367.539
-331.82
-288.802
-238.935
-183.424
-124.599
-68.3503
149.1
161.498
173.887
185.03
193.721
199.873
202.961
202.824
200.053
195.262
189.059
182.141
174.865
167.427
159.981
152.501
144.919
137.157
129.08
120.54
111.393
101.486
90.6556
78.8964
66.597
54.3248
42.5081
31.5324
21.8568
14.007
8.53779
6.06071
7.16798
12.3337
21.8742
35.8291
53.6803
74.027
93.2215
124.349
109.053
90.5042
69.5074
48.0157
24.4279
-0.260276
-25.1726
-50.5821
-76.0018
-101.244
-126.435
-151.437
-176.277
-200.978
-225.473
-249.678
-273.45
-296.565
-318.74
-339.6
-358.689
-375.537
-389.72
-401.078
-409.622
-415.046
-416.799
-414.245
-406.743
-393.678
-374.504
-348.784
-316.261
-276.934
-231.209
-180.173
-125.951
-73.8502
137.803
149.709
161.646
172.435
180.913
187.011
190.225
190.385
188.043
183.79
178.203
171.94
165.348
158.616
151.893
145.161
138.362
131.424
124.226
116.631
108.501
99.6944
90.0492
79.5463
68.5304
57.5112
46.8677
36.9372
28.124
20.8966
15.7563
13.2518
13.9277
18.2221
26.4262
38.5746
54.1976
72.0382
88.8869
114.433
99.8092
82.1069
62.1105
41.6877
19.3141
-4.05336
-27.5811
-51.5284
-75.4287
-99.1069
-122.683
-146.027
-169.167
-192.128
-214.849
-237.257
-259.224
-280.549
-300.976
-320.167
-337.707
-353.172
-366.18
-376.602
-384.486
-389.565
-391.343
-389.237
-382.651
-371.008
-353.783
-330.546
-301.031
-265.211
-223.436
-176.674
-126.827
-78.6678
127.322
138.752
150.25
160.694
168.959
174.995
178.317
178.748
176.804
173.052
168.039
162.385
156.425
150.344
144.286
138.239
132.152
125.961
119.557
112.814
105.605
97.7942
89.2265
79.8732
70.0386
60.1801
50.6322
41.6879
33.7013
27.0864
22.2908
19.8027
20.1172
23.6331
30.6172
41.1016
54.6693
70.2079
84.9132
105.256
91.2782
74.3865
55.3463
35.9428
14.7238
-7.39077
-29.6084
-52.174
-74.6438
-96.8521
-118.915
-140.708
-162.262
-183.601
-204.672
-225.409
-245.697
-265.357
-284.157
-301.789
-317.877
-332.041
-343.938
-353.463
-360.695
-365.407
-367.154
-365.406
-359.616
-349.248
-333.802
-312.865
-286.168
-253.659
-215.63
-172.926
-127.227
-82.8052
117.602
128.573
139.644
149.75
157.804
163.77
167.185
167.863
166.289
163.003
158.523
153.436
148.063
142.584
137.136
131.713
126.274
120.761
115.075
109.1
102.721
95.8098
88.2187
79.9126
71.1604
62.3716
53.84
45.8194
38.6173
32.5966
28.1528
25.7171
25.7329
28.5601
34.4402
43.4055
55.0913
68.5292
81.2833
96.7672
83.4105
67.2955
49.1702
30.7384
10.6185
-10.307
-31.2835
-52.5431
-73.6652
-94.4932
-115.137
-135.48
-155.552
-175.38
-194.914
-214.097
-232.826
-250.938
-268.223
-284.403
-299.137
-312.081
-322.93
-331.604
-338.204
-342.54
-344.214
-342.749
-337.649
-328.419
-314.593
-295.778
-271.706
-242.303
-207.806
-168.936
-127.153
-86.2708
108.59
119.119
129.775
139.551
147.396
153.285
156.778
157.683
156.451
153.598
149.616
145.056
140.227
135.302
130.415
125.564
120.713
115.814
110.775
105.493
99.8615
93.7603
87.0519
79.6966
71.9319
64.1237
56.5295
49.3672
42.9027
37.4513
33.3595
31.0041
30.7777
33.0014
37.8921
45.4821
55.4588
66.9904
77.9762
88.9206
76.1595
60.7896
43.5397
26.0344
6.96154
-12.8346
-32.6352
-52.6617
-72.5131
-92.0429
-111.355
-130.341
-149.031
-167.45
-185.553
-203.291
-220.571
-237.245
-253.122
-267.952
-281.424
-293.229
-303.098
-310.969
-316.963
-320.923
-322.495
-321.254
-316.752
-308.537
-296.182
-279.314
-257.674
-231.17
-199.981
-164.716
-126.618
-89.0813
100.239
110.341
120.596
130.049
137.685
143.493
147.051
148.162
147.247
144.797
141.278
137.207
132.882
128.469
124.097
119.769
115.453
111.108
106.654
101.995
97.0338
91.6618
85.7491
79.2541
72.3867
65.4728
58.7376
52.3674
46.5905
41.6786
37.9326
35.6783
35.2599
36.9604
40.9724
47.3287
55.7655
65.5787
74.9693
81.6719
69.4831
54.8273
38.4149
21.7939
3.71762
-15.005
-33.6916
-52.5517
-71.2051
-89.513
-107.576
-125.292
-142.69
-159.795
-176.567
-192.963
-208.897
-224.236
-238.808
-252.383
-264.684
-275.431
-284.385
-291.506
-296.924
-300.515
-301.968
-300.901
-296.917
-289.607
-278.582
-263.495
-244.097
-220.28
-192.177
-160.281
-125.638
-91.2568
92.5052
102.195
112.061
121.198
128.628
134.349
137.96
139.258
138.635
136.56
133.471
129.855
125.997
122.056
118.156
114.304
110.475
106.631
102.703
98.6032
94.2445
89.5265
84.3292
78.6101
72.5547
66.4527
60.5004
54.8565
49.7153
45.3095
41.898
39.7599
39.1933
40.4449
43.684
48.9437
56.0047
64.2792
72.2371
74.9798
63.3407
49.3699
33.7585
17.9811
0.854213
-16.8482
-34.4792
-52.2362
-69.7593
-86.9186
-103.809
-120.335
-136.526
-152.406
-167.94
-183.088
-197.772
-211.874
-225.235
-237.65
-248.865
-258.631
-266.736
-273.16
-278.037
-281.274
-282.595
-281.666
-278.131
-271.627
-261.8
-248.336
-230.993
-209.657
-184.412
-155.652
-124.236
-92.8229
85.3459
94.6371
104.126
112.955
120.18
125.811
129.463
130.931
130.577
128.85
126.16
122.966
119.539
116.034
112.567
109.149
105.761
102.37
98.9143
95.3163
91.4966
87.3639
82.8078
77.7866
72.4632
67.095
61.8526
56.8703
52.3129
48.3775
45.2853
43.273
42.5962
43.4671
46.0331
50.3268
56.169
63.0748
69.7533
68.8055
57.6947
44.3807
29.5358
14.5637
-1.65929
-18.392
-35.0223
-51.7367
-68.1933
-84.2715
-100.061
-115.474
-130.536
-145.274
-159.655
-173.643
-187.17
-200.125
-212.366
-223.708
-233.919
-242.779
-250.101
-255.878
-260.253
-263.153
-264.339
-263.516
-260.372
-254.585
-245.838
-233.844
-218.378
-199.319
-176.709
-150.852
-122.44
-93.8118
78.722
87.6288
96.752
105.281
112.303
117.839
121.521
123.142
123.036
121.63
119.311
116.508
113.479
110.374
107.304
104.282
101.293
98.311
95.2792
92.13
88.7919
85.1819
81.199
76.803
72.1372
67.4294
62.8275
58.4445
54.4192
50.9176
48.1266
46.2455
45.4907
46.0429
48.0286
51.4795
56.2511
61.9484
67.4908
63.1133
52.5097
39.8258
25.7139
11.5109
-3.85137
-19.6632
-35.3447
-51.0723
-66.523
-81.5834
-96.3401
-110.709
-124.718
-138.391
-151.7
-164.612
-177.065
-188.958
-200.165
-210.515
-219.801
-227.826
-234.427
-239.611
-243.52
-246.106
-247.157
-246.417
-243.615
-238.465
-230.687
-220.022
-206.263
-189.282
-169.089
-145.907
-120.279
-94.2569
72.5966
81.1326
89.9011
98.136
104.958
110.395
114.098
115.855
115.977
114.867
112.891
110.449
107.788
105.05
102.343
99.6806
97.0533
94.4389
91.7877
89.0396
86.1307
82.9863
79.5146
75.6772
71.6
67.484
63.4571
59.6139
56.0705
52.9657
50.4562
48.7079
47.9022
48.1912
49.6821
52.4046
56.244
60.8824
65.422
57.8692
47.7529
35.673
22.2626
8.79293
-5.74923
-20.6856
-35.4675
-50.2623
-64.7641
-78.8672
-92.6535
-106.046
-119.07
-131.751
-144.062
-155.975
-167.433
-178.347
-188.598
-198.034
-206.47
-213.728
-219.669
-224.308
-227.789
-230.083
-231.005
-230.332
-227.828
-223.244
-216.335
-206.868
-194.652
-179.561
-161.574
-140.845
-117.788
-94.1961
66.9354
75.1134
83.5382
91.486
98.1098
103.445
107.159
109.037
109.366
108.53
106.87
104.761
102.438
100.038
97.6606
95.3254
93.0248
90.7407
88.4299
86.0393
83.5121
80.7815
77.7646
74.4248
70.8722
67.2844
63.7714
60.412
57.3025
54.5583
52.3094
50.6928
49.8587
49.9336
51.0072
53.1067
56.1418
59.8594
63.5202
53.0414
43.3933
31.8924
19.1531
6.38307
-7.37773
-21.4826
-35.4119
-49.3245
-62.9311
-76.1331
-89.0088
-101.487
-113.592
-125.349
-136.732
-147.719
-158.256
-168.263
-177.634
-186.23
-193.884
-200.44
-205.777
-209.921
-213.013
-215.038
-215.838
-215.219
-212.977
-208.897
-202.765
-194.373
-183.549
-170.166
-154.183
-135.695
-115.003
-93.6696
61.7062
69.5384
77.6301
85.2979
91.7258
96.9558
100.671
102.656
103.174
102.588
101.219
99.4167
97.4043
95.3121
93.236
91.1973
89.191
87.2029
85.196
83.1236
80.9354
78.5716
75.9577
73.0597
69.9737
66.8555
63.7998
60.8717
58.1508
55.7321
53.7225
52.2341
51.39
51.2939
52.0198
53.5919
55.9396
58.8634
61.7594
48.6003
39.4019
28.4561
16.3587
4.25627
-8.76067
-22.0754
-35.1967
-48.2753
-61.0373
-73.3917
-85.4132
-97.0348
-108.282
-119.178
-129.7
-139.828
-149.514
-158.684
-167.244
-175.068
-182.007
-187.922
-192.709
-196.403
-199.141
-200.923
-201.609
-201.035
-199.024
-195.393
-189.953
-182.525
-172.95
-161.107
-146.937
-130.485
-111.96
-92.7199
56.8785
64.3771
72.1458
79.5405
85.7744
90.8963
94.6045
96.6822
97.3699
97.0134
95.9116
94.3904
92.6619
90.851
89.0486
87.2775
85.536
83.8131
82.0769
80.2869
78.3987
76.3592
74.1018
71.5949
68.9222
66.22
63.5695
61.0243
58.6496
56.5229
54.7316
53.3664
52.527
52.2972
52.7373
53.8678
55.6336
57.879
60.115
44.518
35.7516
25.3379
13.8541
2.38877
-9.92034
-22.4844
-34.8402
-47.13
-59.0957
-70.6531
-81.8728
-92.6936
-103.14
-113.233
-122.955
-132.288
-141.187
-149.587
-157.402
-164.518
-170.802
-176.133
-180.421
-183.708
-186.128
-187.688
-188.272
-187.735
-185.929
-182.697
-177.875
-171.307
-162.85
-152.389
-139.852
-125.244
-108.698
-91.3895
52.4241
59.6007
67.0564
74.1843
80.2265
85.2376
88.9303
91.0871
91.9279
91.7797
90.9219
89.6577
88.1886
86.6335
85.0789
83.5493
82.0454
80.5593
79.0638
77.5236
75.9003
74.1469
72.2038
70.0422
67.7344
65.3994
63.1066
60.8998
58.832
56.9661
55.3727
54.1245
53.3012
52.9697
53.1781
53.9431
55.2218
56.8928
58.5642
40.7688
32.417
22.5132
11.6162
0.758338
-10.8769
-22.7284
-34.3591
-45.9033
-57.1181
-67.926
-78.3939
-88.4651
-98.1639
-107.512
-116.491
-125.087
-133.26
-140.951
-148.08
-154.548
-160.236
-165.035
-168.872
-171.792
-173.926
-175.289
-175.779
-175.276
-173.652
-170.774
-166.503
-160.701
-153.242
-144.016
-132.944
-120.001
-105.254
-89.7215
48.3166
55.1823
62.3345
69.2018
75.0548
79.9524
83.6216
85.8446
86.8216
86.8621
86.2267
85.1963
83.9631
82.6401
81.3097
79.997
78.7057
77.4303
76.1482
74.8289
73.4389
71.937
70.2704
68.4126
66.4259
64.4139
62.4356
60.5267
58.7298
57.0957
55.6808
54.5427
53.7443
53.3381
53.3617
53.8282
54.7033
55.893
57.086
37.328
29.3744
19.9592
9.62318
-0.655472
-11.6494
-22.8245
-33.7682
-44.608
-55.1153
-65.2184
-74.9817
-84.352
-93.3537
-102.007
-110.298
-118.213
-125.716
-132.753
-139.255
-145.131
-150.274
-154.591
-158.021
-160.612
-162.491
-163.677
-164.085
-163.612
-162.151
-159.588
-155.806
-150.685
-144.114
-135.989
-126.228
-114.779
-101.663
-87.7582
44.5309
51.0966
57.9546
64.5677
70.2334
75.0153
78.6533
80.9302
82.0275
82.2378
81.8035
80.9856
79.966
78.853
77.7242
76.6062
75.5046
74.4164
73.3228
72.198
71.013
69.7316
68.3074
66.7161
65.0112
63.2824
61.5798
59.932
58.3735
56.9444
55.6896
54.6543
53.8872
53.4291
53.3082
53.5341
54.0791
54.8698
55.6619
34.1729
26.6016
17.6547
7.85446
-1.87198
-12.2558
-22.7885
-33.0818
-43.2565
-53.0974
-62.5381
-71.6404
-80.3556
-88.7076
-96.7163
-104.369
-111.653
-118.538
-124.976
-130.902
-136.237
-140.886
-144.767
-147.831
-150.127
-151.778
-152.807
-153.143
-152.698
-151.383
-149.101
-145.753
-141.237
-135.453
-128.307
-119.713
-109.605
-97.9611
-85.5414
41.0439
47.3202
53.893
60.2577
65.7383
70.4023
74.0018
76.3208
77.5233
77.8852
77.6324
77.0063
76.1795
75.2554
74.3076
73.3635
72.4307
71.5083
70.5809
69.6269
68.6214
67.5329
66.3207
64.9625
63.5041
62.0227
60.5607
59.1413
57.7915
56.5433
55.4317
54.4916
53.7604
53.2689
53.0377
53.0729
53.3514
53.8153
54.2755
31.2824
24.0779
15.5795
6.2913
-2.90883
-12.7123
-22.6356
-32.3134
-41.8599
-51.0728
-59.8915
-68.3746
-76.4778
-84.2239
-91.6331
-98.6939
-105.396
-111.713
-117.599
-122.999
-127.842
-132.041
-135.528
-138.262
-140.296
-141.745
-142.636
-142.909
-142.491
-141.307
-139.275
-136.312
-132.331
-127.245
-120.966
-113.41
-104.498
-94.1798
-83.1113
37.8339
43.8306
50.127
56.2492
61.5471
66.0911
69.6451
71.9949
73.2881
73.7845
73.6941
73.2404
72.5869
71.8323
71.0464
70.2572
69.4739
68.6977
67.9164
67.1121
66.2633
65.3431
64.3156
63.1607
61.9172
60.6513
59.399
58.1783
57.0109
55.9216
54.9375
54.0853
53.3929
52.8831
52.5702
52.4572
52.5239
52.7239
52.9129
28.6363
21.7841
13.715
4.91598
-3.78253
-13.0342
-22.3794
-31.4747
-40.428
-49.0496
-57.2841
-65.1872
-72.7189
-79.9009
-86.7532
-93.2659
-99.4312
-105.224
-110.605
-115.524
-119.917
-123.71
-126.842
-129.281
-131.08
-132.351
-133.121
-133.341
-132.948
-131.881
-130.072
-127.451
-123.943
-119.473
-113.962
-107.325
-99.4778
-90.3496
-80.5052
34.8805
40.6075
46.636
52.5212
57.6386
62.0606
65.5627
67.9326
69.3025
69.9171
69.9713
69.6717
69.1733
68.5699
67.928
67.2762
66.6252
65.9777
65.3244
64.6506
63.9383
63.1643
62.2973
61.3192
60.2625
59.1839
58.1134
57.0654
56.0568
55.1067
54.2359
53.4643
52.8125
52.2964
51.9256
51.6999
51.6013
51.5915
51.5626
26.2162
19.702
12.0441
3.71218
-4.50861
-13.2358
-22.0327
-30.5767
-38.9702
-47.0353
-54.7212
-62.0813
-69.0791
-75.7358
-82.0713
-88.077
-93.7462
-99.0573
-103.975
-108.455
-112.44
-115.864
-118.676
-120.851
-122.443
-123.556
-124.221
-124.395
-124.027
-123.066
-121.455
-119.137
-116.047
-112.121
-107.286
-101.463
-94.5614
-86.4976
-77.7589
32.1647
37.6314
43.4002
49.0542
53.993
58.2912
61.7353
64.1151
65.5485
66.2659
66.4478
66.2851
65.9245
65.4557
64.9415
64.4111
63.8764
63.3416
62.8
62.2398
61.646
60.9987
60.2708
59.446
58.5513
57.6348
56.7217
55.8233
54.9527
54.1243
53.3538
52.6559
52.0452
51.5324
51.1229
50.8142
50.5894
50.416
50.2152
24.0048
17.8148
10.5506
2.66456
-5.10111
-13.3296
-21.6069
-29.6295
-37.4949
-45.0359
-52.207
-59.0587
-65.5581
-71.7262
-77.5818
-83.1183
-88.3302
-93.1987
-97.6924
-101.771
-105.385
-108.477
-111.001
-112.94
-114.348
-115.323
-115.896
-116.032
-115.688
-114.822
-113.389
-111.338
-108.618
-105.171
-100.932
-95.8257
-89.7626
-82.6485
-74.9051
29.6687
34.8841
40.4013
45.8295
50.5919
54.7648
58.1449
60.5251
62.0096
62.8151
63.1088
63.0669
62.8282
62.4783
62.0768
61.6531
61.2204
60.7839
60.3395
59.8778
59.3865
58.8486
58.2409
57.5486
56.7938
56.0174
55.2401
54.471
53.7199
52.9977
52.3159
51.6852
51.1153
50.6132
50.1806
49.8134
49.4949
49.1969
48.8637
21.9859
16.107
9.21954
1.75906
-5.57321
-13.3279
-21.1123
-28.642
-36.009
-43.0571
-49.7451
-56.1212
-62.1555
-67.8686
-73.2792
-78.3818
-83.1724
-87.6341
-91.7394
-95.453
-98.7304
-101.521
-103.787
-105.517
-106.761
-107.615
-108.109
-108.213
-107.893
-107.113
-105.837
-104.024
-101.629
-98.6031
-94.8883
-90.4145
-85.0925
-78.8238
-71.9736
27.3761
32.3491
37.6224
42.8299
47.4182
51.4643
54.7748
57.1463
58.6701
59.5499
59.9406
60.0043
59.8728
59.6273
59.3247
58.9945
58.6507
58.2999
57.9397
57.563
57.16
56.7163
56.2121
55.6339
54.9998
54.3439
53.6837
53.026
52.3782
51.7485
51.1451
50.5754
50.0456
49.5594
49.1163
48.7102
48.325
47.9349
47.5028
20.1444
14.5639
8.03696
0.982761
-5.93687
-13.2416
-20.559
-27.6225
-34.5194
-41.1039
-47.3385
-53.2695
-58.8698
-64.1599
-69.1577
-73.8592
-78.2613
-82.3497
-86.0997
-89.4805
-92.4525
-94.9716
-97.0068
-98.5491
-99.6502
-100.398
-100.823
-100.901
-100.604
-99.9027
-98.7671
-97.164
-95.0557
-92.4003
-89.146
-85.2282
-80.5602
-75.0423
-68.9914
25.2715
30.0105
35.0475
40.0395
44.4557
48.3737
51.6096
53.9638
55.5156
56.4567
56.9305
57.086
57.0479
56.8937
56.6773
56.4285
56.1619
55.8851
55.5975
55.294
54.9668
54.6041
54.1886
53.7085
53.178
52.6257
52.0661
51.5043
50.9458
50.3964
49.8622
49.3477
48.8567
48.3904
47.9464
47.5174
47.0873
46.6322
46.1293
18.4665
13.1721
6.98998
0.323414
-6.20352
-13.0807
-19.9554
-26.5784
-33.0321
-39.1803
-44.9894
-50.504
-55.6994
-60.596
-65.2111
-69.5418
-73.5863
-77.3318
-80.7571
-83.8348
-86.5301
-88.8047
-90.6326
-92.0087
-92.9833
-93.6391
-94.0052
-94.0624
-93.7871
-93.1566
-92.1464
-90.729
-88.8734
-86.5435
-83.6935
-80.2637
-76.1722
-71.3197
-65.9824
23.3404
27.8537
32.6616
37.4433
41.6894
45.4785
48.6347
50.9636
52.5328
53.5231
54.0671
54.3014
54.344
54.2689
54.1273
53.9489
53.7491
53.536
53.3108
53.07
52.8077
52.514
52.1745
51.7784
51.3367
50.8732
50.3997
49.9202
49.4387
48.9593
48.4859
48.0216
47.5677
47.1239
46.6864
46.247
45.7896
45.2914
44.7412
16.939
11.9189
6.06665
-0.230242
-6.3834
-12.8546
-19.3099
-25.5163
-31.5518
-37.2896
-42.6997
-47.8246
-52.6424
-57.1729
-61.4333
-65.4213
-69.1361
-72.5672
-75.6957
-78.4975
-80.9423
-82.9966
-84.6389
-85.8674
-86.7308
-87.3062
-87.6219
-87.6626
-87.4089
-86.8427
-85.9442
-84.6913
-83.0582
-81.0142
-78.5188
-75.5176
-71.9333
-67.6697
-62.9676
21.5696
25.865
30.4512
35.0274
39.1057
42.7645
45.8366
48.1327
49.7091
50.7373
51.3396
51.6409
51.7527
51.7455
51.6683
51.5505
51.4079
51.2494
51.0774
50.8901
50.683
50.4481
50.1734
49.849
49.4832
49.0956
48.6958
48.287
47.8718
47.4531
47.0334
46.6143
46.1958
45.7762
45.3507
44.9106
44.4399
43.9165
43.338
15.5499
10.7927
5.25588
-0.688549
-6.48603
-12.5717
-18.6296
-24.4421
-30.0832
-35.4349
-40.4705
-45.2308
-49.6962
-53.8865
-57.8177
-61.489
-64.9004
-68.0428
-70.9
-73.4508
-75.6687
-77.5247
-79.0012
-80.0988
-80.8644
-81.3701
-81.6429
-81.6707
-81.4379
-80.93
-80.1315
-79.0244
-77.5874
-75.7943
-73.6098
-70.9845
-67.8461
-64.1027
-59.965
19.9467
24.032
28.4033
32.7789
36.6915
40.2193
43.2029
45.4591
47.033
48.0886
48.7386
49.0959
49.266
49.3167
49.2944
49.2282
49.1345
49.0224
48.8957
48.7538
48.5935
48.4085
48.1887
47.9254
47.6244
47.3014
46.9647
46.6163
46.2582
45.8922
45.5198
45.1415
44.7564
44.3618
43.9525
43.5191
43.046
42.5114
41.9202
14.2879
9.7825
4.54722
-1.06119
-6.52028
-12.2399
-17.9211
-23.3615
-28.6303
-33.6185
-38.3027
-42.7215
-46.8581
-50.7317
-54.3578
-57.7362
-60.8681
-63.7457
-66.355
-68.6774
-70.6901
-72.3675
-73.6958
-74.6774
-75.3573
-75.8025
-76.039
-76.0571
-75.8445
-75.3897
-74.6807
-73.7028
-72.4385
-70.866
-68.954
-66.6582
-63.9116
-60.6273
-56.9903
18.46
22.3427
26.5061
30.6859
34.4349
37.8312
40.7221
42.9317
44.4935
45.567
46.2549
46.6583
46.877
46.9762
47.0003
46.9779
46.9254
46.8527
46.7642
46.6606
46.5398
46.397
46.2238
46.0121
45.7661
45.4983
45.2153
44.9187
44.6097
44.2895
43.9588
43.6174
43.2635
42.8943
42.5038
42.0827
41.6156
41.081
40.4892
13.143
8.87862
3.93145
-1.35676
-6.49407
-11.8663
-17.1906
-22.279
-27.1964
-31.8426
-36.1964
-40.295
-44.1248
-47.7038
-51.0468
-54.1544
-57.0287
-59.6632
-62.0459
-64.1607
-65.9874
-67.5043
-68.7002
-69.5792
-70.1839
-70.5769
-70.7829
-70.7942
-70.601
-70.1947
-69.5656
-68.7024
-67.5906
-66.212
-64.539
-62.5321
-60.1295
-57.25
-54.0564
17.0993
20.7866
24.7486
28.7371
32.3248
35.5888
38.3835
40.5403
42.0806
43.1634
43.8806
44.3209
44.5791
44.7185
44.7814
44.7956
44.7777
44.738
44.6816
44.6101
44.5226
44.4152
44.2812
44.1134
43.914
43.693
43.4557
43.2034
42.9368
42.6564
42.3624
42.0542
41.7297
41.3855
41.0157
40.6109
40.156
39.6298
39.0469
12.1057
8.07219
3.40005
-1.58295
-6.41421
-11.4567
-16.4428
-21.1987
-25.784
-30.1083
-34.1516
-37.9502
-41.4935
-44.7984
-47.8782
-50.735
-53.3716
-55.783
-57.9584
-59.8841
-61.5426
-62.9152
-63.9929
-64.7811
-65.3203
-65.6684
-65.8486
-65.8555
-65.6811
-65.319
-64.7619
-64.0005
-63.0235
-61.8153
-60.3521
-58.5984
-56.4979
-53.9751
-51.1738
15.8548
19.3535
23.1208
26.9222
30.3506
33.4817
36.1761
38.2747
39.7846
40.8697
41.609
42.0773
42.3665
42.5384
42.6331
42.6776
42.6885
42.6762
42.6467
42.602
42.5422
42.4646
42.3634
42.2325
42.0726
41.8914
41.693
41.4786
41.2484
41.0027
40.7412
40.4631
40.1659
39.8462
39.4981
39.1124
38.6742
38.1629
37.596
11.1663
7.35386
2.94423
-1.74794
-6.28829
-11.0173
-15.6827
-20.1238
-24.3949
-28.4163
-32.1672
-35.6847
-38.9615
-42.0111
-44.8459
-47.4699
-49.8871
-52.0933
-54.0789
-55.8323
-57.3386
-58.5813
-59.5536
-60.2616
-60.7435
-61.053
-61.2121
-61.2166
-61.0605
-60.7389
-60.2465
-59.576
-58.7182
-57.6601
-56.3811
-54.8497
-53.0144
-50.8058
-48.3513
14.7167
18.0341
21.6134
25.2319
28.5032
31.5006
34.0908
36.1253
37.5951
38.6784
39.4339
39.9218
40.2337
40.4312
40.5517
40.621
40.6554
40.6657
40.6582
40.6357
40.5989
40.546
40.4724
40.3725
40.2459
40.0983
39.9332
39.7512
39.5525
39.3371
39.1045
38.8536
38.5819
38.286
37.9601
37.5951
37.1769
36.6852
36.1395
10.3156
6.71357
2.55397
-1.86177
-6.12517
-10.557
-14.9175
-19.0598
-23.0322
-26.769
-30.2408
-33.493
-36.5225
-39.3351
-41.9415
-44.3494
-46.5642
-48.5818
-50.3938
-51.9903
-53.3586
-54.4846
-55.3628
-56
-56.432
-56.7085
-56.8503
-56.8542
-56.7158
-56.4315
-55.9974
-55.408
-54.6559
-53.7303
-52.6133
-51.277
-49.6749
-47.7432
-45.5949
13.6757
16.8192
20.2176
23.6585
26.7759
29.6396
32.1223
34.0862
35.5008
36.5791
37.3478
37.8476
38.1747
38.392
38.5333
38.6225
38.676
38.7046
38.7151
38.7108
38.6929
38.6603
38.6096
38.5357
38.4372
38.3181
38.1812
38.0271
37.8557
37.6669
37.4599
37.2337
36.9858
36.7128
36.4091
36.0661
35.6701
35.2012
34.6805
9.54727
6.14554
2.22356
-1.93002
-5.93102
-10.0818
-14.1531
-18.0125
-21.7019
-25.1714
-28.3722
-31.3708
-34.1704
-36.7625
-39.1554
-41.3624
-43.3905
-45.2349
-46.888
-48.3419
-49.5855
-50.6068
-51.4017
-51.9766
-52.3656
-52.6142
-52.7422
-52.7473
-52.6261
-52.3765
-51.9953
-51.4787
-50.8206
-50.0121
-49.038
-47.8734
-46.4762
-44.7884
-42.9104
12.7252
15.7015
18.9263
22.1939
25.161
27.8914
30.2657
32.1542
33.4944
34.5647
35.3433
35.8476
36.1832
36.4152
36.5729
36.678
36.7467
36.7901
36.8153
36.826
36.8235
36.8079
36.7763
36.7242
36.6492
36.5545
36.4419
36.3118
36.1642
35.9988
35.8149
35.6112
35.3854
35.1343
34.8527
34.5322
34.1597
33.7159
33.2229
8.86135
5.65179
1.95733
-1.94693
-5.69936
-9.58431
-13.3836
-16.978
-20.4025
-23.6175
-26.5643
-29.3311
-31.9181
-34.3002
-36.4896
-38.508
-40.362
-42.0452
-43.551
-44.8739
-46.004
-46.931
-47.6515
-48.1718
-48.5235
-48.7488
-48.8661
-48.8738
-48.7694
-48.5519
-48.2189
-47.7676
-47.1936
-46.4892
-45.6413
-44.6282
-43.4118
-41.9394
-40.3001
11.8637
14.6781
17.7321
20.8278
23.6447
26.2381
28.5032
30.314
31.5776
32.6446
33.4248
33.9215
34.2583
34.4999
34.669
34.7853
34.8652
34.92
34.9568
34.9794
34.9895
34.9877
34.9721
34.9383
34.8833
34.8094
34.7177
34.6086
34.4819
34.3375
34.1744
33.9914
33.7865
33.5564
33.2965
32.9986
32.6505
32.2332
31.7701
8.2531
5.22828
1.75358
-1.91227
-5.42665
-9.05748
-12.5972
-15.9436
-19.1182
-22.091
-24.8026
-27.3795
-29.7794
-31.9537
-33.9432
-35.7839
-37.4756
-39.0077
-40.3759
-41.5774
-42.6037
-43.445
-44.0984
-44.5704
-44.89
-45.0962
-45.2059
-45.218
-45.1306
-44.9438
-44.6553
-44.2629
-43.7641
-43.1523
-42.4158
-41.536
-40.479
-39.1968
-37.7688
11.0863
13.7431
16.6282
19.5505
22.2139
24.6612
26.8134
28.5321
29.729
30.827
31.6013
32.0697
32.3993
32.6478
32.8248
32.948
33.0354
33.0985
33.144
33.1756
33.1956
33.2046
33.2016
33.1827
33.1445
33.0879
33.014
32.923
32.8148
32.689
32.5446
32.381
32.1957
31.9858
31.7469
31.4715
31.148
30.7578
30.325
7.78428
4.903
1.59428
-1.87793
-5.19122
-8.59359
-11.8708
-14.9451
-17.8035
-20.4954
-22.798
-25.2716
-27.6297
-29.6899
-31.5668
-33.3235
-34.9428
-36.4046
-37.7078
-38.8522
-39.8295
-40.6298
-41.2503
-41.6981
-42.0011
-42.1968
-42.303
-42.3183
-42.2434
-42.0796
-41.816
-41.4617
-41.0136
-40.4647
-39.8042
-39.0155
-38.0681
-36.9186
-35.6401
10.4854
13.0118
15.7563
18.5093
21.0021
23.2486
25.1865
26.6417
27.6608
29.0144
29.8933
30.3762
30.7339
31.0207
31.2273
31.3719
31.4771
31.5563
31.6163
31.6614
31.6946
31.7171
31.7285
31.7253
31.7036
31.6629
31.6041
31.5277
31.4336
31.3213
31.1903
31.0397
30.8675
30.6713
30.4469
30.1868
29.8803
29.5089
29.0976
7.41363
4.64922
1.47799
-1.83129
-4.96585
-8.15111
-11.1684
-13.9513
-16.4523
-18.8219
-20.6096
-23.0709
-25.4876
-27.4993
-29.3222
-31.0555
-32.6605
-34.1057
-35.3922
-36.5216
-37.4855
-38.2738
-38.8839
-39.3234
-39.6207
-39.8136
-39.9213
-39.9404
-39.876
-39.7301
-39.4775
-39.1457
-38.7309
-38.2232
-37.6127
-36.8854
-36.0134
-34.9552
-33.778
10.0045
12.4188
15.031
17.6153
19.9208
21.9262
23.5848
24.6923
25.4661
27.1881
28.2565
28.7936
29.2046
29.5507
29.8034
29.9811
30.1127
30.2145
30.294
30.3565
30.406
30.4446
30.4726
30.4868
30.4824
30.4576
30.4129
30.3494
30.2671
30.1657
30.0447
29.9034
29.74
29.5524
29.3364
29.0851
28.7879
28.4259
28.0247
7.05424
4.40834
1.37695
-1.76682
-4.72121
-7.68765
-10.4489
-12.9444
-15.1065
-17.1595
-18.465
-20.8858
-23.3425
-25.3021
-27.0617
-28.7603
-30.344
-31.768
-33.0338
-34.1454
-35.0948
-35.8706
-36.4708
-36.903
-37.1957
-37.387
-37.4972
-37.5217
-37.4694
-37.3441
-37.1057
-36.7996
-36.4216
-35.958
-35.3994
-34.7344
-33.9382
-32.9722
-31.9091
9.53295
11.8348
14.3141
16.7303
18.8525
20.6193
22.0103
22.7881
23.3206
25.3374
26.5935
27.1856
27.6389
28.0368
28.3335
28.543
28.6994
28.8221
28.9203
28.9997
29.0647
29.1188
29.1631
29.1943
29.2067
29.1973
29.1667
29.1159
29.0451
28.9545
28.8436
28.7121
28.5587
28.3813
28.176
27.9361
27.6513
27.3033
26.9221
6.70793
4.18096
1.29074
-1.68705
-4.46121
-7.20908
-9.72005
-11.9322
-13.7759
-15.5054
-16.3804
-18.7269
-21.1924
-23.0991
-24.7913
-26.4444
-27.9989
-29.3971
-30.6389
-31.7302
-32.6634
-33.4261
-34.0169
-34.4428
-34.732
-34.9222
-35.0349
-35.0636
-35.0215
-34.9132
-34.6851
-34.3993
-34.0524
-33.6272
-33.1154
-32.5083
-31.7826
-30.8982
-29.91
9.07373
11.2639
13.6106
15.8611
17.8049
19.3359
20.4734
20.9337
21.2387
23.4659
24.899
25.5538
26.042
26.4831
26.8203
27.0606
27.2403
27.3824
27.4976
27.5925
27.6723
27.741
27.8006
27.8483
27.8773
27.8833
27.8671
27.8294
27.7708
27.6912
27.59
27.467
27.3212
27.1508
26.9524
26.7201
26.4436
26.1027
25.7197
6.37783
3.96908
1.21998
-1.59294
-4.18871
-6.72061
-8.98879
-10.9231
-12.4696
-13.8663
-14.3669
-16.605
-19.0415
-20.8895
-22.5118
-24.1104
-25.6266
-26.9943
-28.2093
-29.2784
-30.1942
-30.9441
-31.5253
-31.9456
-32.2338
-32.4279
-32.5508
-32.5939
-32.5742
-32.4963
-32.2944
-32.044
-31.7412
-31.3657
-30.9089
-30.3641
-29.7133
-28.9277
-28.0928
8.63106
10.7112
12.9266
15.015
16.7858
18.083
18.9802
19.1241
19.2189
21.5779
23.1682
23.8938
24.4148
24.8913
25.2639
25.5329
25.7351
25.8963
26.0282
26.1381
26.2317
26.3141
26.3879
26.451
26.4954
26.5158
26.5128
26.488
26.4424
26.3763
26.2901
26.1835
26.0557
25.9043
25.7256
25.5133
25.2586
24.9474
24.6221
6.06649
3.7738
1.16346
-1.48731
-3.90857
-6.22933
-8.26426
-9.9285
-11.1981
-12.2522
-12.4315
-14.527
-16.893
-18.6728
-20.2231
-21.7593
-23.2287
-24.5603
-25.7454
-26.7908
-27.6897
-28.4291
-29.0038
-29.4185
-29.6997
-29.886
-30.0025
-30.0393
-30.017
-29.9409
-29.7374
-29.4953
-29.2116
-28.8648
-28.4474
-27.9539
-27.3615
-26.6234
-25.7576
8.20925
10.1822
12.2683
14.1999
15.8024
16.8677
17.5367
17.3555
17.2521
19.6759
21.3983
22.2001
22.7563
23.2658
23.6702
23.9633
24.1836
24.361
24.5091
24.6348
24.7436
24.8407
24.9297
25.0091
25.0702
25.1063
25.1167
25.1024
25.0641
25.0015
24.9145
24.8036
24.669
24.5104
24.3264
24.1111
23.853
23.5236
23.125
5.77673
3.59446
1.11703
-1.37778
-3.62965
-5.74601
-7.55664
-8.95873
-9.96901
-10.6719
-10.5791
-12.4977
-14.7513
-16.4496
-17.9232
-19.3893
-20.8044
-22.0952
-23.2474
-24.2658
-25.1447
-25.8726
-26.4477
-26.8775
-27.1872
-27.4105
-27.5716
-27.6594
-27.6967
-27.6879
-27.5464
-27.3691
-27.153
-26.8724
-26.52
-26.0949
-25.5926
-25.0107
-24.4819
7.81448
9.68533
11.6459
13.4263
14.8607
15.6904
16.1368
15.6121
15.3156
17.7577
19.5907
20.4663
21.0559
21.5982
22.0402
22.3633
22.6012
22.7876
22.9423
23.0756
23.1942
23.3031
23.4061
23.5014
23.5803
23.6367
23.671
23.6853
23.6811
23.6585
23.6176
23.5576
23.4764
23.3709
23.2362
23.0672
22.8625
22.6251
22.4333
5.51172
3.43033
1.07503
-1.27441
-3.3652
-5.28567
-6.87766
-8.0211
-8.78529
-9.13257
-8.81055
-10.5189
-12.6201
-14.2205
-15.6086
-16.9943
-18.3458
-19.5925
-20.7147
-21.7118
-22.5735
-23.2808
-23.8232
-24.2024
-24.4488
-24.6086
-24.7086
-24.7368
-24.7171
-24.6529
-24.4641
-24.2572
-24.0294
-23.7561
-23.4292
-23.0421
-22.5603
-21.9054
-21.0018
7.45339
9.22997
11.0713
12.7079
13.9683
14.5531
14.7751
13.8765
13.3724
15.8069
17.7476
18.703
19.3186
19.8731
20.3391
20.6998
20.9794
21.2003
21.3773
21.5218
21.6449
21.7563
21.8622
21.9607
22.0388
22.0863
22.1024
22.0886
22.046
21.9755
21.879
21.7589
21.618
21.4581
21.2789
21.074
20.8211
20.4637
19.9429
5.27467
3.28555
1.04133
-1.17667
-3.12014
-4.86081
-6.244
-7.13871
-7.67301
-7.65847
-7.12795
-8.59022
-10.5007
-11.9859
-13.2795
-14.5721
-15.8419
-17.0269
-18.11
-19.0935
-19.9729
-20.7362
-21.3796
-21.9082
-22.3262
-22.6498
-22.9091
-23.0956
-23.245
-23.3582
-23.3199
-23.2454
-23.1365
-22.9649
-22.7261
-22.4309
-22.1089
-21.8189
-21.8124
7.12804
8.81832
10.5504
12.0567
13.1431
13.4941
13.4978
12.1588
11.386
13.7843
15.8357
16.9095
17.5982
18.1728
18.6148
18.9364
19.1943
19.4281
19.6471
19.8474
20.0277
20.191
20.3451
20.4973
20.6478
20.7877
20.911
21.0178
21.1075
21.179
21.2294
21.2553
21.2526
21.2174
21.1485
21.0479
20.9357
20.8626
20.9851
5.0678
3.16548
1.02448
-1.07452
-2.88853
-4.47615
-5.67756
-6.36412
-6.69858
-6.29437
-5.53809
-6.72169
-8.3974
-9.73704
-10.9268
-12.1294
-13.3171
-14.4241
-15.4245
-16.3117
-17.0712
-17.6752
-18.0951
-18.3248
-18.434
-18.5035
-18.5454
-18.534
-18.4798
-18.3838
-18.1956
-18.0164
-17.8377
-17.6367
-17.4029
-17.1167
-16.7034
-16.0083
-14.7706
6.83835
8.44895
10.0831
11.4775
12.406
12.5785
12.375
10.465
9.34135
11.676
13.772
14.9386
15.7737
16.5275
17.1148
17.4835
17.6743
17.7617
17.809
17.8541
17.9138
17.9935
18.0892
18.1763
18.2184
18.2126
18.1739
18.1073
18.016
17.9039
17.7762
17.6397
17.4996
17.3585
17.2114
17.0377
16.776
16.3031
15.439
4.89369
3.05204
0.987892
-1.01398
-2.71685
-4.16771
-5.19943
-5.70854
-5.83432
-4.98783
-4.01669
-4.93859
-6.34362
-7.47403
-8.50484
-9.59649
-10.7387
-11.8766
-12.9825
-14.0493
-15.0748
-16.0645
-17.0187
-17.9088
-18.638
-19.1742
-19.6065
-19.959
-20.3122
-20.6456
-20.7736
-20.8192
-20.8314
-20.7899
-20.6873
-20.5523
-20.4859
-20.6631
-21.5491
6.60603
8.15635
9.7084
10.9942
11.7563
11.7599
11.2305
8.59344
7.18943
9.57617
11.6638
12.7422
13.4641
14.1862
14.9416
15.6943
16.4034
17.0149
17.4983
17.8566
18.1136
18.3005
18.461
18.662
18.9507
19.279
19.5854
19.857
20.0943
20.2957
20.4551
20.5645
20.6189
20.6177
20.5714
20.5093
20.5159
20.7523
21.5419
4.76088
2.8988
0.827687
-1.14132
-2.76293
-4.0607
-4.8562
-5.08445
-4.8166
-3.46983
-2.45345
-3.20761
-4.3907
-5.31134
-6.08934
-6.84725
-7.59572
-8.30943
-8.96947
-9.55459
-10.019
-10.2892
-10.3134
-10.1221
-9.93448
-9.87231
-9.86819
-9.81374
-9.67114
-9.57927
-9.38661
-9.20917
-9.08417
-8.96964
-8.83721
-8.65774
-8.284
-7.46114
-5.60492
6.48739
8.03289
9.53671
10.6937
11.2061
10.8541
9.56624
6.11939
4.7234
7.42991
9.88163
11.3044
12.0304
12.2389
12.0247
11.5816
11.1072
10.7596
10.5885
10.5781
10.688
10.8832
11.109
11.254
11.2205
11.0877
10.9593
10.8445
10.7368
10.633
10.5424
10.4762
10.4407
10.4351
10.4437
10.4181
10.2233
9.59283
8.11885
4.68543
2.72762
0.564299
-1.45208
-3.04549
-4.20332
-4.72773
-4.56813
-3.71532
-1.86173
-0.831569
-1.34784
-2.31856
-3.29469
-4.31656
-5.40557
-6.56533
-7.79783
-9.1153
-10.5429
-12.1156
-13.8445
-15.6388
-17.2878
-18.4408
-19.1123
-19.7535
-20.2661
-21.1112
-22.3692
-21.9087
-21.8823
-22.1924
-22.401
-22.4538
-22.4965
-22.7607
-23.5557
-25.4905
6.49175
8.08877
9.5919
10.6346
10.8698
10.019
7.67768
3.52306
1.81108
4.19876
6.97775
9.76913
12.5188
15.1664
17.4192
19.1059
20.2547
20.9063
21.1807
21.2124
21.1152
20.9767
20.9217
21.1598
21.7845
22.5027
23.0732
23.5169
23.8849
24.1881
24.411
24.5443
24.5924
24.5709
24.5172
24.5068
24.7312
25.4865
27.2664
708.12
688.652
665.155
638.868
609.794
578.416
545.571
512.198
479.041
446.519
414.81
383.988
354.103
325.206
297.346
270.566
244.897
220.359
196.962
174.706
153.579
133.566
114.644
96.7871
79.9651
64.1477
49.3046
35.4061
22.428
10.3441
-0.867362
-11.2252
-20.7495
-29.4556
-37.3592
-44.4775
-50.8267
-56.4263
-61.297
-65.4618
-68.946
-71.7789
-73.9928
-75.6215
-76.703
-77.2762
-77.3808
-77.0578
-76.3487
-75.2954
-73.9387
-72.3184
-70.4729
-68.4385
-66.249
-63.9359
-61.528
-59.0513
-56.5287
-53.9807
-51.4251
-48.8771
-46.3497
-43.8533
-41.3978
-38.9884
-36.6343
-34.6391
-32.8612
-31.1005
-29.1449
-27.4912
-25.0715
-24.1555
-20.2608
-21.8971
-13.8094
-22.1813
-4.45939
-26.7717
707.111
684.277
657.796
630.462
602.34
573.876
545.592
517.796
490.64
464.214
438.581
413.8
389.927
367.006
345.073
324.156
304.269
285.42
267.605
250.81
235.015
220.192
206.309
193.327
181.208
169.912
159.395
149.62
140.544
132.132
124.349
117.16
110.531
104.432
98.8325
93.7019
89.0105
84.7281
80.8249
77.2706
74.035
71.0883
68.4004
65.9424
63.6858
61.6036
59.67
57.8611
56.1547
54.5308
52.9716
51.4615
49.9873
48.5378
47.1039
45.6786
44.2565
42.834
41.4089
39.9802
38.548
37.1131
35.6769
34.241
32.8081
31.3808
29.9614
28.7535
27.6871
26.6068
25.3936
24.3635
22.7772
22.2959
19.4999
21.0738
14.7875
22.0428
7.14742
28.0461
269.369
266.311
265.222
264.17
262.651
260.565
257.761
254.096
249.47
243.843
237.222
229.647
221.182
211.897
201.873
191.192
179.947
168.236
156.155
143.805
131.285
118.694
106.124
93.6594
81.3828
69.3651
57.6703
46.3531
35.4627
25.0378
15.1122
5.71417
-3.13576
-11.419
-19.1213
-26.2333
-32.7478
-38.6622
-43.9763
-48.6935
-52.8214
-56.3723
-59.3613
-61.8056
-63.7281
-65.1543
-66.1121
-66.6323
-66.7475
-66.4919
-65.9003
-65.0077
-63.8488
-62.4576
-60.8668
-59.1074
-57.2086
-55.1976
-53.0989
-50.9352
-48.7267
-46.4908
-44.2434
-41.9973
-39.765
-37.5548
-35.3758
-33.5199
-31.853
-30.2099
-28.3457
-26.8096
-24.4558
-23.653
-19.827
-21.4975
-13.6362
-21.7141
-4.78098
-26.056
271.076
271.559
274.377
277.23
279.237
280.326
280.442
279.546
277.649
274.799
271.053
266.467
261.108
255.046
248.359
241.128
233.437
225.372
217.024
208.48
199.826
191.141
182.498
173.968
165.608
157.469
149.594
142.016
134.76
127.845
121.282
115.078
109.233
103.745
98.6088
93.8154
89.3541
85.2122
81.3752
77.8271
74.5505
71.5272
68.7376
66.1617
63.7789
61.5687
59.5108
57.5853
55.7732
54.0565
52.4188
50.845
49.3215
47.8368
46.3806
44.9448
43.5227
42.1092
40.7006
39.2945
37.8895
36.4852
35.082
33.6808
32.2834
30.892
29.5079
28.3309
27.29
26.2401
25.0499
24.0542
22.4904
22.0318
19.2982
20.8036
14.7493
21.6766
7.41105
27.3216
123.031
121.671
120.502
119.155
117.761
116.402
115.083
113.797
112.524
111.237
109.89
108.432
106.803
104.945
102.803
100.325
97.4691
94.2025
90.499
86.3455
81.7409
76.6947
71.2274
65.3719
59.1693
52.6698
45.9299
39.0107
31.9774
24.8949
17.8278
10.8401
3.99016
-2.66617
-9.07799
-15.2002
-20.9926
-26.4211
-31.4573
-36.0785
-40.2681
-44.0146
-47.3112
-50.1558
-52.553
-54.5113
-56.0434
-57.1662
-57.8998
-58.2676
-58.2949
-58.0087
-57.4374
-56.6096
-55.5539
-54.2989
-52.8718
-51.2989
-49.6048
-47.8124
-45.9429
-44.0154
-42.0473
-40.0532
-38.0472
-36.0406
-34.0419
-32.33
-30.7798
-29.2558
-27.4961
-26.066
-23.8186
-23.0692
-19.4294
-20.9624
-13.5901
-21.0313
-5.27512
-25.0183
123.653
123.752
124.42
125.155
126.09
127.317
128.777
130.407
132.157
133.963
135.759
137.472
139.039
140.394
141.482
142.25
142.657
142.667
142.256
141.411
140.129
138.418
136.293
133.785
130.927
127.76
124.332
120.691
116.887
112.969
108.987
104.984
101
97.0715
93.2291
89.4981
85.8993
82.4483
79.1562
76.0298
73.0724
70.2836
67.66
65.1955
62.882
60.7095
58.6666
56.741
54.9199
53.1902
51.5391
49.9545
48.4247
46.9392
45.4885
44.0646
42.6606
41.2707
39.8906
38.517
37.1476
35.7812
34.4174
33.0566
31.6999
30.3491
29.0048
27.8624
26.8511
25.8336
24.6744
23.7066
22.1902
21.7187
19.1163
20.4574
14.7788
21.1741
7.79492
26.4689
124.44
123.659
122.663
121.373
119.79
117.895
115.698
113.239
110.566
107.719
104.719
101.584
98.3257
94.9549
91.4815
87.9091
84.241
80.4762
76.6085
72.6303
68.533
64.3051
59.9366
55.4196
50.7482
45.9214
40.9433
35.8233
30.5785
25.2304
19.8072
14.3427
8.87346
3.43984
-1.9161
-7.15249
-12.228
-17.1037
-21.7427
-26.1112
-30.1799
-33.9243
-37.325
-40.3666
-43.0401
-45.3408
-47.2685
-48.8283
-50.0287
-50.8826
-51.4062
-51.6179
-51.5389
-51.1919
-50.6008
-49.79
-48.7839
-47.6067
-46.282
-44.832
-43.2779
-41.6394
-39.9347
-38.1799
-36.39
-34.579
-32.754
-31.1804
-29.7398
-28.3268
-26.6655
-25.3367
-23.1858
-22.5013
-19.0054
-20.4796
-13.4387
-20.5043
-5.48597
-24.3059
124.939
125.253
125.472
125.512
125.424
125.209
124.862
124.407
123.869
123.266
122.615
121.926
121.213
120.482
119.737
118.978
118.199
117.392
116.541
115.631
114.644
113.56
112.359
111.024
109.541
107.898
106.09
104.115
101.979
99.6924
97.2702
94.7317
92.0993
89.3978
86.6525
83.889
81.1316
78.4025
75.7219
73.1066
70.5705
68.1244
65.7752
63.5274
61.3825
59.3391
57.394
55.5418
53.7759
52.0885
50.4713
48.9152
47.4116
45.9521
44.5284
43.1334
41.7606
40.4046
39.0607
37.7254
36.396
35.0708
33.749
32.4303
31.1155
29.8059
28.5017
27.393
26.4097
25.4224
24.2925
23.3529
21.8765
21.4089
18.8964
20.1527
14.7042
20.8015
7.93094
25.9202
113.279
112.607
111.852
111.017
110.063
108.953
107.666
106.191
104.526
102.669
100.613
98.3484
95.8708
93.1777
90.2708
87.1533
83.8327
80.3185
76.6219
72.7563
68.7361
64.5758
60.2901
55.8934
51.3987
46.8191
42.1664
37.452
32.6883
27.8872
23.0623
18.2298
13.4064
8.61222
3.86962
-0.796982
-5.36092
-9.79453
-14.0689
-18.1561
-22.0294
-25.664
-29.0376
-32.1303
-34.9267
-37.4145
-39.5857
-41.4365
-42.9668
-44.1807
-45.0862
-45.6938
-46.0176
-46.0739
-45.8809
-45.4584
-44.8269
-44.0076
-43.0217
-41.89
-40.6327
-39.2691
-37.8175
-36.2946
-34.7159
-33.0973
-31.4447
-30.0084
-28.6767
-27.3741
-25.811
-24.5854
-22.5258
-21.9214
-18.5391
-20.0145
-13.2026
-20.0527
-5.53612
-23.7509
113.726
114.015
114.316
114.635
114.939
115.182
115.34
115.407
115.372
115.225
114.96
114.571
114.054
113.409
112.638
111.743
110.731
109.61
108.387
107.074
105.679
104.211
102.677
101.085
99.4383
97.7402
95.9916
94.1928
92.3433
90.4426
88.491
86.4896
84.4413
82.351
80.2254
78.0732
75.9045
73.7305
71.563
69.4138
67.2943
65.2147
63.1838
61.2087
59.2948
57.4453
55.6618
53.9437
52.2891
50.6946
49.1557
47.6671
46.223
44.8174
43.4441
42.0973
40.7717
39.4623
38.165
36.8764
35.5939
34.3155
33.0402
31.7676
30.4978
29.2322
27.9704
26.8969
25.9425
24.9862
23.8863
22.9768
21.537
21.085
18.6399
19.8544
14.5639
20.4776
7.93864
25.4773
87.4138
86.772
86.1015
85.4046
84.6451
83.8101
82.8936
81.8919
80.8074
79.6426
78.3933
77.0508
75.6043
74.0423
72.3533
70.5255
68.548
66.4112
64.107
61.6289
58.974
56.1409
53.132
49.9528
46.611
43.1176
39.4857
35.7299
31.8674
27.9153
23.8923
19.8182
15.7123
11.5951
7.48784
3.41197
-0.610136
-4.55591
-8.40162
-12.124
-15.6999
-19.1066
-22.3224
-25.3267
-28.1019
-30.6317
-32.9034
-34.9074
-36.6371
-38.0898
-39.2662
-40.17
-40.8083
-41.1907
-41.3298
-41.2398
-40.9367
-40.4377
-39.7608
-38.9243
-37.9466
-36.8456
-35.6388
-34.3429
-32.973
-31.5465
-30.0675
-28.7707
-27.5512
-26.3625
-24.9023
-23.7833
-21.8206
-21.2992
-18.0365
-19.5136
-12.9389
-19.5649
-5.5705
-23.1446
87.7831
87.9408
88.1488
88.4051
88.6841
88.9697
89.2559
89.5395
89.8157
90.0794
90.324
90.5411
90.7219
90.856
90.9337
90.9447
90.8788
90.7266
90.4801
90.1329
89.6796
89.1175
88.4458
87.6653
86.7791
85.7917
84.7085
83.5365
82.2824
80.9536
79.5573
78.1002
76.5888
75.0297
73.429
71.793
70.1283
68.4415
66.7399
65.0306
63.3215
61.6197
59.9326
58.2667
56.6278
55.0207
53.449
51.915
50.4199
48.9633
47.5443
46.1604
44.8087
43.4857
42.1875
40.91
39.6493
38.4017
37.1638
35.9326
34.706
33.4822
32.2601
31.0392
29.8196
28.6027
27.3875
26.3527
25.4305
24.5079
23.4415
22.5644
21.1649
20.7294
18.3568
19.5259
14.4054
20.1167
7.94053
24.978
68.2138
67.7032
67.1754
66.62
66.0058
65.3247
64.5715
63.7418
62.8389
61.8715
60.8447
59.7578
58.608
57.392
56.1064
54.7467
53.308
51.7853
50.1722
48.462
46.6484
44.7244
42.6832
40.5195
38.2285
35.8077
33.2559
30.5745
27.7678
24.8422
21.807
18.6746
15.4588
12.176
8.8445
5.48384
2.11492
-1.2409
-4.561
-7.82293
-11.0041
-14.082
-17.035
-19.8416
-22.4827
-24.9399
-27.1971
-29.2408
-31.0597
-32.6458
-33.9939
-35.1019
-35.9707
-36.604
-37.0086
-37.1931
-37.1688
-36.9484
-36.5459
-35.9766
-35.2563
-34.4009
-33.4263
-32.3485
-31.1814
-29.9436
-28.6367
-27.4798
-26.3736
-25.3002
-23.9463
-22.935
-21.0751
-20.6349
-17.5037
-18.9717
-12.6571
-19.0305
-5.59577
-22.4766
68.5248
68.6891
68.8959
69.1269
69.3687
69.6144
69.8608
70.1075
70.3545
70.602
70.8494
71.0953
71.3378
71.5747
71.8035
72.0207
72.2215
72.4003
72.5515
72.6682
72.7429
72.7674
72.7337
72.6343
72.4621
72.2104
71.874
71.4498
70.9354
70.3303
69.6359
68.8548
67.9909
67.0496
66.0366
64.9585
63.8224
62.6354
61.4049
60.1382
58.8427
57.5256
56.1937
54.8536
53.5113
52.1725
50.8419
49.5232
48.2195
46.9327
45.6642
44.4139
43.1814
41.9653
40.7637
39.5745
38.3953
37.2238
36.0574
34.8942
33.7325
32.571
31.4087
30.2454
29.0812
27.9175
26.7533
25.7605
24.8737
23.9875
22.9579
22.115
20.7602
20.3403
18.0482
19.1641
14.2308
19.7146
7.93903
24.4317
56.8364
56.4417
56.0338
55.605
55.133
54.6111
54.0329
53.3913
52.6835
51.9136
51.0869
50.2038
49.2614
48.257
47.1879
46.0512
44.8446
43.5662
42.2136
40.7847
39.2777
37.6907
36.0212
34.2674
32.4271
30.4985
28.4797
26.3693
24.1671
21.8734
19.4898
17.0202
14.4695
11.845
9.15629
6.41471
3.63397
0.82929
-1.98199
-4.78156
-7.55009
-10.2676
-12.9139
-15.4686
-17.9123
-20.2262
-22.3927
-24.3961
-26.2222
-27.8594
-29.2985
-30.5326
-31.5581
-32.3734
-32.9802
-33.3824
-33.5862
-33.6002
-33.4344
-33.1003
-32.6109
-31.9794
-31.2198
-30.3467
-29.3725
-28.3162
-27.1766
-26.1567
-25.1627
-24.2032
-22.9561
-22.0516
-20.2976
-19.9369
-16.9422
-18.3992
-12.3468
-18.4724
-5.58088
-21.7975
57.1057
57.2919
57.5091
57.744
57.9901
58.2411
58.4922
58.7419
58.9901
59.2357
59.4776
59.7143
59.9443
60.1661
60.3785
60.58
60.769
60.9437
61.1028
61.2442
61.3655
61.464
61.5364
61.5794
61.5889
61.5602
61.4883
61.3687
61.1961
60.9659
60.674
60.3169
59.8923
59.399
58.8366
58.2063
57.5104
56.7522
55.9359
55.0662
54.1487
53.189
52.1932
51.1671
50.1165
49.0469
47.9633
46.8703
45.7717
44.6709
43.5702
42.4716
41.3761
40.284
39.1952
38.1092
37.0249
35.9413
34.857
33.7709
32.6821
31.5896
30.4932
29.3928
28.2886
27.1822
26.0726
25.1247
24.2756
23.4277
22.4377
21.6303
20.3236
19.9197
17.7115
18.7745
14.0293
19.2886
7.90593
23.8796
48.2823
47.9579
47.6231
47.2753
46.8983
46.4867
46.0354
45.5385
44.991
44.3923
43.7469
43.0569
42.3204
41.5345
40.6957
39.8008
38.8466
37.8298
36.7475
35.5966
34.3746
33.0791
31.7082
30.2604
28.7345
27.13
25.4468
23.6849
21.8456
19.9299
17.9399
15.8784
13.7487
11.5552
9.3036
7.00064
4.65462
2.2752
-0.126199
-2.53682
-4.94261
-7.32825
-9.67758
-11.9734
-14.1988
-16.3364
-18.3694
-20.2818
-22.0587
-23.6868
-25.1545
-26.452
-27.5722
-28.5098
-29.2623
-29.8296
-30.2138
-30.4191
-30.4519
-30.3201
-30.0333
-29.6022
-29.0382
-28.3542
-27.5605
-26.6762
-25.697
-24.8099
-23.9253
-23.0771
-21.9364
-21.1368
-19.4902
-19.2077
-16.3513
-17.7995
-12.0028
-17.8979
-5.51834
-21.1223
48.5153
48.6908
48.8902
49.1065
49.336
49.5734
49.8149
50.0597
50.3078
50.5584
50.8104
51.0626
51.3136
51.5616
51.8051
52.042
52.2704
52.4881
52.6931
52.883
53.0559
53.2095
53.3417
53.4502
53.5333
53.5885
53.6137
53.6065
53.5646
53.4853
53.366
53.204
52.9968
52.7416
52.4363
52.0794
51.6696
51.2065
50.6903
50.1222
49.504
48.8383
48.1282
47.3772
46.5894
45.7688
44.9196
44.0456
43.1507
42.2383
41.3113
40.3723
39.4231
38.4654
37.4999
36.5274
35.548
34.5615
33.5678
32.5664
31.5572
30.54
29.5148
28.4819
27.4419
26.3966
25.3451
24.4446
23.6355
22.8278
21.8799
21.1093
19.8534
19.4667
17.344
18.3575
13.7964
18.8432
7.83479
23.3286
40.8308
40.5556
40.2722
39.9809
39.6683
39.3298
38.9618
38.5596
38.1188
37.6362
37.1137
36.5553
35.9615
35.3303
34.6594
33.9463
33.1883
32.3828
31.5272
30.6184
29.6538
28.6305
27.5458
26.3971
25.182
23.8986
22.5453
21.1212
19.6257
18.0592
16.4225
14.7177
12.947
11.1141
9.22324
7.2798
5.29006
3.26133
1.20215
-0.877957
-2.96835
-5.05735
-7.13231
-9.17946
-11.1847
-13.1333
-15.0104
-16.8012
-18.4912
-20.0671
-21.5165
-22.8281
-23.9926
-25.0024
-25.8519
-26.5376
-27.0583
-27.4147
-27.6095
-27.6476
-27.5352
-27.2801
-26.8912
-26.3794
-25.7525
-25.0296
-24.2026
-23.4426
-22.6641
-21.924
-20.8884
-20.1913
-18.653
-18.4472
-15.7302
-17.1714
-11.6254
-17.3031
-5.4155
-20.4432
41.0325
41.189
41.3651
41.5559
41.7587
41.9696
42.1864
42.4088
42.6371
42.8709
43.1098
43.3535
43.601
43.8515
44.1041
44.3578
44.611
44.8622
45.1098
45.3518
45.5862
45.8107
46.0229
46.2202
46.4003
46.5604
46.698
46.8105
46.8955
46.9507
46.9737
46.9625
46.9152
46.8296
46.704
46.5369
46.3269
46.0726
45.7734
45.4285
45.0382
44.6026
44.1229
43.6002
43.0365
42.434
41.7952
41.1228
40.4195
39.6881
38.9314
38.1516
37.351
36.5315
35.6946
34.8415
33.9732
33.0903
32.1933
31.2826
30.3586
29.4216
28.4722
27.5112
26.5393
25.5586
24.5685
23.7179
22.951
22.1853
21.282
20.5497
19.3474
18.9791
16.9438
17.9104
13.5315
18.3744
7.73113
22.7688
34.648
34.4143
34.1739
33.9283
33.6669
33.3854
33.0811
32.7504
32.3893
31.9942
31.564
31.1014
30.6091
30.0868
29.5326
28.9448
28.3211
27.6599
26.9592
26.2167
25.4306
24.5987
23.7187
22.7887
21.8065
20.7701
19.6775
18.5272
17.3178
16.0481
14.7176
13.3265
11.8753
10.3656
8.79953
7.1804
5.51236
3.80054
2.05128
0.271784
-1.52971
-3.34398
-5.16088
-6.96917
-8.7572
-10.5125
-12.222
-13.8727
-15.4514
-16.9453
-18.342
-19.63
-20.799
-21.8397
-22.7448
-23.5084
-24.1264
-24.5969
-24.9196
-25.0963
-25.1302
-25.0267
-24.7916
-24.434
-23.9589
-23.385
-22.7006
-22.0613
-21.3844
-20.7482
-19.8154
-19.2178
-17.7878
-17.6564
-15.0797
-16.5141
-11.2159
-16.6853
-5.27757
-19.7528
34.8235
34.965
35.1226
35.2925
35.4724
35.6598
35.8533
36.0528
36.2586
36.4707
36.6889
36.9129
37.1424
37.377
37.6161
37.8594
38.1059
38.3549
38.6055
38.8566
39.1069
39.3551
39.5995
39.8384
40.0697
40.2914
40.5011
40.6962
40.8743
41.0328
41.1688
41.2797
41.3632
41.4166
41.4377
41.4244
41.3748
41.2872
41.1603
40.993
40.7843
40.5339
40.2414
39.907
39.5312
39.115
38.6594
38.1659
37.6362
37.072
36.4752
35.8479
35.1919
34.509
33.8007
33.0686
32.3139
31.5378
30.7412
29.9249
29.0899
28.237
27.3671
26.4813
25.5807
24.6677
23.7417
22.9433
22.2207
21.4989
20.6425
19.9499
18.8037
18.4551
16.5093
17.4312
13.2343
17.8794
7.59844
22.194
29.6864
29.4875
29.2828
29.0744
28.8545
28.6193
28.3667
28.0935
27.7966
27.4729
27.1194
26.7364
26.3268
25.892
25.431
24.9422
24.4239
23.8745
23.2922
22.6755
22.0227
21.332
20.6017
19.8302
19.0156
18.1566
17.2514
16.2989
15.2976
14.2466
13.1449
11.9923
10.7884
9.5337
8.22901
6.87589
5.4766
4.03419
2.5527
1.03703
-0.507013
-2.0726
-3.65199
-5.23635
-6.81625
-8.38135
-9.9207
-11.423
-12.8763
-14.2691
-15.5897
-16.8267
-17.9698
-19.0089
-19.9356
-20.7426
-21.4239
-21.9754
-22.3944
-22.6801
-22.8334
-22.8569
-22.7539
-22.5317
-22.1923
-21.7539
-21.2011
-20.6744
-20.0937
-19.5562
-18.7228
-18.2205
-16.8977
-16.8377
-14.4014
-15.8288
-10.7758
-16.0444
-5.10612
-19.051
29.8399
29.9683
30.1099
30.2618
30.4222
30.5896
30.7628
30.9422
31.128
31.3201
31.5186
31.7233
31.934
32.1505
32.3725
32.5996
32.8315
33.0675
33.3071
33.5496
33.7942
34.04
34.286
34.531
34.7737
35.0128
35.2466
35.4734
35.6914
35.8984
36.0922
36.2706
36.4311
36.5712
36.6884
36.7803
36.8444
36.8785
36.8805
36.8485
36.7809
36.6762
36.5334
36.3517
36.1306
35.87
35.5699
35.2307
34.8533
34.4383
33.9869
33.5004
32.98
32.4272
31.8433
31.2296
30.5875
29.9182
29.2227
28.5024
27.7583
26.9915
26.2033
25.3951
24.5682
23.7251
22.8656
22.1212
21.4447
20.7682
19.9607
19.3092
18.2214
17.8936
16.0392
16.9188
12.904
17.3569
7.43739
21.6014
25.6182
25.4475
25.2717
25.0931
24.9059
24.7074
24.4955
24.2678
24.0217
23.7544
23.4633
23.1466
22.8052
22.4416
22.0564
21.6483
21.216
20.7579
20.2728
19.759
19.2151
18.6398
18.0313
17.3882
16.709
15.9922
15.2365
14.4404
13.6029
12.723
11.7996
10.8324
9.82097
8.76519
7.66555
6.52281
5.33831
4.1139
2.85221
1.55648
0.230714
-1.12029
-2.49087
-3.87439
-5.26359
-6.65028
-8.02548
-9.37976
-10.703
-11.985
-13.2151
-14.3828
-15.4781
-16.491
-17.4126
-18.2348
-18.9506
-19.5542
-20.0412
-20.409
-20.6561
-20.783
-20.7908
-20.6847
-20.4643
-20.147
-19.7137
-19.2908
-18.7997
-18.3546
-17.6162
-17.2042
-15.9863
-15.994
-13.6974
-15.1168
-10.3064
-15.3811
-4.90485
-18.3382
25.7526
25.868
25.9944
26.1293
26.2716
26.4201
26.5744
26.7347
26.9012
27.074
27.2532
27.4388
27.6306
27.8286
28.0327
28.2427
28.4583
28.6791
28.9048
29.135
29.369
29.6062
29.8459
30.0872
30.3293
30.5709
30.8109
31.0481
31.2811
31.5083
31.728
31.9385
32.1379
32.3241
32.495
32.6485
32.7822
32.894
32.9814
33.0424
33.0749
33.0768
33.0463
32.982
32.8825
32.7467
32.5739
32.3635
32.1152
31.8292
31.5056
31.145
30.7479
30.3151
29.8476
29.3464
28.8124
28.2469
27.6508
27.0255
26.3721
25.6919
24.9862
24.2566
23.5046
22.7329
21.9414
21.2524
20.6233
19.9933
19.2363
18.6269
17.5993
17.2936
15.5324
16.3718
12.5399
16.8054
7.24914
20.9876
22.1993
22.052
21.8999
21.7456
21.5846
21.4151
21.2354
21.0435
20.8372
20.6143
20.3725
20.1095
19.8243
19.5185
19.1938
18.8503
18.4868
18.102
17.6947
17.2637
16.8077
16.3256
15.816
15.2775
14.709
14.1089
13.4761
12.8093
12.1074
11.3692
10.5938
9.78044
8.92855
8.03777
7.10813
6.13992
5.13385
4.09109
3.01334
1.90284
0.762393
-0.404536
-1.5938
-2.80042
-4.01883
-5.24267
-6.46478
-7.67748
-8.87239
-10.0407
-11.1733
-12.2606
-13.2935
-14.2624
-15.1587
-15.9739
-16.7004
-17.3318
-17.8623
-18.2879
-18.6054
-18.8136
-18.9116
-18.9029
-18.7846
-18.5734
-18.2468
-17.9179
-17.5094
-17.1496
-16.5007
-16.1732
-15.0571
-15.128
-12.9695
-14.3789
-9.80912
-14.6945
-4.67728
-17.6104
22.317
22.42
22.5321
22.6513
22.7768
22.9079
23.0444
23.1866
23.3348
23.489
23.6493
23.8158
23.9885
24.1675
24.3527
24.544
24.7414
24.9447
25.1537
25.368
25.5875
25.8115
26.0398
26.2716
26.5063
26.7431
26.9811
27.2193
27.4566
27.6918
27.9235
28.1502
28.3704
28.5825
28.7846
28.9749
29.1513
29.312
29.4547
29.5774
29.6781
29.7544
29.8046
29.8266
29.8186
29.779
29.7063
29.5994
29.4571
29.2789
29.0641
28.8125
28.524
28.1988
27.8372
27.4397
27.0069
26.5396
26.0388
25.5054
24.9405
24.3455
23.7215
23.0704
22.3934
21.6936
20.9709
20.338
19.7571
19.1743
18.469
17.9026
16.9369
16.6543
14.9879
15.789
12.1415
16.2221
7.03596
20.3455
19.3042
19.1766
19.0446
18.9106
18.7712
18.6251
18.4714
18.3083
18.1339
17.9464
17.7439
17.5244
17.2859
17.0282
16.7532
16.4618
16.1538
15.8281
15.4836
15.1193
14.734
14.3269
13.8967
13.4424
12.9629
12.457
11.9236
11.3615
10.7698
10.1474
9.4934
8.80696
8.08734
7.33401
6.5467
5.72531
4.87007
3.98157
3.06082
2.10923
1.12875
0.121769
-0.908663
-1.95883
-3.02451
-4.10074
-5.1819
-6.26176
-7.33346
-8.38965
-9.42251
-10.4238
-11.3852
-12.298
-13.1541
-13.9453
-14.6639
-15.3029
-15.8561
-16.3184
-16.6854
-16.9546
-17.1234
-17.194
-17.1612
-17.0412
-16.8081
-16.563
-16.2292
-15.9471
-15.3817
-15.1321
-14.1138
-14.2423
-12.2207
-13.6157
-9.28769
-13.9822
-4.43007
-16.8607
19.4073
19.4989
19.5981
19.7032
19.8137
19.9291
20.0497
20.1754
20.3067
20.4436
20.5862
20.7347
20.8892
21.0496
21.2161
21.3887
21.5673
21.752
21.9426
22.139
22.341
22.5485
22.761
22.9782
23.1997
23.4249
23.6533
23.884
24.1164
24.3494
24.5819
24.8129
25.041
25.2649
25.4831
25.6938
25.8955
26.0863
26.2642
26.4274
26.5738
26.7015
26.8083
26.8923
26.9514
26.9839
26.9878
26.9616
26.9038
26.813
26.6882
26.5283
26.3329
26.1013
25.8333
25.529
25.1884
24.8119
24.4001
23.9536
23.4734
22.9605
22.416
21.8417
21.2389
20.6103
19.9562
19.3795
18.8471
18.3118
17.6591
17.1361
16.2335
15.9747
14.4051
15.1684
11.7106
15.6033
6.8031
19.663
16.8447
16.734
16.6192
16.5024
16.381
16.2543
16.1217
15.9819
15.8334
15.6745
15.5037
15.3194
15.1197
14.9031
14.67
14.422
14.1598
13.8827
13.5898
13.2802
12.953
12.6073
12.2421
11.8566
11.4497
11.0206
10.5681
10.0914
9.58952
9.06152
8.50655
7.92385
7.31269
6.67245
6.00274
5.30325
4.57394
3.81503
3.02702
2.21079
1.36754
0.498922
-0.392941
-1.30533
-2.23509
-3.17846
-4.13103
-5.08787
-6.04341
-6.9916
-7.92586
-8.83916
-9.72422
-10.5734
-11.3791
-12.1336
-12.8297
-13.4602
-14.0188
-14.4997
-14.8979
-15.2099
-15.4316
-15.5645
-15.6013
-15.5575
-15.4047
-15.2328
-14.9655
-14.7528
-14.2644
-14.085
-13.1607
-13.3395
-11.455
-12.8262
-8.74763
-13.2403
-4.17
-16.0777
16.9351
17.0163
17.1039
17.1965
17.2937
17.3953
17.5016
17.6127
17.7287
17.85
17.9765
18.1085
18.2461
18.3892
18.5381
18.6928
18.8534
19.0198
19.1921
19.3702
19.5541
19.7436
19.9386
20.1388
20.344
20.5538
20.7678
20.9855
21.2063
21.4296
21.6545
21.8802
22.1057
22.3299
22.5516
22.7694
22.9819
23.1876
23.3846
23.5714
23.7461
23.9066
24.0512
24.1778
24.2843
24.3689
24.4296
24.4645
24.4718
24.4499
24.3972
24.3124
24.1944
24.0421
23.8548
23.632
23.3733
23.0786
22.748
22.3819
21.9808
21.5455
21.0771
20.5767
20.0458
19.4868
18.9003
18.3791
17.8949
17.4071
16.807
16.3275
15.4891
15.2538
13.7841
14.5069
11.2497
14.9391
6.55896
18.9236
14.7381
14.642
14.5419
14.44
14.334
14.2235
14.1083
13.9876
13.8602
13.7246
13.5796
13.4237
13.2554
13.0734
12.8764
12.6652
12.4413
12.2048
11.9551
11.6913
11.4124
11.1179
10.8068
10.4785
10.132
9.76656
9.3813
8.97537
8.54796
8.09824
7.62541
7.12878
6.60764
6.06137
5.48952
4.8917
4.26774
3.61761
2.94154
2.24003
1.51382
0.764007
-0.0079292
-0.800033
-1.60999
-2.43496
-3.27157
-4.11595
-4.96365
-5.80981
-6.64897
-7.47521
-8.28228
-9.06348
-9.8121
-10.5212
-11.1839
-11.7935
-12.3434
-12.8279
-13.2415
-13.5802
-13.8389
-14.0184
-14.1097
-14.1278
-14.0423
-13.9329
-13.7239
-13.5718
-13.1539
-13.0354
-12.2033
-12.419
-10.6799
-12.006
-8.20101
-12.4535
-3.9135
-15.2406
14.8173
14.8891
14.9663
15.0477
15.1331
15.2225
15.3161
15.414
15.5165
15.6237
15.7357
15.8527
15.9747
16.102
16.2346
16.3727
16.5163
16.6654
16.8202
16.9806
17.1467
17.3183
17.4955
17.6781
17.8659
18.0588
18.2564
18.4584
18.6644
18.8739
19.0864
19.3011
19.5174
19.7344
19.9512
20.1665
20.3794
20.5885
20.7923
20.9895
21.1783
21.3571
21.524
21.6773
21.8148
21.9349
22.0354
22.1144
22.17
22.2004
22.2038
22.1785
22.1231
22.0361
21.9165
21.7631
21.5754
21.3527
21.0946
20.8012
20.4726
20.1092
19.7119
19.2815
18.8192
18.3273
17.8062
17.3393
16.9026
16.4613
15.9139
15.4768
14.7046
14.4894
13.1286
13.7971
10.7695
14.2141
6.32934
18.0954
12.9271
12.842
12.7526
12.6608
12.5647
12.4642
12.3594
12.2504
12.1368
12.0183
11.8944
11.7644
11.6271
11.4805
11.322
11.1487
10.96
10.7568
10.5412
10.314
10.0748
9.82224
9.55561
9.27421
8.97735
8.66438
8.33459
7.98719
7.62147
7.23669
6.83216
6.40726
5.96126
5.49363
5.00385
4.49154
3.9564
3.39826
2.81717
2.21337
1.58732
0.939692
0.271525
-0.415777
-1.12055
-1.84061
-2.57343
-3.316
-4.06476
-4.8159
-5.56491
-6.30682
-7.03645
-7.7481
-8.43587
-9.09359
-9.71499
-10.2938
-10.8239
-11.2996
-11.7152
-12.0665
-12.3479
-12.5595
-12.6913
-12.7575
-12.7269
-12.6687
-12.5107
-12.4085
-12.0572
-11.9848
-11.2499
-11.4778
-9.90709
-11.1441
-7.66461
-11.6078
-3.68531
-14.3312
12.9974
13.0616
13.1299
13.2015
13.2766
13.3552
13.4376
13.5239
13.6142
13.7087
13.8076
13.9109
14.0189
14.1316
14.2492
14.3717
14.4994
14.6322
14.7703
14.9136
15.0624
15.2165
15.376
15.5408
15.7108
15.886
16.0661
16.2509
16.4401
16.6336
16.8307
17.031
17.234
17.439
17.6454
17.852
18.0581
18.2628
18.4647
18.6626
18.8552
19.0408
19.2181
19.3853
19.5406
19.6823
19.8084
19.917
20.0063
20.0743
20.1191
20.1391
20.1323
20.0971
20.0324
19.9365
19.8083
19.6472
19.4521
19.2227
18.959
18.6608
18.3285
17.963
17.565
17.1365
16.6778
16.263
15.8726
15.4758
14.9814
14.5832
13.8827
13.6766
12.445
13.0268
10.285
13.4051
6.14051
17.1538
10.8743
10.8053
10.7326
10.6581
10.5804
10.4993
10.415
10.3272
10.2357
10.1396
10.0382
9.9305
9.81563
9.69235
9.5595
9.41615
9.26207
9.09759
8.92292
8.73819
8.5433
8.33771
8.12079
7.89199
7.65062
7.3961
7.12795
6.84545
6.54799
6.23495
5.90573
5.55977
5.19639
4.8151
4.41536
3.99677
3.55896
3.10163
2.62461
2.12795
1.61175
1.07633
0.522247
-0.0496368
-0.638317
-1.24231
-1.8599
-2.48899
-3.12701
-3.77112
-4.41795
-5.06365
-5.70415
-6.33486
-6.95084
-7.54683
-8.11742
-8.65703
-9.15995
-9.62072
-10.0337
-10.3945
-10.6972
-10.9405
-11.1153
-11.2314
-11.2631
-11.257
-11.1625
-11.1056
-10.8464
-10.8007
-10.2145
-10.4045
-9.09615
-10.1473
-7.1409
-10.6314
-3.51831
-13.3155
10.9322
10.9856
11.0426
11.1025
11.1655
11.2315
11.3008
11.3735
11.4497
11.5296
11.6134
11.701
11.7926
11.8886
11.9888
12.0935
12.2028
12.3168
12.4356
12.5593
12.6879
12.8217
12.9605
13.1044
13.2535
13.4076
13.5667
13.7308
13.8995
14.073
14.2508
14.4325
14.6179
14.8067
14.9981
15.1915
15.3863
15.5819
15.7773
15.9714
16.1632
16.3514
16.5348
16.7121
16.8816
17.0419
17.1911
17.3275
17.4493
17.5546
17.6415
17.7083
17.7528
17.7733
17.7684
17.736
17.6748
17.5835
17.4609
17.3061
17.1186
16.8977
16.6436
16.3564
16.0367
15.6858
15.3046
14.9537
14.6227
14.2786
13.8573
13.4969
12.9067
12.6815
11.6618
12.0692
9.7813
12.3842
6.03285
15.9781
8.83225
8.77919
8.72334
8.66616
8.60661
8.54437
8.47954
8.41194
8.34119
8.26658
8.18712
8.1018
8.01014
7.91157
7.80581
7.69291
7.57291
7.44578
7.31099
7.16789
7.01634
6.85637
6.68771
6.50991
6.32232
6.12446
5.91592
5.69613
5.46462
5.22085
4.96431
4.69452
4.4109
4.11297
3.80021
3.47223
3.12861
2.76898
2.39304
2.00066
1.59165
1.16613
0.724188
0.266232
-0.207217
-0.695405
-1.19725
-1.71152
-2.23655
-2.77038
-3.31072
-3.85493
-4.39987
-4.9421
-5.47787
-6.0029
-6.51273
-7.00262
-7.46753
-7.90255
-8.30226
-8.66232
-8.97673
-9.24381
-9.45364
-9.61522
-9.70231
-9.75082
-9.71132
-9.71222
-9.5253
-9.5434
-9.05386
-9.29721
-8.1295
-9.18739
-6.40974
-9.79749
-3.08698
-12.6594
8.87747
8.91998
8.96543
9.01334
9.0638
9.11678
9.17245
9.23098
9.29237
9.35684
9.42448
9.49536
9.56964
9.64757
9.72911
9.81439
9.90368
9.997
10.0945
10.1964
10.3025
10.4133
10.5286
10.6485
10.7732
10.9027
11.037
11.1761
11.32
11.4685
11.6218
11.7793
11.9412
12.1073
12.2771
12.4502
12.6263
12.8048
12.9852
13.1667
13.3485
13.5298
13.7097
13.887
14.0604
14.2288
14.3907
14.5444
14.6885
14.8212
14.9407
15.0453
15.133
15.2019
15.2503
15.2763
15.278
15.254
15.2025
15.1223
15.0123
14.8717
14.6999
14.4965
14.2617
13.9962
13.7009
13.4232
13.1573
12.8786
12.5314
12.2359
11.7356
11.5606
10.6678
11.0776
9.00226
11.5126
5.51142
15.3657
7.22128
7.17867
7.13353
7.0869
7.03794
6.98635
6.93225
6.87582
6.81708
6.75595
6.69224
6.62549
6.55531
6.48112
6.40229
6.31808
6.22745
6.12976
6.02478
5.91258
5.79329
5.66704
5.53389
5.39358
5.24558
5.08948
4.92485
4.75129
4.56844
4.37583
4.17306
3.95969
3.73527
3.49936
3.25154
2.99139
2.71855
2.43264
2.13339
1.82052
1.49381
1.15321
0.798637
0.430253
0.0482703
-0.346918
-0.754667
-1.17426
-1.6046
-2.04441
-2.49211
-2.94588
-3.40344
-3.86225
-4.3195
-4.77186
-5.2158
-5.64751
-6.06279
-6.45743
-6.82663
-7.16653
-7.47134
-7.73951
-7.96102
-8.14453
-8.26342
-8.34709
-8.34551
-8.38815
-8.25531
-8.32489
-7.91085
-8.20657
-7.14755
-8.23772
-5.63179
-8.99457
-2.58306
-12.0618
7.25811
7.29307
7.3302
7.36925
7.41031
7.45351
7.49891
7.54657
7.59666
7.6493
7.70449
7.76237
7.82312
7.88686
7.95359
8.02352
8.09677
8.17342
8.25366
8.33751
8.42499
8.51641
8.61182
8.71121
8.81481
8.92256
9.03457
9.15096
9.27163
9.39663
9.52601
9.65958
9.79738
9.93936
10.0852
10.2347
10.3877
10.5437
10.7025
10.8636
11.0264
11.1903
11.3547
11.5185
11.6812
11.8415
11.9984
12.1505
12.2966
12.4354
12.5651
12.6843
12.7912
12.884
12.9612
13.0208
13.0608
13.0799
13.0761
13.0479
12.9943
12.9136
12.8052
12.6683
12.5026
12.3083
12.0862
11.8722
11.664
11.4442
11.1641
10.93
10.5115
10.3911
9.60931
10.0488
8.14279
10.6523
4.89578
14.8363
5.8769
5.84315
5.80744
5.77048
5.73159
5.6905
5.64726
5.60192
5.55459
5.50525
5.45387
5.40036
5.3445
5.28581
5.22387
5.1583
5.08834
5.01317
4.93213
4.84494
4.75171
4.65252
4.5475
4.4367
4.31992
4.19684
4.06699
3.93002
3.78567
3.63356
3.47335
3.30468
3.12715
2.94041
2.74411
2.53787
2.32135
2.09425
1.85625
1.60709
1.34656
1.07449
0.790755
0.495374
0.188406
-0.12996
-0.459353
-0.799347
-1.14924
-1.5082
-1.87511
-2.24874
-2.62747
-3.00937
-3.39247
-3.77416
-4.15175
-4.52227
-4.88236
-5.22855
-5.55677
-5.86386
-6.14449
-6.39761
-6.61342
-6.80054
-6.93263
-7.03498
-7.05726
-7.12669
-7.03399
-7.1395
-6.78934
-7.12127
-6.1662
-7.2696
-4.8431
-8.15527
-2.0732
-11.3663
5.90639
5.9346
5.9646
5.99611
6.02927
6.06421
6.10094
6.1395
6.18007
6.22272
6.26749
6.31448
6.36386
6.41569
6.47001
6.52703
6.58679
6.64939
6.71498
6.7836
6.85537
6.93042
7.00884
7.09072
7.17618
7.26522
7.35794
7.45449
7.55481
7.65896
7.76704
7.87891
7.99465
8.11423
8.2374
8.36419
8.49442
8.62783
8.76419
8.90323
9.04455
9.1877
9.33219
9.47739
9.62271
9.76743
9.91056
10.0512
10.1883
10.3207
10.4472
10.5665
10.6771
10.7775
10.8662
10.9416
11.0018
11.0455
11.0709
11.0765
11.0609
11.0227
10.9608
10.8744
10.7628
10.6259
10.4643
10.3044
10.1459
9.97764
9.75769
9.57875
9.23712
9.16598
8.49555
8.95675
7.23423
9.71908
4.26287
14.1352
4.70481
4.6785
4.65065
4.62178
4.59138
4.55927
4.5254
4.48974
4.45232
4.41314
4.37224
4.32962
4.28528
4.23899
4.19045
4.13939
4.08541
4.028
3.96649
3.90021
3.82884
3.75242
3.67106
3.58484
3.49383
3.39802
3.29703
3.1905
3.07819
2.95979
2.83504
2.70366
2.56532
2.41974
2.26662
2.10564
1.93652
1.75896
1.5727
1.37749
1.17311
0.959371
0.736118
0.503287
0.260841
0.00883871
-0.252532
-0.523036
-0.802258
-1.08966
-1.3845
-1.68593
-1.99285
-2.30385
-2.61749
-2.93187
-3.24493
-3.55441
-3.85766
-4.15201
-4.43405
-4.70132
-4.9491
-5.17693
-5.37546
-5.55345
-5.68525
-5.79392
-5.8291
-5.9136
-5.84911
-5.97829
-5.68037
-6.03623
-5.17493
-6.27967
-4.02762
-7.27355
-1.53269
-10.5786
4.72799
4.7503
4.77403
4.79896
4.82521
4.85284
4.88192
4.91247
4.9446
4.97841
5.01395
5.0513
5.09053
5.13172
5.17496
5.22038
5.26802
5.31794
5.37029
5.42517
5.48267
5.54282
5.60576
5.67156
5.74033
5.81214
5.88702
5.96512
6.04645
6.1311
6.21912
6.31044
6.40518
6.50334
6.60473
6.70942
6.81736
6.92834
7.04224
7.15886
7.2779
7.39915
7.5222
7.64664
7.77196
7.89765
8.02308
8.14746
8.26996
8.38979
8.50587
8.61716
8.72262
8.82078
8.9105
8.99044
9.05898
9.11485
9.15653
9.18254
9.19163
9.18243
9.15378
9.10482
9.03485
8.94336
8.83094
8.71603
8.59987
8.476
8.30906
8.17908
7.90782
7.88099
7.31646
7.79502
6.25371
8.70028
3.56718
13.2874
3.67354
3.65353
3.63231
3.61026
3.58705
3.56256
3.53672
3.50946
3.48076
3.45054
3.41881
3.38564
3.35105
3.31503
3.27751
3.23827
3.197
3.15344
3.1073
3.05796
3.00483
2.94761
2.88628
2.82088
2.75152
2.67837
2.60135
2.52023
2.43475
2.34462
2.24966
2.14963
2.04428
1.9334
1.81675
1.69405
1.56509
1.42962
1.28742
1.13827
0.981988
0.818382
0.647284
0.468608
0.282276
0.08826
-0.113359
-0.32247
-0.538854
-0.762166
-0.991979
-1.22768
-1.46856
-1.71365
-1.96193
-2.21205
-2.46249
-2.71158
-2.95732
-3.19771
-3.43005
-3.6525
-3.86101
-4.05572
-4.22795
-4.38668
-4.50728
-4.61209
-4.65084
-4.74038
-4.69354
-4.83563
-4.5784
-4.94781
-4.16787
-5.26604
-3.17109
-6.34393
-0.933794
-9.69579
3.69131
3.7085
3.72673
3.74592
3.76612
3.78739
3.80977
3.83329
3.85803
3.88408
3.91146
3.94024
3.97048
4.00224
4.03562
4.07068
4.10746
4.14603
4.18651
4.22898
4.27348
4.32008
4.36889
4.41995
4.47338
4.52923
4.58751
4.64838
4.71187
4.77807
4.84698
4.91861
4.9931
5.07043
5.15048
5.23336
5.31905
5.4074
5.49838
5.5919
5.68768
5.78567
5.88561
5.98712
6.08994
6.19365
6.29787
6.40198
6.50538
6.60748
6.70742
6.80441
6.8977
6.98605
7.06855
7.14418
7.21157
7.26964
7.31707
7.35272
7.37539
7.38384
7.37708
7.35423
7.31465
7.25773
7.18397
7.10557
7.02438
6.93777
6.81627
6.72848
6.51981
6.53142
6.06386
6.55548
5.18292
7.58518
2.76733
12.307
2.71778
2.70334
2.68801
2.67206
2.65529
2.63758
2.61891
2.59925
2.57855
2.55669
2.53363
2.50939
2.48399
2.45751
2.42999
2.40137
2.3715
2.3402
2.30735
2.27268
2.23575
2.19606
2.15322
2.10711
2.05778
2.00534
1.94991
1.89149
1.82988
1.76483
1.69615
1.6237
1.54731
1.46683
1.38207
1.29282
1.19891
1.10018
0.996435
0.887529
0.773289
0.653567
0.528246
0.397226
0.260434
0.117831
-0.030566
-0.184706
-0.344463
-0.509643
-0.679971
-0.855068
-1.03446
-1.21753
-1.40357
-1.59168
-1.7808
-1.96974
-2.15709
-2.34146
-2.52079
-2.69387
-2.85735
-3.01205
-3.14997
-3.28035
-3.37998
-3.47172
-3.50559
-3.59099
-3.55206
-3.69672
-3.46939
-3.84152
-3.13053
-4.21128
-2.2606
-5.33593
-0.269314
-8.6161
2.7307
2.74323
2.75653
2.77053
2.78528
2.80084
2.81722
2.83444
2.85257
2.87166
2.89173
2.91285
2.93507
2.95844
2.98302
3.00885
3.03596
3.06445
3.09438
3.12579
3.15871
3.19324
3.22948
3.26741
3.30713
3.34871
3.39215
3.43757
3.48501
3.53452
3.58612
3.63982
3.69575
3.75386
3.81412
3.87662
3.94134
4.00819
4.07712
4.14817
4.22111
4.29588
4.37236
4.45025
4.52946
4.60963
4.69053
4.77177
4.85289
4.93348
5.01293
5.09069
5.16619
5.23855
5.3071
5.37103
5.42933
5.4812
5.52555
5.56155
5.58818
5.60442
5.60961
5.60286
5.58361
5.55138
5.50657
5.45662
5.4035
5.34718
5.26356
5.21094
5.05633
5.09935
4.71764
5.21445
3.99368
6.3373
1.82371
11.0658
1.88652
1.87671
1.8663
1.85548
1.84406
1.83198
1.81923
1.80581
1.79166
1.77669
1.76089
1.74417
1.72648
1.70786
1.68834
1.66788
1.64648
1.62405
1.60045
1.57554
1.5492
1.52118
1.4912
1.45909
1.42482
1.38838
1.34987
1.30951
1.26733
1.2231
1.17653
1.12745
1.07573
1.02128
0.963971
0.903689
0.840302
0.773669
0.703693
0.630244
0.553201
0.472455
0.387918
0.299507
0.207168
0.110861
0.0105686
-0.0936773
-0.201815
-0.313736
-0.42927
-0.548196
-0.670223
-0.794958
-0.921946
-1.05065
-1.18037
-1.31034
-1.43961
-1.56737
-1.69211
-1.81326
-1.92814
-2.0382
-2.13625
-2.23177
-2.30307
-2.37484
-2.39706
-2.4711
-2.43151
-2.57066
-2.36188
-2.72966
-2.07138
-3.127
-1.30391
-4.23883
0.44315
-7.21774
1.89524
1.90363
1.91256
1.92194
1.93181
1.94219
1.9531
1.96458
1.97666
1.98935
2.00268
2.01667
2.03139
2.04685
2.0631
2.08012
2.09799
2.11678
2.13648
2.15713
2.17875
2.20143
2.22524
2.25014
2.27619
2.30346
2.33199
2.36182
2.39297
2.42552
2.45945
2.49484
2.53172
2.57007
2.60992
2.65133
2.69432
2.73881
2.78478
2.83229
2.88121
2.93147
2.98303
3.03575
3.08954
3.14418
3.19951
3.25532
3.31132
3.36719
3.4226
3.47716
3.53045
3.58195
3.63122
3.67765
3.72055
3.75944
3.79353
3.82225
3.84487
3.86064
3.86918
3.86974
3.86198
3.84554
3.82081
3.79202
3.76016
3.72708
3.67349
3.64831
3.53804
3.60404
3.29385
3.78586
2.69062
4.94858
0.742473
9.43775
0.83575
0.829447
0.822759
0.815798
0.808463
0.800721
0.792572
0.784004
0.774985
0.765512
0.755633
0.745402
0.73499
0.724869
0.715849
0.708984
0.705459
0.706331
0.712231
0.723232
0.738752
0.757189
0.775636
0.790278
0.797603
0.795562
0.783961
0.764333
0.73937
0.711726
0.682851
0.652966
0.621784
0.589102
0.5549
0.519203
0.482007
0.443274
0.402987
0.361107
0.317591
0.272405
0.225496
0.176831
0.126386
0.07413
0.0200437
-0.035871
-0.0936037
-0.153118
-0.214354
-0.277216
-0.341593
-0.40731
-0.474144
-0.541862
-0.610131
-0.678583
-0.746716
-0.814203
-0.880116
-0.944485
-1.00531
-1.06461
-1.11616
-1.16962
-1.2052
-1.24977
-1.2543
-1.30993
-1.26361
-1.38718
-1.19529
-1.53556
-0.952773
-1.90154
-0.335534
-2.82026
0.993872
-4.90343
0.841481
0.847138
0.853164
0.859508
0.86621
0.873273
0.880688
0.888521
0.896799
0.905507
0.91465
0.924259
0.934384
0.945026
0.956189
0.967892
0.98017
0.993072
1.00656
1.02066
1.03542
1.05084
1.06694
1.08372
1.1012
1.1194
1.13833
1.15798
1.17836
1.19952
1.22139
1.24403
1.2674
1.29148
1.31629
1.3418
1.36805
1.39493
1.42248
1.45068
1.47941
1.50868
1.53847
1.5687
1.59929
1.63017
1.66125
1.69241
1.72355
1.75451
1.78516
1.81531
1.84478
1.8733
1.90069
1.92663
1.95076
1.97291
1.9926
2.00952
2.02333
2.03364
2.04035
2.04295
2.04136
2.03532
2.02523
2.01251
1.99769
1.98384
1.95539
1.95301
1.88001
1.96125
1.71425
2.1741
1.22736
3.21104
-0.383937
6.6216
0.582843
0.583614
0.584443
0.585312
0.586196
0.587105
0.588051
0.589046
0.59014
0.591453
0.593156
0.595391
0.598113
0.600868
0.602611
0.601645
0.59577
0.582523
0.559448
0.524539
0.47687
0.417456
0.350059
0.281043
0.218063
0.168106
0.135198
0.118748
0.11383
0.114009
0.114747
0.114474
0.113312
0.111621
0.10948
0.10674
0.103245
0.0988993
0.0936319
0.0873995
0.080175
0.071939
0.0626692
0.0523743
0.0410779
0.0287997
0.0155708
0.00144083
-0.0135387
-0.0293099
-0.045804
-0.0629483
-0.0806611
-0.0988646
-0.117446
-0.136317
-0.155365
-0.17449
-0.193495
-0.212392
-0.230733
-0.248974
-0.265731
-0.283306
-0.296712
-0.314691
-0.321093
-0.341602
-0.332239
-0.367093
-0.321148
-0.413375
-0.264021
-0.516073
-0.107228
-0.748396
0.240621
-1.22028
0.917091
-1.95595
0.581989
0.581013
0.579977
0.578848
0.57764
0.576342
0.574931
0.573426
0.571823
0.570106
0.568272
0.566319
0.564257
0.562075
0.559772
0.557346
0.554807
0.55217
0.54941
0.546554
0.543624
0.540606
0.537519
0.534389
0.531234
0.528065
0.524927
0.521822
0.518788
0.515877
0.513096
0.510496
0.508091
0.505937
0.504072
0.502517
0.501319
0.50049
0.5001
0.500153
0.500633
0.501581
0.503023
0.504935
0.507308
0.510144
0.513393
0.517019
0.520981
0.525231
0.529723
0.534352
0.539054
0.543703
0.548234
0.552525
0.556464
0.56009
0.563181
0.565697
0.567516
0.56851
0.568671
0.567758
0.565912
0.562999
0.559435
0.556676
0.5517
0.547957
0.535757
0.54233
0.502417
0.567411
0.410758
0.716971
0.110594
1.30732
-0.741484
3.01132
)
;

boundaryField
{
    inlet
    {
        type            freestreamPressure;
        freestreamValue uniform 0;
        value           nonuniform List<scalar> 
134
(
4.68222
2.72575
0.563912
-1.45109
-3.04341
-4.20044
-4.72449
-4.565
-3.71278
-1.86045
-0.394123
-0.638933
-1.09942
-1.56285
-2.04841
-2.56636
-3.1185
-3.70589
-4.33444
-5.01622
6.4873
-5.76789
-6.59479
-7.45362
-8.24361
-8.7971
-9.05166
-9.49524
-9.49723
-9.65414
-11.3773
-10.4729
-10.4632
-10.6143
-10.7168
-10.7446
-10.7676
-10.8966
-11.2802
-11.7584
8.08323
9.58533
10.6273
10.8623
10.0121
7.67241
3.52064
-12.8248
-12.4824
-11.9857
-11.645
-11.3796
-11.0898
-10.7704
-10.4456
-10.1228
-9.79798
-9.46776
-9.13206
-8.79099
-8.44266
-8.08382
-7.7089
-7.30794
-6.8722
-6.38542
-6.07102
-5.78462
-5.4511
-5.07328
-4.64976
-4.13171
-3.46079
-2.35082
-0.937519
0.952466
2.20716
3.6662
5.13037
6.57155
7.95847
9.13788
10.0202
10.6203
10.9599
11.1018
11.1166
11.0638
10.9893
10.9584
11.0808
11.4055
11.7792
12.0754
12.3053
12.4956
12.652
12.7665
12.8341
12.8572
12.8441
12.8141
12.8067
12.9218
13.3141
14.242
14.6482
14.2695
13.8239
13.537
13.3053
13.0441
12.7584
12.4696
12.1814
11.8887
11.5881
11.2782
10.9573
10.6217
10.265
9.87875
9.44612
8.95439
8.3405
8.02067
7.7443
7.37849
6.9362
6.42493
5.77754
4.92829
3.45832
1.57327
)
;
    }
    outlet
    {
        type            freestreamPressure;
        freestreamValue uniform 0;
        value           nonuniform List<scalar> 
160
(
0.000190759
0.000190499
0.000190992
0.000190199
0.000191242
0.000189882
0.000191503
0.000189537
0.000191768
0.000189168
0.000192039
0.000188771
0.000192317
0.000188338
0.000192603
0.000187877
0.00019291
0.000187387
0.000193274
0.000186861
0.000193754
0.0001863
0.000194413
0.000185702
0.000195263
0.000185071
0.000196191
0.000184405
0.000196886
0.000183701
0.000196805
0.000182962
0.000195211
0.000182188
0.000191251
0.000181386
0.00018405
0.000180549
0.00017287
0.000179683
0.000157345
0.000178799
0.000137788
0.00017789
0.000115471
0.000176963
9.2564e-05
0.000176028
7.16614e-05
0.000175091
5.5098e-05
0.000174155
4.41894e-05
0.000173235
3.8714e-05
0.000172334
3.70364e-05
0.000171463
3.70464e-05
0.00017064
3.72592e-05
0.00016987
3.7156e-05
0.000169167
3.67675e-05
0.00016854
3.62072e-05
0.000168005
3.55007e-05
0.000167579
3.46002e-05
0.000167267
3.34562e-05
0.000167089
3.20375e-05
0.000167048
3.03215e-05
0.00016717
2.82944e-05
0.000167459
2.5948e-05
0.000167911
2.32761e-05
0.000168541
2.02718e-05
0.000169363
1.6938e-05
0.000170371
1.32825e-05
0.000171564
9.31126e-06
0.000172948
5.03396e-06
0.000174511
4.6583e-07
0.000176243
-4.3777e-06
0.000178135
-9.47953e-06
0.000180177
-1.48196e-05
0.000182357
-2.03771e-05
0.000184646
-2.61291e-05
0.000187026
-3.20543e-05
0.000189462
-3.81214e-05
0.000191931
-4.43069e-05
0.000194403
-5.05816e-05
0.000196838
-5.69192e-05
0.000199257
-6.32651e-05
0.000201586
-6.96296e-05
0.000203811
-7.58801e-05
0.000205894
-8.21655e-05
0.000207786
-8.80625e-05
0.000209486
-9.42945e-05
0.000210903
-9.93091e-05
0.000212081
-0.000105845
0.000212972
-0.000108842
0.000213717
-0.000116245
0.000214563
-0.000114118
0.000214366
-0.000126078
0.000214757
-0.000112391
0.000212148
-0.000143035
0.000216679
-9.52419e-05
0.000203864
-0.000178339
0.00023116
-4.07905e-05
0.000172781
-0.000251907
0.000295189
0.000100889
4.97356e-05
-0.000376023
0.000521441
0.000459728
-0.000388526
-0.000477765
0.00101947
)
;
    }
    walls
    {
        type            zeroGradient;
    }
    frontAndBack
    {
        type            empty;
    }
}


// ************************************************************************* //
