/*--------------------------------*- C++ -*----------------------------------*\
| =========                 |                                                 |
| \\      /  F ield         | OpenFOAM: The Open Source CFD Toolbox           |
|  \\    /   O peration     | Version:  v1806                                 |
|   \\  /    A nd           | Web:      www.OpenFOAM.com                      |
|    \\/     M anipulation  |                                                 |
\*---------------------------------------------------------------------------*/
FoamFile
{
    version     2.0;
    format      ascii;
    class       volScalarField;
    location    "278";
    object      p;
}
// * * * * * * * * * * * * * * * * * * * * * * * * * * * * * * * * * * * * * //

dimensions      [0 2 -2 0 0 0 0];


internalField   nonuniform List<scalar> 
10720
(
1304.21
1068.93
770.752
440.508
93.5052
-283.744
-654.02
-1004.11
-1337.98
-1636.94
-1902.73
-2136.18
-2336.64
-2505.58
-2642.99
-2746.32
-2818.81
-2854.8
-2860.39
-2827.89
-2760.17
-2651.83
-2512.86
-2347.24
-2173.02
-2017.48
-1876.89
-1733.79
-1587.29
-1438.96
-1288.33
-1135.12
-979.113
-819.542
-655.251
-481.096
-292.48
-57.7713
221.011
1509.03
1678.32
1817.08
1896.85
1917.25
1883.54
1775.86
1604.29
1401.36
1190.17
990.94
817.435
669.324
544.903
442.331
352.399
272.968
199.259
128.906
57.8515
-13.6891
-87.7511
-163.036
-236.143
-293.141
-327.348
-347.438
-356.934
-356.125
-344.612
-322.97
-291.984
-252.273
-203.765
-146.088
-76.2263
10.4306
137.107
332.028
1366.33
1191.61
977.238
728.247
452.108
150.248
-164.192
-480.749
-793.415
-1092.04
-1371.51
-1628.13
-1858.88
-2061.88
-2235.18
-2376.48
-2486.17
-2560.69
-2600.44
-2601.18
-2564.57
-2488.61
-2380.5
-2245.23
-2098.02
-1960.75
-1831.92
-1698.14
-1558.95
-1416.38
-1270.43
-1121.03
-968.116
-811.034
-648.687
-476.021
-288.575
-54.6661
218.812
1510.64
1634.91
1739.08
1808.3
1831.76
1803.99
1720.15
1590.18
1431.08
1257.98
1084.99
923.093
776.436
646.366
532.724
431.486
340.557
256.84
177.946
100.801
24.7407
-51.7138
-127.669
-199.885
-257.706
-295.485
-319.501
-332.696
-335.198
-326.767
-307.983
-279.59
-242.152
-195.585
-139.48
-70.8346
14.857
140.864
329.527
1317.25
1164.44
976.031
753.013
503.586
228.516
-64.7064
-365.414
-665.904
-958.753
-1236.15
-1493.46
-1726.97
-1933.77
-2111.56
-2258.61
-2373.7
-2454.31
-2499.58
-2508.39
-2480.9
-2416.37
-2319.92
-2197.3
-2061.16
-1929.56
-1803.94
-1674.17
-1538.88
-1399.79
-1256.96
-1110.23
-959.55
-804.291
-643.376
-471.833
-285.309
-52.6918
215.509
1442.73
1549.81
1638.95
1699.63
1723.75
1706.41
1642.84
1538.85
1404.81
1252.3
1093.52
939.117
795.321
665.026
549.147
445.935
353.186
268.347
188.943
112.282
37.0895
-37.7412
-111.595
-181.593
-239.385
-279.326
-305.255
-319.975
-323.86
-316.799
-299.335
-272.174
-235.847
-190.268
-134.982
-66.994
18.1559
143.223
325.313
1254.93
1125.83
966.125
777.317
565.532
329.098
74.2985
-191.365
-462.218
-731.717
-993.213
-1241.79
-1473.04
-1683.29
-1869.18
-2028.1
-2157.6
-2255.17
-2319.5
-2348.95
-2342.75
-2300.18
-2224.87
-2122.41
-2003.44
-1883.27
-1765.56
-1642.92
-1513.64
-1379.41
-1240.64
-1097.28
-949.385
-796.395
-637.283
-467.199
-281.944
-51.3092
211.273
1361.38
1452.47
1529.88
1584.79
1609.69
1600.26
1552.16
1469.46
1359.65
1231.19
1093.73
956.054
823.805
700.306
587.185
484.082
389.688
302.363
220.236
141.272
64.2563
-11.5613
-85.648
-155.421
-214.173
-256.598
-284.978
-302.031
-308.22
-303.419
-288.055
-262.78
-228.096
-183.918
-129.774
-62.7046
21.6329
145.252
320.585
1179.7
1066.34
925.66
759.042
572.252
362.036
133.461
-107.339
-356.351
-607.743
-855.629
-1095.19
-1321.64
-1530.75
-1718.72
-1882.31
-2018.51
-2124.69
-2198.74
-2238.8
-2243.78
-2213.47
-2150.94
-2061.64
-1954.74
-1843.01
-1731.04
-1613.69
-1489.13
-1358.96
-1223.78
-1083.59
-938.413
-787.738
-630.548
-462.096
-278.381
-50.2222
206.075
1273.45
1353.49
1422.51
1473.18
1498.69
1495.39
1459.49
1393.59
1303.22
1194.53
1075.07
952.099
830.56
713.938
604.445
502.713
408.324
320.362
237.498
158.18
81.2712
6.16118
-66.7092
-135.099
-193.624
-237.468
-267.667
-286.512
-294.464
-291.385
-277.643
-253.866
-220.533
-177.561
-124.448
-58.2647
25.1865
147.105
315.487
1102.95
1002.47
877.715
730.19
565.425
379.205
175.92
-39.5019
-264.389
-493.843
-723.044
-947.825
-1163.6
-1366.11
-1551.48
-1716.08
-1856.45
-1969.65
-2052.93
-2104.55
-2123.18
-2108.32
-2062.04
-1988.96
-1896.72
-1795.9
-1691.67
-1580.95
-1462.19
-1336.86
-1205.79
-1069.08
-926.834
-778.609
-623.45
-456.767
-274.806
-49.6127
199.895
1186.42
1257.79
1320.32
1367.74
1393.67
1395
1368.48
1315.78
1241.25
1149.52
1046.58
938.37
828.973
721.561
618.457
520.733
428.55
341.565
258.969
179.7
102.888
28.1286
-44.118
-111.83
-170.569
-216.011
-248.249
-269.076
-278.996
-277.891
-266.046
-244.032
-212.287
-170.715
-118.795
-53.6394
28.7664
148.665
309.948
1027.43
937.046
824.825
692.311
544.993
378.061
195.355
1.07492
-203.188
-413.282
-625.296
-835.756
-1040.41
-1235.22
-1416.33
-1579.87
-1722.16
-1839.93
-1930.16
-1990.65
-2019.74
-2016.57
-1982.75
-1922.38
-1842.08
-1750.61
-1653.23
-1548.49
-1435.12
-1314.41
-1187.33
-1054.08
-914.795
-769.083
-616.046
-451.253
-271.253
-49.4911
192.841
1102.84
1167.43
1224.87
1269.64
1295.79
1300.65
1281.45
1239.2
1177.49
1099.88
1011.17
916.24
818.37
720.272
624.167
531.294
442.209
357.063
275.511
196.945
120.803
46.8789
-24.3437
-91.0573
-149.576
-196.047
-229.892
-252.407
-264.06
-264.741
-254.64
-234.268
-204.024
-163.804
-113.063
-48.971
32.2906
149.88
304.029
955.192
873.085
771.241
651.24
518.532
368.029
203.198
27.7005
-157.591
-349.254
-544.053
-739.236
-931.103
-1115.98
-1290.19
-1449.94
-1591.44
-1711.26
-1806.14
-1873.59
-1911.86
-1919.86
-1898.51
-1851.11
-1783.12
-1701.72
-1612.02
-1513.84
-1406.31
-1290.6
-1167.8
-1038.24
-902.12
-759.089
-608.325
-445.582
-267.735
-49.8122
185.074
1024.03
1083.12
1136.4
1178.94
1205.13
1212.7
1199.22
1165.32
1113.99
1048.11
971.61
888.555
801.542
712.809
624.325
537.288
452.461
370.29
290.784
213.699
138.77
65.9874
-4.10741
-69.8643
-128.123
-175.447
-210.796
-234.972
-248.371
-250.883
-242.6
-223.96
-195.315
-156.543
-107.083
-44.173
35.7854
150.759
297.789
886.975
811.724
718.513
608.949
488.421
351.773
202.149
42.8496
-125.806
-300.906
-479.831
-660.461
-839.611
-1014.04
-1180.41
-1335.07
-1474.27
-1594.55
-1692.5
-1765.43
-1811.24
-1828.62
-1817.85
-1781.66
-1724.6
-1652.56
-1570.27
-1478.47
-1376.68
-1265.98
-1147.52
-1021.75
-888.889
-748.666
-600.309
-439.785
-264.28
-50.5638
176.705
950.348
1004.91
1054.71
1095.3
1121.38
1131.03
1122.08
1094.88
1052.02
995.885
929.767
857.105
779.958
700.128
619.28
538.464
458.497
379.988
303.179
228.135
154.861
83.5426
14.7833
-49.8737
-107.67
-155.526
-192.1
-217.749
-232.749
-236.981
-230.442
-213.487
-186.423
-149.109
-100.968
-39.318
39.2005
151.279
291.237
823.054
753.598
667.717
567.037
456.861
332.062
195.577
50.4204
-103.463
-263.565
-427.778
-594.489
-760.979
-924.536
-1082.15
-1230.41
-1365.8
-1484.85
-1584.15
-1660.83
-1712.6
-1738.07
-1736.86
-1711.1
-1664.46
-1601.67
-1526.96
-1441.69
-1345.8
-1240.29
-1126.33
-1004.49
-875.052
-737.782
-591.987
-433.864
-260.917
-51.7603
167.799
881.811
932.54
979.375
1018.21
1044.06
1055.31
1049.98
1028.21
992.274
944.255
886.946
823.312
755.012
683.468
610.056
535.635
460.964
386.695
313.217
240.8
169.668
100.17
32.9843
-30.4289
-87.5955
-135.728
-173.299
-200.278
-216.79
-222.692
-217.891
-202.646
-177.207
-141.41
-94.6632
-34.3828
42.5402
151.448
284.387
763.417
698.936
619.352
526.302
425.016
310.436
185.336
52.4986
-88.3372
-235.01
-385.82
-539.577
-693.983
-846.756
-995.288
-1136.51
-1267.11
-1383.78
-1483.13
-1562.24
-1618.64
-1650.81
-1657.85
-1641.29
-1604.08
-1549.98
-1482.69
-1403.91
-1313.91
-1213.64
-1104.29
-986.504
-860.61
-726.436
-583.362
-427.827
-257.668
-53.4058
158.385
818.199
865.62
909.872
947.132
972.662
985.126
982.694
965.355
935.141
893.898
844.059
788.236
727.775
663.8
597.437
529.336
460.13
390.447
320.738
251.397
182.805
115.449
50.0642
-11.9456
-68.2996
-116.449
-154.765
-182.894
-200.791
-208.266
-205.145
-191.581
-167.765
-133.51
-88.2124
-29.3964
45.7814
151.268
277.264
707.909
647.762
573.666
487.262
393.684
287.999
172.852
50.8482
-78.4365
-213.084
-351.712
-493.468
-636.426
-778.717
-918.087
-1051.81
-1176.88
-1290.17
-1388.42
-1468.71
-1528.43
-1565.99
-1580.13
-1571.77
-1543.2
-1497.37
-1437.37
-1365.05
-1280.97
-1186.02
-1081.38
-967.771
-845.557
-714.627
-574.433
-421.684
-254.549
-55.5021
148.494
759.233
803.768
845.736
881.531
906.675
920.056
919.951
906.251
880.784
845.231
801.744
752.654
699.092
641.955
582.152
520.14
456.411
391.513
325.889
259.993
194.305
129.405
66.0602
5.64283
-49.7074
-97.6237
-136.435
-165.526
-184.674
-193.627
-192.136
-180.238
-158.061
-125.388
-81.6064
-24.362
48.9161
150.751
269.894
656.325
599.99
530.723
450.165
363.343
265.47
159.081
46.639
-72.3856
-196.288
-323.894
-454.636
-586.895
-719.151
-849.51
-975.579
-1094.67
-1203.89
-1300.13
-1380.55
-1442.5
-1484.27
-1504.37
-1503.14
-1482.32
-1444.17
-1391.21
-1325.25
-1247.05
-1157.47
-1057.63
-948.295
-829.892
-702.349
-565.204
-415.442
-251.57
-58.0346
138.157
704.582
746.58
786.485
820.915
845.618
859.681
861.453
850.75
829.252
798.495
760.42
717.138
669.631
618.619
564.831
508.571
450.189
390.132
328.788
266.603
204.104
141.918
80.8392
22.2058
-31.9474
-79.3942
-118.453
-148.307
-168.56
-178.88
-178.949
-168.682
-148.141
-117.076
-74.8694
-19.2978
51.9298
149.903
262.305
608.419
555.474
490.502
415.131
334.288
243.332
144.695
40.7412
-69.1462
-183.413
-301.058
-421.723
-544.053
-666.816
-788.458
-906.904
-1019.74
-1124.37
-1217.87
-1297.52
-1360.69
-1405.58
-1430.57
-1435.49
-1421.59
-1390.55
-1344.33
-1284.6
-1212.22
-1128.01
-1033.03
-928.083
-813.613
-689.605
-555.677
-409.107
-248.741
-60.9836
127.414
653.931
693.654
731.696
764.834
789.058
803.602
806.893
798.68
780.512
753.822
720.374
682.11
639.898
594.338
546.021
495.124
441.87
386.597
329.609
271.307
212.212
152.966
94.3634
37.7025
-15.0605
-61.8067
-100.869
-131.278
-152.479
-164.045
-165.595
-156.921
-138.01
-108.58
-68.0096
-14.2156
54.8127
148.744
254.527
563.938
514.037
452.915
382.194
306.681
221.889
130.171
33.7835
-67.9247
-173.522
-282.158
-393.627
-506.797
-620.684
-733.992
-844.954
-951.452
-1051.15
-1141.37
-1219.54
-1283.08
-1330.1
-1359.01
-1369.13
-1361.31
-1336.74
-1296.9
-1243.21
-1176.55
-1097.7
-1007.63
-907.149
-796.727
-676.397
-545.857
-402.686
-246.064
-64.3287
116.312
606.977
644.636
680.964
712.888
736.599
751.464
755.985
749.846
734.488
711.259
681.785
647.861
610.285
569.563
526.189
480.241
431.834
381.194
328.538
274.198
218.656
162.53
106.588
52.0752
0.886064
-44.941
-83.77
-114.525
-136.506
-149.189
-152.128
-144.995
-127.7
-99.9253
-61.0467
-9.1311
57.5537
147.287
246.593
522.633
475.491
417.853
351.332
280.605
201.347
115.84
26.2394
-68.1201
-165.906
-266.393
-369.485
-474.221
-579.826
-685.246
-788.971
-889.162
-983.74
-1070.29
-1146.38
-1209.56
-1257.88
-1289.77
-1304.21
-1301.67
-1282.97
-1249.09
-1201.21
-1140.14
-1066.59
-981.458
-885.512
-779.246
-662.731
-535.748
-396.184
-243.544
-68.0367
104.902
563.429
599.205
633.943
664.713
687.887
702.947
708.459
704.055
691.082
670.816
644.766
614.61
581.09
544.655
505.722
464.298
420.417
374.203
325.783
275.41
223.5
170.618
117.484
65.2837
15.8495
-28.8537
-67.2236
-98.1135
-120.701
-134.361
-138.589
-132.937
-117.236
-91.1312
-53.998
-4.05881
60.1452
145.554
238.536
484.279
439.653
385.184
322.485
256.081
181.828
101.921
18.4404
-69.2887
-160.026
-253.122
-348.567
-445.558
-543.477
-641.478
-738.281
-832.295
-921.692
-1004.29
-1077.85
-1140.06
-1188.95
-1223.01
-1240.94
-1242.92
-1229.43
-1201.08
-1158.73
-1103.07
-1034.75
-954.556
-863.199
-761.184
-648.617
-525.36
-389.608
-241.177
-72.0735
93.2342
523.018
557.069
590.321
619.987
642.612
657.758
664.065
661.12
650.175
632.457
609.37
582.492
552.533
519.894
484.94
447.632
407.937
365.9
321.564
275.097
226.835
177.271
127.057
77.3054
29.784
-13.6028
-51.2991
-82.1158
-105.131
-119.623
-125.028
-120.788
-106.651
-82.2239
-46.8847
0.985372
62.5814
143.57
230.39
448.66
406.34
354.784
295.571
233.106
163.395
88.5736
10.631
-71.0911
-155.433
-241.812
-330.291
-420.175
-510.993
-602.052
-692.275
-780.309
-864.539
-943.022
-1013.71
-1074.45
-1123.3
-1158.77
-1179.46
-1185.24
-1176.34
-1153.05
-1115.91
-1065.48
-1002.27
-926.977
-840.245
-742.563
-634.069
-514.702
-382.958
-238.96
-76.399
81.3726
485.498
517.95
549.813
578.422
600.485
615.636
622.574
620.856
611.651
596.132
575.621
551.61
524.778
495.499
464.103
430.52
394.67
356.536
316.09
273.415
228.762
182.543
135.325
88.1324
42.6649
0.766148
-36.0577
-66.5994
-89.862
-105.036
-111.497
-108.591
-95.9789
-73.231
-39.7291
5.98666
64.8568
141.36
222.198
415.57
375.382
326.506
270.506
211.639
146.082
75.8934
2.99578
-73.2694
-151.796
-232.062
-314.177
-397.545
-481.796
-566.383
-650.396
-732.686
-811.843
-886.144
-953.732
-1012.6
-1060.89
-1097.13
-1119.9
-1128.8
-1123.89
-1105.17
-1072.91
-1027.46
-969.23
-898.784
-816.691
-723.41
-619.104
-503.782
-376.241
-236.882
-80.9691
69.3774
450.644
481.608
512.166
539.761
561.25
576.34
583.776
583.092
575.382
561.773
543.512
522.014
497.937
471.637
443.42
413.199
380.863
346.347
309.566
270.529
229.401
186.504
142.314
97.7648
54.4744
14.2166
-21.553
-51.6279
-74.9589
-90.6623
-98.0507
-96.3924
-85.2593
-64.1838
-32.5549
10.9287
66.9703
138.953
213.998
384.826
346.619
300.226
247.189
191.636
129.886
63.9447
-4.34843
-75.6319
-148.854
-223.535
-299.83
-377.211
-455.4
-533.971
-612.153
-688.97
-763.203
-833.32
-897.649
-954.352
-1001.66
-1038.12
-1062.35
-1073.76
-1072.26
-1057.63
-1029.87
-989.144
-935.727
-870.048
-792.586
-703.758
-603.743
-492.615
-369.458
-234.931
-85.7369
57.3118
418.254
447.827
477.153
503.772
524.682
539.652
547.478
547.668
541.251
529.308
513.021
493.736
472.094
448.441
423.062
395.867
366.728
335.547
302.191
266.605
228.878
189.244
148.084
106.229
65.2059
26.7199
-7.83177
-37.2605
-60.4852
-76.5631
-84.7468
-84.2427
-74.5332
-55.1157
-25.3884
15.7968
68.9212
136.378
205.828
356.257
319.896
275.814
225.53
173.034
114.796
52.7568
-11.3116
-78.0321
-146.4
-215.978
-286.939
-358.828
-431.428
-504.409
-577.131
-648.758
-718.239
-784.223
-845.215
-899.53
-945.51
-981.73
-1006.89
-1020.26
-1021.61
-1010.59
-986.952
-950.668
-901.868
-840.85
-767.989
-683.646
-588.01
-481.212
-362.606
-233.087
-90.6495
45.2443
388.148
416.412
444.568
470.246
490.579
505.385
513.508
514.441
509.142
498.657
484.109
466.781
447.298
425.998
403.156
378.684
352.446
324.322
294.144
261.806
227.328
190.863
152.699
113.555
74.8653
38.2583
5.06707
-23.5506
-46.5014
-62.8003
-71.6441
-72.1934
-63.8448
-46.0626
-18.2562
20.5752
70.7116
133.667
197.729
329.709
295.075
253.149
205.431
155.771
100.781
42.3464
-17.8356
-80.3574
-144.272
-209.168
-275.241
-342.079
-409.525
-477.329
-544.945
-611.675
-676.606
-738.554
-796.183
-847.961
-892.345
-927.947
-953.572
-968.386
-972.089
-964.205
-944.307
-912.163
-867.767
-811.278
-742.963
-663.12
-571.936
-469.59
-355.688
-231.331
-95.6507
33.246
360.151
387.184
414.222
438.993
458.753
473.361
481.706
483.266
478.941
469.741
456.735
441.141
423.577
404.376
383.805
361.782
338.17
312.836
285.589
256.284
224.885
191.467
156.229
119.787
83.4711
48.8262
17.1157
-10.5438
-33.0638
-49.4333
-58.802
-60.2985
-53.2408
-37.0628
-11.1866
25.2497
72.3446
130.85
189.741
305.034
272.022
232.118
186.801
139.774
87.8049
32.7078
-23.8824
-82.5392
-142.351
-202.944
-264.518
-326.707
-389.4
-452.407
-515.266
-577.388
-637.989
-696.029
-750.318
-799.465
-842.044
-876.728
-902.422
-918.235
-923.825
-918.634
-902.081
-873.767
-833.539
-781.426
-717.581
-642.231
-555.551
-457.765
-348.698
-229.637
-100.688
21.3824
334.11
359.983
385.953
409.847
429.041
443.423
451.925
454.016
450.541
442.479
430.842
416.796
400.947
383.623
365.085
345.262
324.023
301.227
276.67
250.182
221.677
191.165
158.761
124.982
91.0521
58.4261
28.2951
1.72058
-20.224
-36.5192
-46.2796
-48.6128
-42.7692
-28.1559
-4.2087
29.8054
73.8266
127.959
181.904
282.102
250.616
212.614
169.55
124.983
75.8257
23.8298
-29.434
-84.514
-140.546
-197.173
-254.605
-312.508
-370.809
-429.369
-487.8
-545.604
-602.097
-656.375
-707.379
-753.855
-794.486
-828.014
-853.44
-869.864
-876.925
-874.01
-860.422
-835.62
-799.307
-751.394
-691.919
-621.037
-538.897
-445.752
-341.636
-227.975
-105.702
9.72534
309.887
334.66
359.609
382.659
401.292
415.422
424.029
426.57
423.844
416.792
406.378
393.717
379.402
363.76
347.047
329.205
310.107
289.616
267.521
243.633
217.83
190.066
160.385
129.206
97.6483
67.0719
38.5927
13.2136
-8.0268
-24.1126
-34.1339
-37.192
-32.4807
-19.383
2.64771
34.2286
75.164
125.025
174.254
260.789
230.746
194.538
153.589
111.327
64.798
15.6932
-34.4792
-86.246
-138.779
-191.743
-245.35
-299.3
-353.547
-407.987
-462.298
-516.057
-568.672
-619.353
-667.155
-710.957
-749.543
-781.737
-806.613
-823.321
-831.478
-830.451
-819.459
-797.848
-765.193
-721.285
-666.065
-599.598
-522.008
-433.575
-334.492
-226.314
-110.632
-1.65759
287.352
311.08
335.053
357.285
375.363
389.224
397.894
400.82
398.752
392.6
383.284
371.867
358.933
344.803
329.731
313.67
296.505
278.102
258.251
236.753
213.457
188.274
161.186
132.526
103.303
74.7867
48.0093
23.9124
3.48957
-12.261
-22.4198
-26.0898
-22.4244
-10.7869
9.35343
38.5055
76.3649
122.077
166.827
240.984
212.308
177.795
138.84
98.7416
54.6732
8.26917
-39.0232
-87.7105
-136.998
-186.574
-236.644
-286.938
-337.436
-388.059
-438.536
-488.513
-537.478
-584.732
-629.442
-670.596
-707.087
-737.816
-761.924
-778.635
-787.559
-788.063
-779.316
-760.577
-731.314
-691.211
-640.102
-577.98
-504.936
-421.247
-327.267
-224.619
-115.42
-12.6996
266.389
289.121
312.155
333.596
351.13
364.71
373.404
376.659
375.174
369.829
361.501
351.208
339.518
326.751
313.156
298.699
283.278
266.765
248.956
229.646
208.666
185.892
161.256
135.012
108.07
81.599
56.5516
33.802
14.2927
-1.00986
-11.1894
-15.3602
-12.649
-2.40805
15.8773
42.6239
77.4372
119.144
159.653
222.584
195.203
162.296
125.224
87.1624
45.405
1.52959
-43.0736
-88.8923
-135.163
-181.597
-228.391
-275.305
-322.328
-369.414
-416.329
-462.773
-508.304
-552.308
-594.049
-632.608
-666.983
-696.16
-719.325
-735.806
-745.219
-746.938
-740.111
-723.933
-697.792
-661.275
-614.126
-556.254
-487.718
-408.799
-319.951
-222.857
-120.016
-23.3376
246.885
268.668
290.803
311.48
328.477
341.768
350.457
353.99
353.022
348.404
340.971
331.694
321.131
309.594
297.333
284.325
270.478
255.674
239.718
222.403
203.552
183.015
160.683
136.744
112.006
87.5464
64.2351
42.8785
24.3592
9.60274
-0.489826
-5.05342
-3.20382
5.71222
22.1907
46.571
78.3908
116.249
152.762
205.493
179.343
147.958
112.67
76.5271
36.9444
-4.55643
-46.6464
-89.7861
-133.249
-176.762
-220.521
-264.298
-308.105
-351.906
-395.508
-438.656
-480.966
-521.897
-560.796
-596.837
-629.105
-656.675
-678.775
-694.836
-704.493
-707.144
-701.938
-688.029
-664.743
-631.585
-588.222
-534.495
-470.409
-396.246
-312.54
-220.997
-124.36
-33.5151
228.742
249.619
270.892
290.829
307.3
320.296
328.954
332.723
332.216
328.255
321.634
313.282
303.741
293.321
282.266
270.565
258.138
244.878
230.6
215.102
198.2
179.731
159.553
137.792
115.171
92.6701
71.0822
51.1427
33.6723
19.5457
9.6377
4.78269
5.86454
13.5331
28.2662
50.3348
79.2328
113.417
146.177
189.621
164.644
134.704
101.108
66.7775
29.2435
-10.0241
-49.7567
-90.3919
-131.237
-172.029
-212.966
-253.835
-294.653
-335.408
-375.931
-416.006
-455.298
-493.331
-529.521
-563.131
-593.328
-619.261
-640.217
-655.71
-665.406
-668.745
-664.883
-652.967
-632.276
-602.25
-562.49
-512.77
-453.061
-383.615
-305.03
-218.993
-128.404
-43.1756
211.868
231.878
252.321
271.543
287.5
300.195
308.802
312.771
312.677
309.311
303.432
295.922
287.312
277.907
267.944
257.425
246.282
234.416
221.656
207.808
192.687
176.12
157.941
138.231
117.625
97.0154
77.1211
58.6052
42.2233
28.7943
19.1563
14.1065
14.5129
21.0172
34.075
53.9046
79.9739
110.667
139.918
174.887
151.027
122.463
90.4721
57.8568
22.259
-14.9064
-52.4241
-90.7127
-129.109
-167.367
-205.677
-243.842
-281.887
-319.811
-357.47
-394.681
-431.148
-466.456
-500.079
-531.358
-559.531
-583.829
-603.582
-618.394
-627.967
-631.78
-629.021
-618.839
-600.488
-573.366
-537.017
-491.16
-435.721
-370.934
-297.415
-216.823
-132.098
-52.2682
196.176
215.355
235.001
253.533
268.986
281.378
289.918
294.055
294.332
291.508
286.306
279.568
271.807
263.326
254.355
244.907
234.923
224.317
212.929
200.576
187.076
172.252
155.923
138.128
119.429
100.633
82.3857
65.2817
50.0107
37.3314
28.0365
22.8802
22.7018
28.128
39.5927
57.2698
80.6193
108.015
133.997
161.215
138.42
111.167
80.7022
49.7113
15.9436
-19.2386
-54.6735
-90.7599
-126.866
-162.756
-198.618
-234.267
-269.732
-305.025
-340.02
-374.563
-408.391
-441.135
-472.331
-501.383
-527.6
-550.28
-568.807
-582.855
-592.169
-596.279
-594.408
-585.725
-569.476
-545.03
-511.892
-469.735
-418.446
-358.225
-289.695
-214.453
-135.403
-60.7523
181.588
199.971
218.849
236.714
251.675
263.763
272.221
276.502
277.112
274.783
270.201
264.17
257.189
249.55
241.481
233.003
224.068
214.599
204.451
193.45
181.423
168.19
153.564
137.55
120.644
103.573
86.9122
71.1941
57.0404
45.147
36.2546
31.0719
30.3968
34.8338
44.7956
60.4206
81.1757
105.473
128.425
148.533
126.755
100.752
71.7398
42.2894
10.2547
-23.0543
-56.5286
-90.547
-124.505
-158.183
-191.758
-225.063
-258.127
-290.972
-323.49
-355.544
-386.907
-417.249
-446.156
-473.091
-497.427
-518.523
-535.817
-549.048
-558.001
-562.258
-561.089
-553.69
-539.318
-517.33
-487.202
-448.569
-401.286
-345.517
-281.871
-211.855
-138.28
-68.5927
168.029
185.651
203.788
221.007
235.488
247.274
255.639
260.04
260.949
259.073
255.063
249.683
243.415
236.546
229.3
221.702
213.716
205.275
196.244
186.465
175.772
163.989
150.925
136.56
121.328
105.885
90.7416
76.3686
63.3232
52.2373
43.7955
38.6566
37.5677
41.1069
49.6627
63.3476
81.6483
103.052
123.204
136.775
115.968
91.1592
63.5304
35.5429
5.15103
-26.3867
-58.0107
-90.0832
-122.025
-153.633
-185.073
-216.191
-247.021
-277.587
-307.797
-337.532
-366.595
-394.689
-421.442
-446.371
-468.909
-488.471
-504.547
-516.927
-525.443
-529.725
-529.095
-522.792
-510.088
-490.344
-463.021
-427.731
-384.294
-332.84
-273.94
-209.01
-140.697
-75.7575
155.432
172.321
189.747
206.341
220.353
231.838
240.101
244.601
245.783
244.322
240.838
236.056
230.445
224.282
217.785
210.987
203.86
196.346
188.325
179.648
170.161
159.694
148.056
135.21
121.536
107.619
93.9153
80.8358
68.8766
58.6066
50.6499
45.6149
44.1899
46.9226
54.1758
66.0426
82.0386
100.755
118.334
125.879
106.002
82.3326
56.0226
29.4261
0.591863
-29.2685
-59.1469
-89.3848
-119.434
-149.1
-178.544
-207.62
-236.367
-264.812
-292.873
-320.45
-347.367
-373.356
-398.088
-421.124
-441.949
-460.035
-474.918
-486.436
-494.463
-498.675
-498.45
-493.071
-481.845
-464.142
-439.423
-407.283
-367.518
-320.219
-265.913
-205.895
-142.63
-82.2274
143.732
159.919
176.658
192.648
206.204
217.391
225.542
230.125
231.552
230.472
227.474
223.245
218.237
212.723
206.91
200.839
194.49
187.813
180.701
173.018
164.62
155.345
145.005
133.552
121.317
108.825
96.4762
84.6299
73.7238
64.2647
56.8159
51.9347
50.246
52.2623
58.3199
68.4971
82.3482
98.5836
113.808
115.787
96.7992
74.2202
49.1679
23.8944
-3.46025
-31.7325
-59.9603
-88.4706
-116.738
-144.583
-172.158
-199.328
-226.131
-252.598
-278.659
-304.224
-329.139
-353.165
-376.002
-397.257
-416.46
-433.136
-446.866
-457.521
-465.026
-469.096
-469.163
-464.56
-454.636
-438.784
-416.471
-387.286
-351.007
-307.686
-257.795
-202.504
-144.064
-87.987
132.869
148.381
164.46
179.864
192.976
203.868
211.902
216.553
218.201
217.471
214.922
211.203
206.752
201.833
196.646
191.236
185.591
179.671
173.377
166.589
159.171
150.972
141.812
131.632
120.721
109.55
98.4672
87.7869
77.8907
69.2271
62.2994
57.6112
55.7244
57.1117
62.083
70.7059
82.5759
96.5363
109.615
106.446
88.3097
66.7728
42.9211
18.907
-7.04171
-33.8072
-60.4748
-87.3557
-113.947
-140.081
-165.906
-191.292
-216.282
-240.906
-265.102
-288.794
-311.844
-334.036
-355.102
-374.685
-392.359
-407.695
-420.317
-430.126
-437.091
-440.964
-441.231
-437.279
-428.5
-414.32
-394.221
-367.795
-334.805
-295.27
-249.597
-198.83
-144.985
-93.0303
122.788
137.652
153.093
167.933
180.611
191.212
199.123
203.826
205.675
205.268
203.134
199.887
195.95
191.575
186.961
182.153
177.147
171.908
166.352
160.367
153.831
146.602
138.51
129.489
119.792
109.837
99.931
90.344
81.4077
73.5151
67.1109
62.6461
60.6201
61.4629
65.4569
72.6626
82.7203
94.6067
105.741
97.805
80.4846
59.9446
37.239
14.4245
-10.1879
-35.5246
-60.716
-86.0572
-111.07
-135.597
-159.78
-183.498
-206.793
-229.698
-252.159
-274.106
-295.418
-315.902
-335.315
-353.332
-369.567
-383.637
-395.205
-404.195
-410.614
-414.252
-414.645
-411.235
-403.463
-390.788
-372.719
-348.855
-318.953
-282.997
-241.333
-194.871
-145.392
-97.3573
113.438
127.678
142.505
156.797
169.055
179.368
187.151
191.894
193.924
193.813
192.063
189.253
185.789
181.917
177.825
173.565
169.137
164.514
159.621
154.358
148.614
142.257
135.128
127.158
118.567
109.728
100.909
92.3402
84.3079
77.154
71.2675
67.048
64.9341
65.3122
68.4369
74.3634
82.7769
92.7867
102.166
89.8165
73.2786
53.6923
32.0819
10.4102
-12.931
-36.9122
-60.7054
-84.5913
-108.117
-131.133
-153.777
-175.933
-197.645
-218.947
-239.789
-260.113
-279.808
-298.7
-316.57
-333.126
-348.016
-360.894
-371.463
-379.666
-385.548
-388.926
-389.388
-386.429
-379.539
-368.217
-352.001
-330.507
-303.487
-270.897
-233.02
-190.634
-145.287
-100.975
104.768
118.41
132.643
146.406
158.254
168.284
175.936
180.707
182.9
183.061
181.666
179.26
176.232
172.821
169.208
165.446
161.541
157.473
153.176
148.56
143.526
137.952
131.689
124.669
117.084
109.264
101.442
93.8142
86.6264
80.173
74.7912
70.831
68.6736
68.6615
71.0219
75.8055
82.7412
91.0644
98.8688
82.4368
66.6482
47.9754
27.4116
6.82865
-15.3021
-37.9963
-60.465
-82.9769
-105.1
-126.696
-147.894
-168.588
-188.821
-208.627
-227.961
-246.773
-264.963
-282.375
-298.809
-314.003
-327.635
-339.398
-349.026
-356.485
-361.843
-364.949
-365.435
-362.851
-356.734
-346.625
-332.098
-312.785
-288.44
-258.998
-224.676
-186.13
-144.682
-103.897
96.7341
109.799
123.461
136.712
148.161
157.911
165.429
170.218
172.557
172.968
171.9
169.866
167.241
164.254
161.078
157.769
154.338
150.77
147.007
142.971
138.572
133.699
128.214
122.05
115.375
108.48
101.567
94.8047
88.3997
82.6044
77.7084
74.0146
71.8513
71.5178
73.2143
76.9875
82.6077
89.427
95.827
75.6243
60.5542
42.7557
23.1924
3.64785
-17.3315
-38.8026
-60.0168
-81.2289
-102.03
-122.288
-142.129
-161.454
-180.305
-198.715
-216.645
-234.05
-250.841
-266.877
-281.977
-295.902
-308.365
-319.087
-327.835
-334.593
-339.447
-342.277
-342.757
-340.485
-335.046
-326.024
-313.027
-295.713
-273.84
-247.323
-216.323
-181.376
-143.593
-106.144
89.2931
101.805
114.915
127.669
138.73
148.206
155.586
160.383
162.852
163.491
162.724
161.035
158.781
156.182
153.405
150.509
147.506
144.387
141.104
137.586
133.754
129.506
124.718
119.324
113.468
107.41
101.323
95.35
89.6653
84.4828
80.0491
76.6234
74.485
73.8926
75.0201
77.9102
82.3708
87.8599
93.0147
69.34
54.9589
37.9978
19.3906
0.835917
-19.047
-39.356
-59.3817
-79.3643
-98.9172
-117.918
-136.486
-154.527
-172.085
-189.192
-205.813
-221.91
-237.401
-252.16
-266.021
-278.771
-290.147
-299.902
-307.831
-313.932
-318.311
-320.868
-321.317
-319.306
-314.461
-306.411
-294.799
-279.31
-259.71
-235.898
-207.983
-176.393
-142.043
-107.74
82.4054
94.3835
106.963
119.236
129.92
139.125
146.364
151.159
153.744
154.591
154.101
152.729
150.816
148.573
146.161
143.638
141.022
138.308
135.453
132.398
129.071
125.381
121.215
116.509
111.39
106.084
100.744
95.4872
90.4609
85.8447
81.8464
78.6854
76.5971
75.8017
76.4484
78.5757
82.0247
86.3471
90.406
63.5473
49.8272
33.668
15.9748
-1.63549
-20.4749
-39.6796
-58.5784
-77.3992
-95.7744
-113.591
-130.962
-147.802
-164.151
-180.042
-195.445
-210.325
-224.609
-238.182
-250.896
-262.556
-272.926
-281.786
-288.955
-294.448
-298.38
-300.673
-301.077
-299.283
-294.96
-287.779
-277.418
-263.588
-246.067
-224.744
-199.681
-171.207
-140.059
-108.718
76.033
87.4981
99.5641
111.373
121.688
130.627
137.723
142.508
145.193
146.23
145.995
144.914
143.313
141.396
139.316
137.132
134.865
132.513
130.042
127.399
124.52
121.327
117.714
113.623
109.162
104.532
99.863
95.2528
90.8244
86.7274
83.1354
80.2322
78.2135
77.2647
77.5115
78.9881
81.5642
84.8729
87.9746
58.2123
45.1257
29.7352
12.9152
-3.79368
-21.6397
-39.796
-57.6265
-75.3473
-92.6113
-109.313
-125.561
-141.274
-156.493
-171.25
-185.519
-199.268
-212.432
-224.907
-236.559
-247.211
-256.652
-264.685
-271.155
-276.085
-279.6
-281.643
-281.994
-280.382
-276.52
-270.115
-260.88
-248.553
-232.927
-213.881
-191.44
-165.843
-137.673
-109.111
70.1408
81.1124
92.6831
104.041
113.999
122.675
129.627
134.392
137.164
138.372
138.37
137.555
136.241
134.622
132.843
130.965
129.012
126.985
124.856
122.58
120.1
117.346
114.225
110.68
106.807
102.78
98.7112
94.6816
90.793
87.1689
83.953
81.2974
79.3632
78.304
78.2243
79.1533
80.9849
83.4215
85.6943
53.3025
40.824
26.1693
10.1845
-5.66526
-22.565
-39.7246
-56.5421
-73.2231
-89.4388
-105.091
-120.283
-134.942
-149.104
-162.804
-176.016
-188.715
-200.841
-212.3
-222.97
-232.692
-241.277
-248.549
-254.376
-258.79
-261.921
-263.728
-264.023
-262.567
-259.11
-253.397
-245.174
-234.205
-220.297
-203.326
-183.283
-160.334
-134.922
-108.959
64.6959
75.1923
86.2852
97.2067
106.815
115.234
122.038
126.777
129.623
130.984
131.193
130.622
129.569
128.221
126.716
125.115
123.444
121.708
119.883
117.931
115.804
113.44
110.753
107.694
104.343
100.852
97.3178
93.8071
90.403
87.207
84.3366
81.9164
80.0774
78.9448
78.604
79.079
80.2837
81.978
83.5399
48.788
36.8927
22.9428
7.75653
-7.27395
-23.2723
-39.4853
-55.3427
-71.04
-86.2663
-100.93
-115.132
-128.802
-141.978
-154.691
-166.921
-178.645
-189.808
-200.327
-210.091
-218.957
-226.755
-233.329
-238.567
-242.509
-245.289
-246.878
-247.115
-245.794
-242.696
-237.601
-230.285
-220.537
-208.182
-193.093
-175.235
-154.71
-131.842
-108.303
59.6674
69.7062
80.3378
90.8366
100.106
108.27
114.925
119.629
122.536
124.034
124.434
124.085
123.27
122.168
120.91
119.559
118.141
116.663
115.108
113.444
111.629
109.608
107.305
104.675
101.786
98.7706
95.7108
92.6614
89.6901
86.8792
84.3241
82.1256
80.3886
79.2139
78.6697
78.7746
79.4585
80.5287
81.4876
44.6406
33.3048
20.03
5.6069
-8.64198
-23.7823
-39.0957
-54.0431
-68.8103
-83.1029
-96.8374
-110.108
-122.852
-135.106
-146.901
-158.217
-169.036
-179.309
-188.959
-197.888
-205.966
-213.042
-218.978
-223.679
-227.193
-229.653
-231.043
-231.224
-230.019
-227.239
-222.695
-216.191
-207.541
-196.583
-183.195
-167.318
-149.003
-128.473
-107.186
55.0259
64.6243
74.8106
84.9
93.8377
101.752
108.256
112.917
115.873
117.492
118.065
117.917
117.317
116.438
115.403
114.276
113.083
111.836
110.52
109.11
107.57
105.85
103.886
101.633
99.1522
96.5564
93.9157
91.2747
88.688
86.2219
83.9529
81.9614
80.3305
79.1395
78.4419
78.2511
78.5091
79.0613
79.515
40.8337
30.0346
17.4063
3.71273
-9.79061
-24.1146
-38.5732
-52.6583
-66.5454
-79.9574
-92.8171
-105.215
-117.092
-128.485
-139.423
-149.89
-159.87
-169.319
-178.168
-186.329
-193.684
-200.098
-205.452
-209.664
-212.79
-214.961
-216.17
-216.3
-215.196
-212.701
-208.648
-202.87
-195.201
-185.498
-173.639
-159.552
-143.244
-124.855
-105.654
50.7444
59.9189
69.6753
79.3677
87.9825
95.6499
102.001
106.612
109.606
111.331
112.058
112.091
111.686
111.007
110.172
109.245
108.254
107.211
106.107
104.92
103.62
102.166
100.498
98.578
96.4553
94.2286
91.9567
89.6758
87.4294
85.2705
83.2596
81.4602
79.9367
78.7507
77.9426
77.5207
77.4365
77.5653
77.602
37.3428
27.0584
15.0492
2.05275
-10.7397
-24.2865
-37.9337
-51.2016
-64.2566
-76.8377
-88.8745
-100.452
-111.518
-122.107
-132.247
-141.926
-151.128
-159.816
-167.927
-175.381
-182.073
-187.883
-192.707
-196.478
-199.253
-201.163
-202.211
-202.293
-201.281
-199.038
-195.424
-190.293
-183.502
-174.92
-164.432
-151.956
-137.464
-121.028
-103.75
46.7974
55.5636
64.9047
74.2122
82.5127
89.9367
96.1333
100.688
103.708
105.523
106.387
106.582
106.352
105.853
105.198
104.45
103.637
102.775
101.857
100.866
99.777
98.5538
97.1454
95.5166
93.7082
91.8049
89.8565
87.8917
85.9453
84.0589
82.2798
80.6573
79.2407
78.0765
77.194
76.5969
76.2434
76.0324
75.7306
34.1445
24.3536
12.9374
0.60721
-11.5076
-24.3146
-37.1914
-49.6849
-61.9535
-73.7513
-85.0137
-95.8229
-106.129
-115.967
-125.365
-134.312
-142.794
-150.779
-158.21
-165.015
-171.101
-176.36
-180.702
-184.073
-186.534
-188.212
-189.114
-189.155
-188.225
-186.208
-182.985
-178.43
-172.421
-164.84
-155.578
-144.547
-131.691
-117.03
-101.52
43.1606
51.5339
60.474
69.4086
77.4021
84.5864
90.6267
95.1177
98.153
100.045
101.03
101.369
101.294
100.956
100.462
99.8716
99.2171
98.5136
97.759
96.9397
96.0347
95.0134
93.8312
92.4565
90.9226
89.3018
87.636
85.9479
84.2648
82.6191
81.0473
79.5871
78.2752
77.1458
76.2189
75.4941
74.9342
74.4561
73.8853
31.217
21.8996
11.0512
-0.642753
-12.1114
-24.2145
-36.3595
-48.1196
-59.6451
-70.7047
-81.239
-91.3265
-100.922
-110.06
-118.768
-127.034
-134.851
-142.187
-148.992
-155.202
-160.734
-165.492
-169.398
-172.409
-174.588
-176.058
-176.833
-176.838
-175.983
-174.168
-171.293
-167.252
-161.939
-155.248
-147.078
-137.338
-125.953
-112.9
-99.0079
39.8119
47.8069
56.3599
64.9324
72.6267
79.5746
85.4568
89.8781
92.9187
94.8739
95.9631
96.4294
96.4936
96.2983
95.9457
95.4956
94.9804
94.4165
93.8045
93.1345
92.3896
91.5435
90.5579
89.4042
88.1095
86.7347
85.3148
83.868
82.4153
80.9815
79.5944
78.2823
77.0717
75.9868
75.04
74.2271
73.5144
72.832
72.0531
28.5401
19.6766
9.37187
-1.7142
-12.5671
-24.0005
-35.4508
-46.5165
-57.3398
-67.7034
-77.5533
-86.9645
-95.8961
-104.381
-112.445
-120.082
-127.283
-134.021
-140.251
-145.916
-150.942
-155.244
-158.755
-161.443
-163.371
-164.657
-165.319
-165.295
-164.507
-162.874
-160.31
-156.726
-152.03
-146.129
-138.93
-130.34
-120.273
-108.673
-96.257
36.7304
44.3609
52.54
60.7615
68.1638
74.8785
80.6011
84.9467
87.9828
89.9882
91.1671
91.7447
91.9307
91.8616
91.6341
91.3074
90.9142
90.4723
89.9844
89.4441
88.8378
88.1435
87.3283
86.3661
85.2787
84.1173
82.911
81.6739
80.4221
79.1743
77.9514
76.7737
75.6602
74.6267
73.6796
72.8114
71.9908
71.1577
70.2233
26.0948
17.6666
7.88203
-2.62334
-12.8893
-23.6857
-34.4768
-44.8849
-55.0447
-64.7524
-73.9591
-82.7361
-91.0469
-98.9225
-106.39
-113.442
-120.074
-126.26
-131.963
-137.129
-141.693
-145.582
-148.738
-151.136
-152.84
-153.964
-154.527
-154.479
-153.754
-152.284
-149.997
-146.819
-142.67
-137.47
-131.131
-123.565
-114.674
-104.381
-93.3072
33.8961
41.1758
48.9939
56.8748
63.9921
70.4768
76.0386
80.3023
83.3247
85.3682
86.6226
87.2965
87.5892
87.6304
87.5125
87.2938
87.0072
86.6712
86.2912
85.8629
85.3761
84.8126
84.1442
83.3478
82.4398
81.463
80.4413
79.3859
78.3088
77.2239
76.1463
75.0905
74.0691
73.0916
72.1595
71.2627
70.3714
69.4325
68.3876
23.8632
15.8524
6.56588
-3.38505
-13.0918
-23.2826
-33.4481
-43.2335
-52.7668
-61.8566
-70.4587
-78.6415
-86.3717
-93.6798
-100.592
-107.103
-113.209
-118.888
-124.106
-128.816
-132.961
-136.475
-139.31
-141.449
-142.954
-143.935
-144.413
-144.346
-143.679
-142.355
-140.316
-137.498
-133.834
-129.253
-123.677
-117.017
-109.175
-100.055
-90.197
31.2909
38.2328
45.7021
53.2527
60.0918
66.3493
71.749
75.9257
78.9254
80.9955
82.3121
83.0683
83.453
83.5904
83.5679
83.443
83.2488
83.0046
82.7173
82.3856
82.0015
81.5504
81.0084
80.3545
79.6012
78.7834
77.9211
77.0226
76.0971
75.1544
74.2052
73.2595
72.3249
71.4059
70.5005
69.5965
68.6647
67.6576
66.5403
21.8289
14.2182
5.40827
-4.01334
-13.1873
-22.8019
-32.3742
-41.5702
-50.5119
-59.0194
-67.0536
-74.6795
-81.8673
-88.6467
-95.043
-101.053
-106.673
-111.885
-116.659
-120.952
-124.716
-127.891
-130.438
-132.344
-133.674
-134.53
-134.933
-134.852
-134.239
-133.048
-131.229
-128.731
-125.496
-121.462
-116.559
-110.702
-103.792
-95.7221
-86.9622
28.8977
35.5142
42.6468
49.8767
56.444
62.4776
67.7138
71.7985
74.7672
76.8531
78.2194
79.0446
79.5082
79.7283
79.7882
79.7443
79.6299
79.4644
79.2569
79.0077
78.7116
78.3566
77.9226
77.3911
76.7706
76.0896
75.3642
74.6011
73.8066
72.9879
72.1521
71.3055
70.4521
69.5928
68.7226
67.8279
66.8801
65.8354
64.6772
19.9764
12.7493
4.3953
-4.52105
-13.1875
-22.2544
-31.2636
-39.9019
-48.2848
-56.2441
-63.7449
-70.8491
-77.53
-83.8168
-89.734
-95.2795
-100.452
-105.235
-109.601
-113.515
-116.931
-119.8
-122.088
-123.788
-124.962
-125.708
-126.049
-125.957
-125.394
-124.322
-122.701
-120.486
-117.63
-114.079
-109.769
-104.623
-98.5384
-91.4068
-83.6352
26.7004
33.0036
39.8109
46.7297
53.0317
58.8442
63.916
67.9038
70.8335
72.9249
74.3292
75.2113
75.7413
76.032
76.1624
76.188
76.1417
76.0437
75.9042
75.7252
75.5039
75.2307
74.8889
74.462
73.9552
73.3912
72.7835
72.1367
71.4554
70.7445
70.0086
69.251
68.4733
67.6735
66.8445
65.9717
65.0271
63.9695
62.7964
18.2912
11.4318
3.51402
-4.9199
-13.1029
-21.6494
-30.1246
-38.235
-46.0903
-53.5333
-60.5329
-67.1484
-73.3559
-79.1839
-84.6563
-89.7721
-94.5308
-98.919
-102.912
-106.48
-109.581
-112.174
-114.229
-115.745
-116.782
-117.433
-117.72
-117.621
-117.105
-116.141
-114.695
-112.732
-110.211
-107.086
-103.299
-98.7785
-93.4259
-87.1298
-80.2456
24.684
30.6855
37.1788
43.7956
49.8383
55.4327
60.3392
64.2257
67.1088
69.1961
70.6278
71.5555
72.1406
72.4906
72.6808
72.7652
72.7768
72.736
72.654
72.5347
72.3766
72.1727
71.9091
71.5712
71.1613
70.6974
70.1902
69.6432
69.0596
68.4424
67.7943
67.1167
66.409
65.6675
64.8837
64.0421
63.1155
62.0645
60.8975
16.7601
10.253
2.75243
-5.2211
-12.9438
-20.9954
-28.9641
-36.5751
-43.9323
-50.8891
-57.4177
-63.5753
-69.3406
-74.7413
-79.8006
-84.5187
-88.8961
-92.9213
-96.5733
-99.8247
-102.641
-104.984
-106.831
-108.183
-109.1
-109.667
-109.909
-109.806
-109.334
-108.467
-107.179
-105.439
-103.214
-100.464
-97.1377
-93.1683
-88.4627
-82.9096
-76.82
22.8348
28.5458
34.7357
41.0593
46.8488
52.2281
56.9684
60.7493
63.5789
65.6533
67.1023
68.0651
68.6949
69.0939
69.334
69.468
69.5283
69.5356
69.502
69.4327
69.3279
69.1823
68.9849
68.7224
68.3949
68.0162
67.5947
67.1332
66.6337
66.0978
65.5269
64.9209
64.2779
63.5929
62.8564
62.0527
61.1551
60.1258
58.9813
15.3704
9.20099
2.09941
-5.43494
-12.7192
-20.3006
-27.7888
-34.9271
-41.8139
-48.3126
-54.3989
-60.1274
-65.4795
-70.4822
-75.1582
-79.5081
-83.5337
-87.2255
-90.5652
-93.5285
-96.0856
-98.2036
-99.8641
-101.072
-101.882
-102.377
-102.58
-102.477
-102.046
-101.267
-100.119
-98.5774
-96.6138
-94.1942
-91.2732
-87.7895
-83.655
-78.7616
-73.3816
21.1398
26.5711
32.4681
38.5072
44.0491
49.2161
53.7894
57.4611
60.2301
62.2834
63.7407
64.7294
65.3941
65.833
66.1142
66.2891
66.39
66.4372
66.444
66.4165
66.3562
66.2595
66.1176
65.9188
65.6611
65.3546
65.0062
64.6178
64.1906
63.7253
63.2222
62.6803
62.0968
61.4658
60.7776
60.0161
59.1555
58.1592
57.0499
14.1107
8.26463
1.54464
-5.5708
-12.4377
-19.5721
-26.6045
-33.2954
-39.7378
-45.8049
-51.4757
-56.8021
-61.768
-66.4002
-70.7198
-74.729
-78.4301
-81.8154
-84.8691
-87.5702
-89.8924
-91.8077
-93.3016
-94.3801
-95.0981
-95.5313
-95.7021
-95.5998
-95.2074
-94.5084
-93.4858
-92.12
-90.3873
-88.2588
-85.6942
-82.6377
-79.007
-74.6982
-69.9508
19.587
24.749
30.3632
36.1261
41.4262
46.3836
50.7894
54.3481
57.05
59.0747
60.5324
61.5381
62.2293
62.6994
63.0137
63.222
63.3561
63.4363
63.4764
63.4835
63.46
63.404
63.3086
63.1633
62.9644
62.7191
62.4327
62.1067
61.7416
61.3376
60.8941
60.4096
59.8806
59.301
58.6607
57.944
57.1259
56.1708
55.1062
12.9702
7.43363
1.07836
-5.63755
-12.107
-18.8166
-25.4167
-31.6841
-37.7065
-43.3668
-48.6467
-53.596
-58.2011
-62.4877
-66.4764
-70.1699
-73.5717
-76.6753
-79.4672
-81.9294
-84.0389
-85.7715
-87.1162
-88.0809
-88.7177
-89.0973
-89.2417
-89.1425
-88.7861
-88.1596
-87.2495
-86.0399
-84.5114
-82.6393
-80.3881
-77.7075
-74.5207
-70.7296
-66.545
18.165
23.068
28.4094
33.9042
38.9679
43.7186
47.9562
51.3987
54.0265
56.0159
57.4669
58.4821
59.1916
59.6855
60.0257
60.2606
60.4215
60.5285
60.5958
60.6311
60.638
60.6157
60.5589
60.4582
60.3089
60.1153
59.8815
59.6087
59.297
58.946
58.5549
58.1217
57.6427
57.1114
56.5181
55.8474
55.0752
54.167
53.1534
11.939
6.69876
0.692001
-5.64297
-11.7343
-18.0402
-24.2301
-30.0966
-35.7218
-40.9985
-45.9104
-50.5054
-54.773
-58.7377
-62.4189
-65.8199
-68.9452
-71.7898
-74.3421
-76.5865
-78.5032
-80.0715
-81.283
-82.1469
-82.7126
-83.0465
-83.1693
-83.0748
-82.7523
-82.1917
-81.3824
-80.3118
-78.9639
-77.3179
-75.3425
-72.9925
-70.1969
-66.8637
-63.1793
16.8639
21.5174
26.5957
31.83
36.6628
41.2095
45.2785
48.6018
51.1487
53.097
54.5354
55.5528
56.2733
56.784
57.1439
57.3996
57.5815
57.7099
57.799
57.8573
57.8889
57.8941
57.8693
57.8059
57.6979
57.5478
57.3586
57.1311
56.8653
56.5605
56.2155
55.8281
55.3948
54.9089
54.361
53.7364
53.0119
52.1541
51.1958
11.0083
6.05168
0.377644
-5.59401
-11.3253
-17.2476
-23.0482
-28.5353
-33.7847
-38.6997
-43.2651
-47.5273
-51.4793
-55.1437
-58.5384
-61.6679
-64.5376
-67.144
-69.4768
-71.5227
-73.2646
-74.685
-75.7775
-76.5524
-77.0564
-77.3512
-77.4565
-77.3682
-77.0775
-76.577
-75.8584
-74.9116
-73.7238
-72.2773
-70.5447
-68.4854
-66.0344
-63.1061
-59.8657
15.6743
20.0877
24.9119
29.8931
34.5
38.8452
42.7446
45.9463
48.4059
50.3091
51.73
52.7427
53.4671
53.9884
54.3622
54.6334
54.8316
54.9767
55.0832
55.1598
55.2113
55.239
55.2402
55.2077
55.1343
55.0208
54.8692
54.6804
54.4541
54.1894
53.885
53.5388
53.147
52.7035
52.1992
51.62
50.9438
50.1383
49.2374
10.1688
5.48352
0.127066
-5.49818
-10.8869
-16.4442
-21.875
-27.0023
-31.8953
-36.4694
-40.7077
-44.6574
-48.3152
-51.6996
-54.8268
-57.7037
-60.337
-62.7238
-64.855
-66.7197
-68.3032
-69.5904
-70.5768
-71.2732
-71.7235
-71.985
-72.0769
-71.9958
-71.7354
-71.2897
-70.6528
-69.8168
-68.771
-67.5007
-65.9821
-64.1788
-62.0315
-59.461
-56.6142
14.5867
18.7694
23.3493
28.0843
32.4705
36.6162
40.3447
43.4218
45.7863
47.6435
49.0439
50.0449
50.7665
51.2927
51.6757
51.9578
52.1678
52.3256
52.4453
52.5363
52.6036
52.6493
52.6718
52.6645
52.62
52.5371
52.4175
52.2617
52.0695
51.8399
51.5715
51.2621
50.9084
50.5044
50.0416
49.5066
48.8782
48.1256
47.2831
9.41138
4.98443
-0.0694907
-5.36527
-10.4276
-15.6383
-20.7171
-25.5023
-30.0558
-34.3088
-38.2339
-41.8881
-45.2725
-48.3963
-51.2735
-53.9152
-56.3299
-58.5143
-60.4609
-62.1601
-63.5999
-64.7671
-65.6589
-66.286
-66.6899
-66.9234
-67.0049
-66.9321
-66.7003
-66.3051
-65.742
-65.005
-64.0856
-62.9713
-61.6415
-60.0639
-58.1844
-55.9303
-53.4326
13.592
17.554
21.8994
26.3964
30.5681
34.5174
38.0743
41.0222
43.2763
45.0878
46.4675
47.451
48.1636
48.6903
49.0787
49.3679
49.5862
49.753
49.8828
49.9847
50.0643
50.1242
50.1638
50.1773
50.1566
50.0994
50.0069
49.8794
49.7167
49.5177
49.2813
49.0052
48.6863
48.3191
47.8956
47.403
46.8216
46.1215
45.3374
8.73004
4.54895
-0.217357
-5.2004
-9.9531
-14.8356
-19.5799
-24.0405
-28.2714
-32.2226
-35.8423
-39.2128
-42.3429
-45.2238
-47.8663
-50.2887
-52.5012
-54.4995
-56.2766
-57.8253
-59.1349
-60.1946
-61.0026
-61.569
-61.9331
-62.1434
-62.2176
-62.1542
-61.9496
-61.6011
-61.1051
-60.4572
-59.6505
-58.6747
-57.512
-56.1335
-54.4903
-52.5159
-50.3273
12.6837
16.4339
20.5549
24.8212
28.785
32.5411
35.929
38.7454
40.8684
42.6334
43.9922
44.9522
45.6504
46.174
46.5644
46.8577
47.0812
47.2545
47.3916
47.5018
47.5908
47.662
47.7155
47.7461
47.7451
47.7098
47.6404
47.5373
47.4003
47.2285
47.0207
46.7747
46.4877
46.1547
45.7683
45.3164
44.7806
44.132
43.4055
8.12487
4.17963
-0.311162
-4.99634
-9.45519
-14.0265
-18.4555
-22.6112
-26.5393
-30.2027
-33.5344
-36.6453
-39.5399
-42.1884
-44.6063
-46.822
-48.8452
-50.6697
-52.2892
-53.6991
-54.8901
-55.8528
-56.5861
-57.0995
-57.4295
-57.621
-57.6905
-57.6374
-57.459
-57.1537
-56.7189
-56.1512
-55.4457
-54.5934
-53.5787
-52.3767
-50.9427
-49.2162
-47.3014
11.86
15.4057
19.3066
23.3455
27.1037
30.6651
33.8865
36.5722
38.568
40.2954
41.6251
42.5493
43.2266
43.7429
44.1312
44.4243
44.6498
44.8264
44.9683
45.0843
45.1805
45.2604
45.3251
45.3697
45.3852
45.3685
45.3189
45.2372
45.1228
44.9754
44.7933
44.5748
44.3175
44.0164
43.6649
43.2519
42.76
42.1613
41.4912
7.5915
3.87292
-0.351612
-4.75157
-8.9284
-13.2014
-17.3287
-21.198
-24.84
-28.2285
-31.2908
-34.1909
-36.8797
-39.2967
-41.492
-43.5121
-45.3587
-47.0195
-48.4911
-49.7718
-50.854
-51.7284
-52.394
-52.8607
-53.1618
-53.3385
-53.4063
-53.3648
-53.212
-52.9478
-52.5694
-52.0743
-51.4596
-50.7174
-49.8341
-48.7879
-47.539
-46.0324
-44.3611
11.1162
14.4632
18.1474
21.9586
25.5087
28.867
31.919
34.4596
36.3488
38.0845
39.3779
40.2431
40.8913
41.3989
41.7821
42.0713
42.2954
42.473
42.6172
42.7367
42.8375
42.9236
42.9966
43.0521
43.0813
43.0798
43.0472
42.984
42.8897
42.7638
42.605
42.4118
42.1819
41.9108
41.5924
41.2163
40.7663
40.2159
39.6002
7.1811
3.63918
-0.382487
-4.54784
-8.4824
-12.4815
-16.2965
-19.8421
-23.1117
-26.1668
-28.7516
-31.5522
-34.2146
-36.5134
-38.5895
-40.5245
-42.2992
-43.8901
-45.297
-46.5217
-47.5565
-48.3924
-49.028
-49.4735
-49.7613
-49.9312
-50.0004
-49.9678
-49.8344
-49.6013
-49.2555
-48.808
-48.2551
-47.5883
-46.7948
-45.8555
-44.7345
-43.3817
-41.8827
10.5421
13.7261
17.2332
20.8288
24.1588
27.2574
30.0239
32.2155
33.8455
35.8712
37.2687
38.1327
38.8009
39.3434
39.7527
40.0596
40.2982
40.4893
40.6457
40.7766
40.8887
40.9865
41.0722
41.1421
41.1869
41.201
41.1836
41.1357
41.0571
40.947
40.8046
40.6286
40.4168
40.1658
39.8696
39.5184
39.097
38.5796
38.0014
6.85726
3.45969
-0.392321
-4.35773
-8.07371
-11.8085
-15.3094
-18.5036
-21.3466
-24.0117
-25.9875
-28.8022
-31.5611
-33.8208
-35.8475
-37.769
-39.5404
-41.1238
-42.5217
-43.7386
-44.7668
-45.5965
-46.227
-46.669
-46.9556
-47.1269
-47.2021
-47.178
-47.0603
-46.8512
-46.5211
-46.1025
-45.5905
-44.9736
-44.2399
-43.373
-42.3403
-41.0937
-39.7123
10.0818
13.127
16.4703
19.8554
22.9501
25.7451
28.1511
29.8989
31.1861
33.6417
35.2494
36.163
36.8849
37.4906
37.9487
38.2898
38.5555
38.7696
38.9459
39.0944
39.2229
39.337
39.4397
39.5275
39.5903
39.6208
39.6185
39.5845
39.519
39.4215
39.2915
39.1276
38.9282
38.6903
38.4081
38.0724
37.6686
37.1706
36.6142
6.5445
3.29311
-0.386719
-4.14956
-7.64584
-11.1152
-14.3073
-17.156
-19.595
-21.8779
-23.2846
-26.075
-28.905
-31.1203
-33.0856
-34.9792
-36.7382
-38.3082
-39.6923
-40.8979
-41.9179
-42.7408
-43.3667
-43.8063
-44.0928
-44.2665
-44.3492
-44.3356
-44.2357
-44.0542
-43.7435
-43.3573
-42.8904
-42.3266
-41.6547
-40.8614
-39.9173
-38.7779
-37.5279
9.63028
12.5361
15.7143
18.8892
21.753
24.2463
26.3066
27.6346
28.5854
31.3826
33.2002
34.165
34.927
35.5872
36.0917
36.4655
36.7563
36.9917
37.1869
37.3524
37.4966
37.6264
37.7456
37.851
37.9314
37.9782
37.991
37.971
37.9186
37.8337
37.716
37.5645
37.3784
37.1546
36.8881
36.57
36.1863
35.7115
35.1848
6.24413
3.1393
-0.367066
-3.92725
-7.20433
-10.4093
-13.3004
-15.8093
-17.8693
-19.763
-20.6622
-23.3833
-26.244
-28.4124
-30.3109
-32.1628
-33.8991
-35.4499
-36.8158
-38.0067
-39.0162
-39.8318
-40.4536
-40.8917
-41.1789
-41.3552
-41.445
-41.4399
-41.3555
-41.1973
-40.9015
-40.542
-40.1141
-39.5976
-38.9824
-38.2582
-37.3978
-36.3547
-35.1946
9.19022
11.9575
14.9706
17.9377
20.5762
22.7705
24.5026
25.4264
26.0613
29.0982
31.1148
32.1408
32.934
33.6383
34.1853
34.5909
34.9055
35.1605
35.3728
35.5539
35.7128
35.8573
35.9921
36.1145
36.2121
36.2752
36.3034
36.298
36.2597
36.1885
36.0837
35.945
35.7713
35.56
35.3066
35.0032
34.6359
34.1784
33.664
5.95886
2.99956
-0.333732
-3.69305
-6.75366
-9.69797
-12.2976
-14.4739
-16.1805
-17.6741
-18.133
-20.74
-23.5828
-25.6962
-27.524
-29.3225
-31.0247
-32.55
-33.8941
-35.0677
-36.0648
-36.8727
-37.4903
-37.9285
-38.2204
-38.4066
-38.513
-38.5288
-38.4741
-38.3543
-38.0915
-37.7751
-37.4002
-36.9427
-36.3925
-35.7417
-34.9689
-34.0399
-33.0536
8.76571
11.3963
14.2457
17.0089
19.4287
21.3257
22.7472
23.2681
23.6122
26.7935
28.9869
30.0853
30.9079
31.6474
32.2306
32.6652
33.0023
33.2768
33.5063
33.7028
33.8761
34.0345
34.184
34.3225
34.4366
34.5153
34.5579
34.5663
34.5419
34.485
34.3959
34.2747
34.1206
33.9315
33.7025
33.4253
33.0879
32.6686
32.2168
5.69072
2.87417
-0.289192
-3.45132
-6.30061
-8.99057
-11.3105
-13.1638
-14.5414
-15.6229
-15.7046
-18.1532
-20.9252
-22.9706
-24.7245
-26.4594
-28.1163
-29.609
-30.9273
-32.0819
-33.0672
-33.8696
-34.4843
-34.9196
-35.2063
-35.3874
-35.4904
-35.5033
-35.4503
-35.3373
-35.0772
-34.775
-34.4269
-34.0068
-33.5062
-32.9184
-32.217
-31.3484
-30.3374
8.36098
10.8584
13.5465
16.1123
18.319
19.9206
21.0475
21.1549
21.2267
24.4718
26.8128
27.9908
28.8465
29.6195
30.2363
30.6953
31.0492
31.3386
31.5838
31.7961
31.9848
32.1586
32.3242
32.4804
32.613
32.71
32.7694
32.7929
32.7814
32.7345
32.6523
32.5348
32.3818
32.1923
31.9638
31.6895
31.3553
30.9279
30.4222
5.44194
2.76113
-0.239561
-3.21215
-5.85651
-8.30038
-10.3515
-11.8913
-12.9604
-13.6187
-13.3817
-15.6278
-18.2763
-20.2361
-21.9097
-23.5713
-25.173
-26.626
-27.9137
-29.0447
-30.0155
-30.815
-31.4407
-31.9021
-32.2282
-32.4568
-32.6151
-32.6894
-32.7072
-32.6734
-32.4855
-32.2588
-31.989
-31.646
-31.2209
-30.7124
-30.1147
-29.4228
-28.7883
7.98247
10.3532
12.8846
15.2603
17.2542
18.5557
19.3964
19.0677
18.8765
22.1308
24.5949
25.8503
26.7358
27.5411
28.1993
28.693
29.0674
29.3663
29.6168
29.8349
30.0317
30.216
30.3949
30.5663
30.7158
30.8314
30.9124
30.9618
30.9812
30.9712
30.9324
30.8644
30.7658
30.6335
30.463
30.247
29.9792
29.6546
29.3552
5.2148
2.65799
-0.193107
-2.98882
-5.43795
-7.64553
-9.43398
-10.6637
-11.4392
-11.6678
-11.1636
-13.1655
-15.6399
-17.4929
-19.0748
-20.6505
-22.1863
-23.5959
-24.8549
-25.9645
-26.9157
-27.6912
-28.281
-28.6865
-28.9435
-29.1049
-29.1997
-29.213
-29.1733
-29.0837
-28.849
-28.5955
-28.3195
-27.9916
-27.6025
-27.1446
-26.5787
-25.8153
-24.7728
7.63672
9.89058
12.2737
14.4691
16.2437
17.2344
17.7888
16.9857
16.5152
19.7486
22.3364
23.6812
24.5893
25.3986
26.0747
26.6051
27.0259
27.3673
27.6485
27.8847
28.0912
28.2819
28.4674
28.647
28.8036
28.9203
28.994
29.0265
29.0191
28.9725
28.8886
28.7697
28.6185
28.4367
28.223
27.9689
27.6498
27.205
26.5906
5.01175
2.5683
-0.146805
-2.78251
-5.05273
-7.0428
-8.57927
-9.50927
-10.009
-9.79926
-9.05079
-10.7643
-13.0181
-14.7415
-16.2185
-17.6912
-19.1392
-20.4875
-21.7152
-22.8252
-23.8119
-24.6636
-25.3795
-25.9657
-26.4259
-26.7777
-27.0559
-27.2509
-27.4055
-27.5201
-27.4587
-27.3571
-27.2169
-27.0049
-26.7162
-26.3629
-25.9783
-25.6281
-25.6014
7.32462
9.47125
11.7184
13.7507
15.3072
16.0029
16.2817
14.921
14.0981
17.2734
19.9882
21.4758
22.4763
23.3145
23.96
24.4316
24.8065
25.1405
25.4507
25.7367
25.9986
26.2417
26.476
26.7083
26.9332
27.1377
27.3161
27.4694
27.5969
27.6975
27.7686
27.8063
27.8065
27.7645
27.6776
27.548
27.3968
27.2729
27.3454
4.83504
2.49793
-0.091277
-2.58269
-4.69613
-6.50131
-7.8179
-8.4963
-8.75473
-8.06909
-7.04942
-8.43429
-10.4152
-11.973
-13.3339
-14.7037
-16.0535
-17.3048
-18.429
-19.4226
-20.2708
-20.9392
-21.3958
-21.6371
-21.7456
-21.8134
-21.8518
-21.8294
-21.7589
-21.6404
-21.4114
-21.1956
-20.9839
-20.7482
-20.4751
-20.1423
-19.6637
-18.8603
-17.4301
7.04567
9.09304
11.2179
13.1095
14.4677
14.9385
14.9587
12.8805
11.6102
14.6893
17.4401
19.0249
20.1961
21.2606
22.1097
22.6791
23.0167
23.2107
23.34
23.4547
23.5801
23.7276
23.8975
24.0653
24.1862
24.2476
24.2615
24.2338
24.1688
24.0717
23.9487
23.8078
23.6564
23.4986
23.3307
23.13
22.827
22.2697
21.2552
4.68695
2.42397
-0.0711733
-2.4441
-4.4221
-6.06108
-7.17105
-7.6345
-7.63858
-6.40857
-5.1269
-6.20517
-7.86845
-9.18122
-10.3654
-11.6225
-12.9382
-14.2446
-15.5099
-16.7299
-17.9033
-19.0359
-20.1282
-21.1478
-21.9807
-22.5895
-23.0806
-23.4848
-23.8962
-24.3014
-24.4457
-24.4818
-24.4841
-24.4309
-24.3094
-24.1518
-24.0769
-24.2925
-25.3468
6.82663
8.80049
10.8246
12.5818
13.7335
13.9925
13.607
10.6153
8.9938
12.1295
14.8619
16.3189
17.3085
18.2667
19.2424
20.2065
21.1179
21.9145
22.5582
23.0504
23.4186
23.7004
23.949
24.244
24.6411
25.0842
25.5009
25.8749
26.2053
26.4901
26.7215
26.8896
26.9876
27.0138
26.9796
26.9188
26.9319
27.2246
28.1888
4.57191
2.28432
-0.215748
-2.54237
-4.41368
-5.8579
-6.67185
-6.78784
-6.30474
-4.46218
-3.14005
-4.04123
-5.44542
-6.49798
-7.36465
-8.20597
-9.03664
-9.82798
-10.5576
-11.2003
-11.7034
-11.9841
-11.9815
-11.7311
-11.4912
-11.4026
-11.3805
-11.2971
-11.1045
-10.9854
-10.7669
-10.5671
-10.421
-10.2861
-10.1334
-9.92753
-9.49238
-8.52114
-6.31497
6.73145
8.70449
10.6775
12.2859
13.1391
12.963
11.6359
7.612
5.98426
9.52593
12.75
14.7018
15.7792
16.1876
16.0356
15.5662
15.0319
14.636
14.4484
14.4565
14.6154
14.8851
15.2005
15.4239
15.4275
15.3017
15.1731
15.0545
14.9384
14.8217
14.7166
14.6374
14.5935
14.5845
14.5917
14.5539
14.2979
13.4789
11.566
4.49991
2.09713
-0.50792
-2.87935
-4.70013
-5.95562
-6.42119
-6.04988
-4.83615
-2.37755
-1.05605
-1.70491
-2.89982
-4.0757
-5.28961
-6.57234
-7.93103
-9.36927
-10.9035
-12.5659
-14.4004
-16.4239
-18.5318
-20.4769
-21.842
-22.6405
-23.4084
-24.0162
-25.0366
-26.5187
-26.0169
-26.0245
-26.4264
-26.7066
-26.803
-26.8891
-27.2439
-28.2471
-30.6365
6.75942
8.80175
10.7869
12.2731
12.8043
12.0269
9.40195
4.46791
2.37706
5.48929
9.09513
12.7283
16.3139
19.7657
22.7108
24.9359
26.4782
27.389
27.819
27.9383
27.8921
27.7939
27.8073
28.2024
29.096
30.106
30.9217
31.5718
32.1224
32.5871
32.9455
33.1857
33.3135
33.3497
33.3433
33.3945
33.7561
34.8187
37.2219
706.914
688.625
666.161
640.798
612.427
581.426
548.568
514.831
481.098
447.929
415.58
384.146
353.672
324.202
295.777
268.44
242.222
217.141
193.206
170.417
148.761
128.224
108.782
90.4092
73.0769
56.7559
41.4173
27.0331
13.5812
1.03787
-10.6165
-21.3979
-31.3242
-40.4077
-48.6616
-56.1005
-62.7377
-68.5895
-73.6756
-78.019
-81.6454
-84.5837
-86.8651
-88.5223
-89.593
-90.1164
-90.1332
-89.6859
-88.8178
-87.5727
-85.994
-84.1236
-82.0028
-79.6703
-77.1629
-74.5147
-71.757
-68.9184
-66.0242
-63.0972
-60.1571
-57.221
-54.3037
-51.4172
-48.5727
-45.7764
-43.0394
-40.7145
-38.6417
-36.5805
-34.3014
-32.3431
-29.5419
-28.3927
-23.9215
-25.6856
-16.3176
-26.1027
-4.94423
-32.2386
705.841
682.993
656.835
629.976
602.453
574.696
547.179
520.165
493.785
468.123
443.239
419.196
396.047
373.839
352.607
332.377
313.165
294.978
277.812
261.652
246.478
232.26
218.966
206.555
194.988
184.222
174.215
164.923
156.306
148.324
140.94
134.118
127.822
122.019
116.678
111.766
107.252
103.104
99.2928
95.786
92.5538
89.5663
86.7942
84.2093
81.7844
79.4943
77.3152
75.2253
73.2052
71.2376
69.3078
67.4034
65.514
63.6318
61.7508
59.8669
57.9779
56.0828
54.1822
52.2775
50.3711
48.4657
46.5647
44.6714
42.7902
40.9242
39.0797
37.5141
36.1447
34.745
33.2282
31.849
29.9882
29.1243
26.0745
27.3919
20.459
28.8248
10.2913
38.2732
272.113
269.066
267.769
266.566
264.916
262.71
259.794
256.01
251.247
245.455
238.625
230.797
222.031
212.406
202.006
190.919
179.243
167.078
154.527
141.692
128.678
115.585
102.507
89.5337
76.7481
64.2239
52.0273
40.2149
28.8383
17.9384
7.55081
-2.29358
-11.572
-20.2632
-28.3498
-35.8202
-42.6664
-48.8858
-54.477
-59.4402
-63.7798
-67.5057
-70.6321
-73.1761
-75.1607
-76.6119
-77.5581
-78.0308
-78.0637
-77.6925
-76.9538
-75.8842
-74.5208
-72.8999
-71.0562
-69.0235
-66.8334
-64.5153
-62.0962
-59.6011
-57.0521
-54.4688
-51.869
-49.2672
-46.6773
-44.1088
-41.5728
-39.4078
-37.4635
-35.5377
-33.3663
-31.5426
-28.8216
-27.8017
-23.414
-25.2193
-16.1148
-25.5609
-5.33085
-31.4142
273.703
274.212
277.162
280.064
282.141
283.345
283.624
282.943
281.319
278.794
275.417
271.238
266.321
260.729
254.534
247.815
240.649
233.121
225.317
217.321
209.214
201.074
192.971
184.973
177.135
169.506
162.125
155.025
148.228
141.751
135.603
129.788
124.305
119.15
114.315
109.789
105.56
101.614
97.9355
94.5061
91.3083
88.3231
85.531
82.9119
80.4459
78.1135
75.8956
73.7739
71.7313
69.7521
67.8224
65.9295
64.063
62.2138
60.3749
58.541
56.7082
54.8744
53.0385
51.2005
49.3617
47.5237
45.6891
43.8607
42.0425
40.237
38.4503
36.9327
35.6035
34.2471
32.7681
31.4334
29.6103
28.7769
25.8041
27.0653
20.3687
28.3894
10.6257
37.3108
126.83
125.312
123.963
122.465
120.889
119.323
117.777
116.245
114.716
113.168
111.556
109.828
107.923
105.779
103.339
100.548
97.3629
93.7498
89.6829
85.1494
80.1492
74.6937
68.805
62.5183
55.8769
48.9334
41.747
34.3809
26.903
19.3808
11.8815
4.47128
-2.78948
-9.8433
-16.6381
-23.1277
-29.2696
-35.0257
-40.3644
-45.2606
-49.6955
-53.6563
-57.1353
-60.1295
-62.6427
-64.6834
-66.2638
-67.4012
-68.1161
-68.4327
-68.3774
-67.9783
-67.2656
-66.2696
-65.0209
-63.5501
-61.8866
-60.0588
-58.0935
-56.0159
-53.8493
-51.6147
-49.3315
-47.016
-44.6843
-42.3486
-40.0195
-38.0198
-36.2105
-34.4218
-32.3724
-30.6712
-28.0747
-27.119
-22.9452
-24.5991
-16.057
-24.7684
-5.92222
-30.2007
127.656
128.058
128.991
129.947
131.108
132.541
134.188
135.998
137.922
139.902
141.874
143.774
145.538
147.108
148.428
149.449
150.129
150.432
150.335
149.823
148.891
147.543
145.796
143.673
141.208
138.438
135.407
132.161
128.747
125.211
121.599
117.953
114.31
110.703
107.161
103.706
100.357
97.1283
94.0278
91.0611
88.2297
85.5323
82.9644
80.5194
78.1887
75.9627
73.8305
71.7804
69.8008
67.8803
66.0078
64.1733
62.3673
60.5819
58.8101
57.0465
55.287
53.5284
51.7692
50.0084
48.2463
46.484
44.7235
42.9671
41.2182
39.4793
37.7561
36.2915
35.0077
33.6981
32.2651
30.9716
29.2088
28.3771
25.544
26.6566
20.3548
27.7788
11.1196
36.1823
128.396
127.51
126.398
124.985
123.246
121.156
118.717
115.967
112.969
109.783
106.445
102.978
99.3941
95.7047
91.9193
88.0409
84.0713
80.0081
75.8428
71.5658
67.1663
62.6311
57.9486
53.1098
48.1083
42.9428
37.6182
32.1443
26.5396
20.8268
15.0358
9.20216
3.36452
-2.43436
-8.14937
-13.7354
-19.1477
-24.3447
-29.2867
-33.9383
-38.2686
-42.2512
-45.8648
-49.0922
-51.923
-54.351
-56.3756
-58.001
-59.2358
-60.0931
-60.5893
-60.7438
-60.5788
-60.1182
-59.3875
-58.4128
-57.2203
-55.8363
-54.286
-52.5939
-50.7833
-48.8756
-46.8912
-44.8478
-42.7625
-40.6503
-38.5207
-36.6798
-34.9972
-33.3362
-31.4017
-29.8172
-27.3338
-26.4547
-22.4471
-24.0388
-15.8778
-24.1604
-6.17494
-29.3785
129.018
129.5
129.887
130.112
130.232
130.23
130.104
129.876
129.568
129.193
128.768
128.304
127.812
127.3
126.773
126.232
125.672
125.085
124.46
123.782
123.034
122.197
121.254
120.186
118.98
117.624
116.11
114.437
112.607
110.629
108.516
106.283
103.952
101.542
99.078
96.5813
94.0738
91.5751
89.1027
86.6712
84.2924
81.975
79.7247
77.5443
75.4345
73.3935
71.4175
69.5014
67.639
65.8233
64.0471
62.3031
60.584
58.8836
57.1957
55.5156
53.8392
52.1635
50.4864
48.8068
47.1246
45.4403
43.7556
42.0722
40.3934
38.7214
37.0615
35.6485
34.4077
33.1423
31.7529
30.5006
28.7904
27.9767
25.2415
26.2857
20.2239
27.3213
11.2915
35.4628
116.471
115.72
114.902
114.014
113.01
111.847
110.494
108.928
107.142
105.139
102.916
100.468
97.787
94.8713
91.723
88.3468
84.7516
80.9493
76.9528
72.7775
68.4398
63.9557
59.341
54.6112
49.7801
44.8609
39.866
34.8067
29.696
24.5463
19.3716
14.1895
9.01805
3.87883
-1.20374
-6.20323
-11.0911
-15.8382
-20.414
-24.7885
-28.933
-32.8206
-36.4267
-39.7296
-42.7122
-45.3605
-47.6653
-49.6219
-51.2293
-52.4914
-53.4161
-54.0142
-54.3001
-54.2911
-54.0064
-53.4672
-52.6953
-51.7136
-50.545
-49.2122
-47.7372
-46.1411
-44.4441
-42.6648
-40.8205
-38.9285
-36.9968
-35.3137
-33.757
-32.2231
-30.4033
-28.9376
-26.562
-25.7758
-21.9015
-23.4974
-15.6018
-23.6405
-6.2379
-28.7453
117.002
117.392
117.808
118.248
118.674
119.045
119.343
119.564
119.697
119.732
119.662
119.48
119.182
118.767
118.234
117.586
116.828
115.966
115.009
113.963
112.839
111.645
110.387
109.073
107.706
106.289
104.823
103.309
101.745
100.131
98.4643
96.7465
94.9785
93.1635
91.3061
89.4129
87.4918
85.5514
83.6013
81.6509
79.7094
77.7849
75.8841
74.0128
72.1746
70.3719
68.6051
66.8734
65.1747
63.5057
61.8627
60.2411
58.6363
57.0438
55.459
53.8781
52.2979
50.7157
49.1296
47.5385
45.9422
44.3412
42.7367
41.1303
39.5251
37.9229
36.3292
34.9696
33.773
32.5525
31.208
29.9989
28.339
27.5536
24.8965
25.9124
20.0177
26.9197
11.2951
34.8839
90.2283
89.5083
88.7663
88.0052
87.1791
86.272
85.2744
84.1773
82.9775
81.6802
80.2892
78.7995
77.2001
75.4789
73.6232
71.6206
69.459
67.1281
64.6188
61.9241
59.0404
55.9665
52.7047
49.2607
45.6432
41.8639
37.9369
33.8782
29.7061
25.4393
21.0979
16.7032
12.2759
7.83799
3.41202
-0.979081
-5.31141
-9.56081
-13.7018
-17.7091
-21.5576
-25.2225
-28.6802
-31.9083
-34.8873
-37.5995
-40.0304
-42.1695
-44.0089
-45.5451
-46.7784
-47.7121
-48.3536
-48.7126
-48.8025
-48.6381
-48.2367
-47.6166
-46.7972
-45.7985
-44.6403
-43.3424
-41.9241
-40.4036
-38.7979
-37.1258
-35.3936
-33.8709
-32.4439
-31.0412
-29.3416
-27.9987
-25.7374
-25.0475
-21.3138
-22.9142
-15.2942
-23.0776
-6.28417
-28.0504
90.6752
90.9278
91.2424
91.6052
91.9875
92.3771
92.773
93.1734
93.574
93.9703
94.356
94.7236
95.0646
95.3697
95.6294
95.8337
95.9726
96.0364
96.017
95.9072
95.7011
95.3948
94.9864
94.4758
93.8646
93.1562
92.3548
91.4661
90.496
89.4504
88.3357
87.1574
85.921
84.6318
83.2945
81.9142
80.4957
79.044
77.5644
76.0624
74.5438
73.014
71.4782
69.9416
68.4081
66.8813
65.3635
63.8562
62.3599
60.8742
59.3978
57.9288
56.4651
55.0039
53.5425
52.0784
50.6095
49.1337
47.6498
46.1571
44.6553
43.1451
41.6277
40.1046
38.5787
37.0519
35.5296
34.2276
33.0793
31.9076
30.6122
29.4493
27.8444
27.0886
24.5163
25.4983
19.7883
26.4691
11.2901
34.2291
71.1453
70.5624
69.9664
69.3526
68.6799
67.9363
67.1135
66.2021
65.1981
64.107
62.9407
61.7057
60.4013
59.0245
57.5715
56.0377
54.4184
52.7087
50.9022
48.9921
46.9719
44.8345
42.5731
40.1818
37.6562
34.9933
32.1922
29.2544
26.1845
22.9894
19.6791
16.2666
12.7667
9.19707
5.57705
1.92758
-1.72887
-5.3693
-8.9693
-12.5045
-15.9505
-19.283
-22.4783
-25.5131
-28.3665
-31.0186
-33.4515
-35.6503
-37.6023
-39.2985
-40.7329
-41.9027
-42.8085
-43.4539
-43.8456
-43.9931
-43.9079
-43.6037
-43.0958
-42.4005
-41.535
-40.5166
-39.363
-38.0914
-36.7179
-35.2621
-33.728
-32.366
-31.0704
-29.8003
-28.2249
-27.0061
-24.866
-24.2704
-20.6909
-22.2834
-14.9656
-22.4602
-6.32086
-27.2815
71.5295
71.7843
72.089
72.4181
72.7575
73.1019
73.451
73.8053
74.1647
74.5289
74.8975
75.2692
75.6423
76.015
76.385
76.7493
77.1035
77.4426
77.7614
78.0535
78.3117
78.528
78.6946
78.804
78.8487
78.8216
78.7169
78.5306
78.2593
77.9014
77.4568
76.9269
76.3143
75.6227
74.8565
74.0205
73.1203
72.1614
71.1495
70.0902
68.9892
67.8518
66.6831
65.4882
64.2712
63.0364
61.7871
60.5261
59.2553
57.976
56.6892
55.3947
54.0922
52.7808
51.4594
50.127
48.7824
47.4246
46.053
44.6674
43.2681
41.8558
40.4318
38.9978
37.5567
36.1102
34.6641
33.4239
32.3275
31.208
29.9657
28.8516
27.3067
26.5802
24.1019
25.0406
19.5379
25.9638
11.2798
33.5118
59.7455
59.2825
58.8092
58.3248
57.8008
57.2262
56.5929
55.8905
55.1103
54.2492
53.3128
52.3085
51.2382
50.0994
48.8888
47.6032
46.2401
44.7973
43.2726
41.6638
39.9693
38.1872
36.3153
34.3521
32.2957
30.1444
27.8967
25.5517
23.1092
20.5701
17.9364
15.2123
12.4035
9.51783
6.56564
3.55932
0.513623
-2.55499
-5.62786
-8.68518
-11.7061
-14.669
-17.552
-20.333
-22.9908
-25.505
-27.8563
-30.0273
-32.0025
-33.7691
-35.3166
-36.6373
-37.7269
-38.5833
-39.208
-39.6049
-39.7806
-39.7441
-39.506
-39.079
-38.4768
-37.7142
-36.8062
-35.7691
-34.6165
-33.3691
-32.0276
-30.8235
-29.6578
-28.519
-27.0684
-25.9728
-23.9574
-23.4541
-20.0347
-21.6169
-14.6042
-21.815
-6.31065
-26.499
60.0819
60.3463
60.6467
60.9654
61.295
61.63
61.9691
62.3121
62.6583
63.0066
63.3558
63.7046
64.0514
64.395
64.734
65.0669
65.3922
65.7082
66.0134
66.3058
66.5833
66.8432
67.0823
67.2974
67.4847
67.6394
67.7566
67.8317
67.8593
67.8342
67.752
67.6083
67.4001
67.1248
66.7811
66.3687
65.8884
65.342
64.7319
64.0613
63.334
62.5538
61.725
60.8518
59.9382
58.9881
58.0052
56.9926
55.9529
54.8885
53.8012
52.6922
51.5624
50.4122
49.2417
48.0511
46.8401
45.6088
44.3572
43.0857
41.795
40.486
39.1605
37.8203
36.4682
35.1061
33.74
32.5647
31.5228
30.4578
29.2716
28.2082
26.727
26.0305
23.6506
24.5449
19.2541
25.4245
11.228
32.7877
50.9739
50.5857
50.1885
49.7865
49.3602
48.9002
48.4001
47.852
47.2478
46.5812
45.851
45.0624
44.22
43.3232
42.3686
41.3524
40.2709
39.1207
37.8985
36.601
35.2255
33.7694
32.2306
30.6074
28.8989
27.1043
25.2237
23.2576
21.2073
19.0744
16.8613
14.5715
12.2089
9.77851
7.28693
4.74168
2.15199
-0.471459
-3.11618
-5.76821
-8.41222
-11.0315
-13.6085
-16.1245
-18.5609
-20.8988
-23.1198
-25.2065
-27.1422
-28.9125
-30.5044
-31.9071
-33.1124
-34.1143
-34.91
-35.4988
-35.8828
-36.0665
-36.0565
-35.8614
-35.4916
-34.9586
-34.2749
-33.4548
-32.5097
-31.4602
-30.3038
-29.2526
-28.214
-27.2036
-25.8773
-24.9028
-23.0139
-22.6015
-19.3442
-20.9187
-14.2039
-21.1505
-6.24471
-25.7211
51.2671
51.5094
51.7794
52.0665
52.3656
52.6729
52.9879
53.3109
53.6414
53.9788
54.322
54.67
55.0216
55.3753
55.7295
56.0824
56.432
56.7764
57.1136
57.4411
57.7569
58.0587
58.3442
58.6112
58.8574
59.0806
59.2782
59.4477
59.5866
59.6919
59.7606
59.7897
59.7761
59.7166
59.6084
59.4489
59.236
58.968
58.6441
58.2638
57.8275
57.3364
56.7918
56.1958
55.5506
54.8587
54.1226
53.345
52.5282
51.6745
50.7858
49.8639
48.9101
47.9256
46.9114
45.8682
44.7966
43.6973
42.5709
41.4185
40.241
39.0398
37.8169
36.5742
35.3147
34.0406
32.7577
31.6498
30.6649
29.6563
28.5289
27.518
26.1034
25.4382
23.1593
24.0113
18.9314
24.8567
11.1264
32.0649
43.3414
43.0087
42.6676
42.3245
41.9652
41.5823
41.1705
40.7239
40.2357
39.6999
39.1121
38.4732
37.7881
37.0601
36.2882
35.4697
34.6013
33.6804
32.704
31.6691
30.5728
29.4121
28.1842
26.8863
25.5159
24.0711
22.5501
20.9518
19.2761
17.523
15.6937
13.7905
11.8162
9.77453
7.67069
5.51052
3.30115
1.05074
-1.2312
-3.53407
-5.84607
-8.15433
-10.4449
-12.7026
-14.9119
-17.0566
-19.1204
-21.087
-22.9404
-24.666
-26.2498
-27.6795
-28.9448
-30.0368
-30.9495
-31.6787
-32.2227
-32.5822
-32.7599
-32.761
-32.5922
-32.262
-31.7799
-31.1581
-30.4053
-29.5417
-28.5614
-27.657
-26.7417
-25.8561
-24.6528
-23.7968
-22.0354
-21.7122
-18.6187
-20.187
-13.7648
-20.462
-6.13184
-24.9381
43.5964
43.811
44.048
44.2994
44.5615
44.8323
45.1122
45.4016
45.7004
46.0083
46.3251
46.6504
46.9836
47.324
47.6709
48.0233
48.3799
48.7394
49.1003
49.4608
49.8188
50.1723
50.5188
50.8558
51.1808
51.491
51.7836
52.056
52.3052
52.5288
52.7239
52.888
53.0187
53.1134
53.1697
53.1853
53.158
53.0857
52.9667
52.7992
52.5823
52.3149
51.9967
51.6275
51.2079
50.7385
50.2204
49.6547
49.0431
48.3868
47.6875
46.9465
46.1654
45.3453
44.4874
43.5929
42.6628
41.6981
40.6999
39.6695
38.6084
37.5182
36.4009
35.2587
34.095
32.9116
31.7149
30.6769
29.751
28.801
27.7349
26.7781
25.4332
24.8006
22.6256
23.4366
18.5685
24.2559
10.9823
31.3301
37.0473
36.7623
36.4693
36.1747
35.8684
35.5455
35.2018
34.8321
34.4309
33.9929
33.5131
32.9885
32.4209
31.8149
31.1725
30.4924
29.7724
29.01
28.2032
27.3496
26.4473
25.4939
24.4872
23.4251
22.3053
21.1259
19.8848
18.5805
17.2117
15.7772
14.2766
12.7102
11.0788
9.38396
7.6285
5.81594
3.95097
2.03935
0.0881142
-1.89468
-3.89988
-5.91725
-7.9355
-9.94221
-11.9244
-13.8684
-15.7596
-17.5838
-19.3262
-20.9726
-22.5095
-23.9239
-25.2044
-26.3405
-27.3241
-28.1485
-28.809
-29.3033
-29.6309
-29.7934
-29.7946
-29.6399
-29.3358
-28.8922
-28.315
-27.6237
-26.8087
-26.0438
-25.2469
-24.4815
-23.3986
-22.6578
-21.0239
-20.7874
-17.8589
-19.4211
-13.2885
-19.7462
-5.97814
-24.1412
37.2699
37.462
37.6722
37.8938
38.1247
38.3641
38.6125
38.8703
39.1373
39.4136
39.6992
39.994
40.2976
40.6098
40.9303
41.2586
41.5941
41.9361
42.2839
42.6365
42.9927
43.3512
43.7106
44.0691
44.4249
44.7757
45.1192
45.453
45.7743
46.0803
46.368
46.6346
46.8772
47.0927
47.2784
47.4316
47.5495
47.6299
47.6705
47.6692
47.6242
47.5339
47.3968
47.212
46.9787
46.6964
46.3648
45.9842
45.5548
45.0771
44.5519
43.98
43.3624
42.7
41.9939
41.2451
40.4548
39.6241
38.7543
37.8467
36.9032
35.9253
34.9155
33.8759
32.8098
31.7195
30.6113
29.6451
28.7802
27.8905
26.8879
25.9869
24.7143
24.1156
22.0474
22.8188
18.1646
23.6183
10.8003
30.5748
31.9785
31.734
31.4813
31.2271
30.9638
30.6885
30.3988
30.0902
29.7581
29.3981
29.0054
28.576
28.1078
27.6033
27.0661
26.4974
25.8957
25.2589
24.585
23.872
23.1184
22.322
21.4812
20.594
19.6588
18.674
17.6378
16.549
15.4063
14.2086
12.9552
11.646
10.2807
8.85998
7.38504
5.85768
4.28056
2.65721
0.992179
-0.708991
-2.43978
-4.19259
-5.95875
-7.72845
-9.49118
-11.2355
-12.9492
-14.6196
-16.2337
-17.7785
-19.2411
-20.6088
-21.8699
-23.0135
-24.0299
-24.9109
-25.6498
-26.2419
-26.684
-26.9752
-27.1161
-27.1096
-26.9593
-26.6729
-26.2534
-25.7193
-25.0573
-24.423
-23.7383
-23.0873
-22.1211
-21.4907
-19.9832
-19.83
-17.0665
-18.6222
-12.7765
-19.003
-5.78536
-23.3303
32.1732
32.3451
32.5317
32.7275
32.9316
33.1439
33.3649
33.5947
33.8335
34.0814
34.3384
34.6045
34.8796
35.1636
35.4564
35.7576
36.0671
36.3842
36.7086
37.0397
37.3768
37.719
38.0653
38.4147
38.7661
39.1179
39.4685
39.8163
40.1593
40.4955
40.8223
41.1375
41.4384
41.7221
41.9858
42.2267
42.4418
42.6283
42.7832
42.9041
42.9884
43.0338
43.0381
42.9995
42.9164
42.7874
42.6113
42.3874
42.115
41.7938
41.4236
41.0046
40.5371
40.0215
39.4583
38.8485
38.1928
37.4923
36.7481
35.9618
35.1348
34.2691
33.3668
32.4303
31.4629
30.4668
29.4484
28.5555
27.7528
26.9248
25.9875
25.1437
23.9456
23.382
21.4231
22.1563
17.7185
22.9425
10.5814
29.7951
27.7908
27.5799
27.361
27.1402
26.9117
26.6739
26.426
26.1649
25.8866
25.5872
25.263
24.9099
24.5246
24.1058
23.6561
23.1784
22.6733
22.1393
21.5747
20.9775
20.3462
19.6792
18.9748
18.2313
17.4472
16.621
15.751
14.8359
13.8746
12.8659
11.809
10.7035
9.54897
8.34562
7.09405
5.79528
4.45094
3.06329
1.63536
0.170917
-1.32545
-2.84829
-4.39121
-5.94675
-7.50674
-9.06204
-10.6026
-12.1179
-13.5966
-15.0273
-16.3983
-17.6977
-18.9142
-20.037
-21.0558
-21.9615
-22.7463
-23.4037
-23.9287
-24.3181
-24.5702
-24.6855
-24.6651
-24.5144
-24.2338
-23.8407
-23.3181
-22.8044
-22.2247
-21.6809
-20.8264
-20.3009
-18.917
-18.843
-16.2438
-17.7919
-12.2301
-18.2331
-5.55774
-22.5057
27.9609
28.1135
28.278
28.4501
28.6298
28.8173
29.0129
29.2169
29.4293
29.6504
29.8803
30.1191
30.3668
30.6235
30.8891
31.1636
31.4467
31.7383
32.0381
32.3457
32.6607
32.9824
33.3103
33.6435
33.9812
34.3223
34.6657
35.01
35.3538
35.6957
36.0336
36.3659
36.6904
37.0049
37.3071
37.5944
37.8641
38.1137
38.3403
38.5411
38.7134
38.8544
38.9614
39.0322
39.0642
39.0554
39.004
38.9081
38.7665
38.5779
38.3416
38.0567
37.7228
37.3398
36.9077
36.4268
35.8975
35.3205
34.6968
34.0275
33.314
32.5581
31.7619
30.9277
30.0586
29.1567
28.2286
27.4096
26.67
25.9043
25.0336
24.2479
23.126
22.5986
20.7511
21.4477
17.2287
22.2267
10.3268
28.9865
24.2548
24.0725
23.8823
23.6897
23.4903
23.2831
23.0681
22.8438
22.6072
22.3549
22.0838
21.7905
21.4714
21.1238
20.7472
20.344
19.9166
19.4652
18.9884
18.4847
17.9524
17.3902
16.7967
16.1705
15.5101
14.8142
14.0813
13.3102
12.4996
11.6483
10.7555
9.82032
8.84225
7.82096
6.75663
5.64968
4.50102
3.31209
2.08492
0.82214
-0.472984
-1.79647
-3.14355
-4.50858
-5.88519
-7.26623
-8.64362
-10.0087
-11.3521
-12.6639
-13.9338
-15.1512
-16.3057
-17.3868
-18.3845
-19.2896
-20.0933
-20.7884
-21.3685
-21.8288
-22.1657
-22.3779
-22.4641
-22.428
-22.2674
-21.9983
-21.6008
-21.1968
-20.7139
-20.2695
-19.5204
-19.0933
-17.8296
-17.8295
-15.3927
-16.931
-11.651
-17.4355
-5.29932
-21.6627
24.4033
24.5378
24.6822
24.8331
24.9909
25.1559
25.3284
25.5085
25.6965
25.8926
26.0969
26.3097
26.5309
26.7609
26.9996
27.247
27.5032
27.7681
28.0416
28.3235
28.6136
28.9115
29.2169
29.5292
29.8478
30.172
30.5009
30.8336
31.169
31.5057
31.8425
32.1776
32.5096
32.8365
33.1564
33.4671
33.7664
34.052
34.3212
34.5717
34.8007
35.0055
35.1833
35.3316
35.4478
35.5291
35.5734
35.5783
35.5417
35.4619
35.3373
35.1664
34.9482
34.6817
34.3665
34.0022
33.5887
33.1262
32.6154
32.0569
31.4519
30.8018
30.1085
29.3741
28.6016
27.7929
26.9545
26.2092
25.5328
24.8297
24.0262
23.2991
22.2548
21.7644
20.0302
20.6915
16.6947
21.4674
10.0395
28.1395
21.2494
21.0917
20.9264
20.7584
20.584
20.4025
20.2145
20.0195
19.8158
19.6006
19.3714
19.1251
18.8588
18.5695
18.2548
17.9147
17.5516
17.1672
16.7616
16.3336
15.8816
15.4044
14.9008
14.3696
13.8095
13.2193
12.5979
11.944
11.2566
10.5345
9.77674
8.98256
8.1512
7.28214
6.37518
5.43032
4.44791
3.42872
2.37399
1.28544
0.16533
-0.983525
-2.1576
-3.35263
-4.56376
-5.78536
-7.01101
-8.23365
-9.44553
-10.6383
-11.8032
-12.9309
-14.012
-15.0369
-15.9961
-16.8806
-17.6816
-18.3914
-19.0028
-19.5099
-19.908
-20.194
-20.365
-20.4231
-20.3636
-20.2017
-19.9144
-19.6084
-19.2135
-18.8598
-18.2093
-17.8729
-16.7249
-16.7926
-14.5168
-16.0401
-11.0433
-16.6074
-5.0178
-20.7932
21.3788
21.4971
21.6236
21.7559
21.8945
22.0395
22.1914
22.3502
22.5162
22.6895
22.8705
23.0593
23.256
23.4609
23.674
23.8955
24.1254
24.3638
24.6107
24.8661
25.1299
25.4019
25.6818
25.9695
26.2645
26.5664
26.8746
27.1884
27.507
27.8296
28.1549
28.4819
28.8092
29.1353
29.4585
29.7771
30.0891
30.3925
30.6849
30.9642
31.2279
31.4733
31.698
31.8993
32.0745
32.221
32.3362
32.4175
32.4626
32.469
32.4348
32.358
32.2369
32.0701
31.8564
31.5948
31.2849
30.9262
30.5188
30.0631
29.5597
29.0097
28.4146
27.7763
27.0974
26.3796
25.6292
24.9566
24.3429
23.7021
22.9659
22.2975
21.3312
20.8786
19.2594
19.8857
16.1175
20.6603
9.72579
27.2382
18.6825
18.5461
18.4026
18.256
18.1034
17.944
17.7789
17.608
17.4304
17.2447
17.0485
16.8396
16.6154
16.3732
16.1103
15.8248
15.517
15.1891
14.8425
14.477
14.0914
13.6845
13.2551
12.8022
12.3247
11.8217
11.2919
10.7345
10.1483
9.53242
8.8859
8.20797
7.49787
6.75499
5.97897
5.16957
4.32683
3.45108
2.54303
1.60374
0.634691
-0.362168
-1.38432
-2.42862
-3.4914
-4.56835
-5.6544
-6.74392
-7.83057
-8.90746
-9.96713
-11.0016
-12.0026
-12.9616
-13.8698
-14.7188
-15.5
-16.2057
-16.8284
-17.3617
-17.7999
-18.1389
-18.3744
-18.5073
-18.5308
-18.4591
-18.2669
-18.047
-17.7308
-17.4584
-16.8989
-16.6449
-15.6078
-15.7351
-13.6201
-15.1182
-10.4129
-15.7438
-4.72108
-19.8834
18.7953
18.8991
19.01
19.126
19.2477
19.3752
19.5088
19.6487
19.795
19.9481
20.1081
20.2752
20.4496
20.6316
20.8211
21.0185
21.2239
21.4373
21.6588
21.8886
22.1265
22.3725
22.6266
22.8886
23.1583
23.4355
23.7196
24.0104
24.3072
24.6095
24.9163
25.2269
25.5402
25.8551
26.1703
26.4842
26.7954
27.102
27.4021
27.6937
27.9746
28.2425
28.495
28.7296
28.9437
29.1347
29.3
29.4369
29.5428
29.6152
29.6517
29.65
29.6081
29.5239
29.396
29.2227
29.0031
28.7362
28.4216
28.0592
27.6491
27.192
26.6891
26.1416
25.5519
24.9216
24.2565
23.6548
23.1024
22.523
21.8533
21.2432
20.3553
19.94
18.4383
19.027
15.4997
19.794
9.39636
26.2614
16.4687
16.3508
16.2262
16.0986
15.9651
15.8253
15.6799
15.5294
15.3733
15.2112
15.0416
14.8624
14.6716
14.4668
14.2457
14.0061
13.7465
13.4674
13.1708
12.8577
12.528
12.1803
11.8133
11.4261
11.0179
10.5878
10.1349
9.65818
9.15677
8.62978
8.07636
7.49577
6.88726
6.25021
5.58417
4.88878
4.16391
3.40963
2.6263
1.81455
0.97535
0.110025
-0.779645
-1.69136
-2.62238
-3.56942
-4.52857
-5.49537
-6.4647
-7.43103
-8.38809
-9.32913
-10.2471
-11.1342
-11.983
-12.7856
-13.5341
-14.2209
-14.8386
-15.3806
-15.8408
-16.2143
-16.4959
-16.6856
-16.775
-16.7773
-16.6652
-16.5192
-16.2724
-16.0712
-15.5953
-15.4131
-14.4843
-14.6567
-12.7109
-14.1605
-9.77357
-14.8274
-4.42836
-18.9088
16.5669
16.658
16.7552
16.8569
16.9637
17.0758
17.1932
17.3163
17.4451
17.5801
17.7213
17.8689
18.0232
18.1844
18.3526
18.5279
18.7107
18.9009
19.0988
19.3044
19.5178
19.739
19.968
20.2048
20.4493
20.7013
20.9606
21.2269
21.4999
21.7791
22.0639
22.3537
22.6478
22.9452
23.245
23.546
23.8469
24.1462
24.4425
24.7339
25.0187
25.2947
25.5599
25.8118
26.0482
26.2667
26.4645
26.6392
26.788
26.9085
26.9981
27.0543
27.0747
27.0571
26.9995
26.9
26.7571
26.5696
26.3363
26.0568
25.7307
25.3582
24.9401
24.4772
23.9714
23.4239
22.8402
22.3068
21.814
21.2941
20.6897
20.1365
19.3276
18.9468
17.57
18.1079
14.8521
18.8498
9.08234
25.168
14.5572
14.4548
14.3462
14.234
14.1151
13.9887
13.8552
13.715
13.5685
13.4163
13.2586
13.0959
12.9283
12.7558
12.5769
12.3887
12.1864
11.965
11.7208
11.4536
11.167
10.8648
10.548
10.215
9.86407
9.49406
9.10441
8.6944
8.26327
7.81019
7.33438
6.8352
6.31186
5.76381
5.19052
4.59161
3.9668
3.31598
2.63926
1.93701
1.20982
0.45856
-0.315523
-1.11074
-1.9251
-2.75606
-3.60064
-4.45535
-5.31606
-6.1784
-7.03717
-7.88665
-8.72092
-9.53347
-10.3176
-11.0662
-11.7721
-12.4283
-13.0276
-13.5638
-14.0303
-14.4222
-14.7334
-14.9632
-15.1021
-15.1626
-15.1165
-15.0315
-14.8453
-14.7036
-14.3058
-14.1798
-13.3635
-13.5547
-11.8019
-13.1547
-9.14395
-13.8416
-4.16847
-17.8471
14.643
14.7229
14.8082
14.8974
14.9912
15.0896
15.1927
15.3008
15.4142
15.5329
15.6572
15.7873
15.9233
16.0656
16.2141
16.3692
16.531
16.6997
16.8754
17.0582
17.2483
17.4457
17.6505
17.8628
18.0824
18.3095
18.5436
18.7849
19.033
19.2877
19.5486
19.8151
20.0867
20.3629
20.6429
20.9255
21.2099
21.495
21.7795
22.0619
22.3406
22.6139
22.88
23.1369
23.3824
23.6142
23.8301
24.0274
24.2039
24.3567
24.4836
24.5819
24.649
24.6826
24.6806
24.6406
24.5609
24.4399
24.2758
24.068
23.8159
23.5187
23.1769
22.7911
22.3626
21.8922
21.385
20.9163
20.4805
20.0175
19.477
18.9773
18.2501
17.8948
16.6597
17.1158
14.1906
17.8
8.81702
23.9271
12.3645
12.2805
12.1913
12.0995
12.0031
11.9014
11.7947
11.6831
11.5669
11.4464
11.3214
11.1916
11.0558
10.9128
10.7612
10.5994
10.4253
10.2371
10.0342
9.81701
9.5858
9.34048
9.08138
8.80863
8.52146
8.21896
7.90047
7.5652
7.21249
6.84169
6.4521
6.04315
5.61407
5.16436
4.69342
4.20085
3.68628
3.14942
2.59014
2.00855
1.40484
0.779448
0.133079
-0.53321
-1.2182
-1.9201
-2.63688
-3.36608
-4.10469
-4.84938
-5.59624
-6.34082
-7.0784
-7.80372
-8.51109
-9.19444
-9.84759
-10.4642
-11.0376
-11.5616
-12.03
-12.4372
-12.7772
-13.0477
-13.2397
-13.3615
-13.3897
-13.3685
-13.2563
-13.1714
-12.8787
-12.791
-12.1415
-12.3006
-10.8427
-11.9937
-8.52534
-12.7028
-3.9802
-16.6601
12.4358
12.5028
12.5741
12.6488
12.7274
12.81
12.8966
12.9875
13.0829
13.183
13.288
13.3979
13.5131
13.6337
13.7599
13.8917
14.0296
14.1737
14.324
14.4807
14.644
14.8141
14.9911
15.1749
15.3657
15.5635
15.7683
15.98
16.1985
16.4239
16.6558
16.8938
17.1377
17.3872
17.6416
17.9001
18.1623
18.4273
18.6942
18.9617
19.2286
19.4936
19.7552
20.0118
20.2615
20.5026
20.7327
20.9497
21.1515
21.3354
21.4992
21.6404
21.7562
21.8442
21.9023
21.9278
21.9185
21.8725
21.7878
21.663
21.497
21.2886
21.0378
20.7444
20.4093
20.0328
19.6191
19.2299
18.8653
18.4714
18.0143
17.5748
16.9642
16.6174
15.6026
15.8954
13.4831
16.4835
8.64552
22.3802
10.167
10.1015
10.0322
9.96098
9.88683
9.80928
9.72851
9.64442
9.55678
9.46536
9.36979
9.26922
9.1627
9.04855
8.92536
8.79262
8.65023
8.49842
8.33754
8.16781
7.98872
7.79879
7.59685
7.3831
7.15791
6.92102
6.6717
6.40911
6.13266
5.84183
5.53604
5.21475
4.87734
4.52325
4.15194
3.76296
3.35587
2.9303
2.48595
2.0227
1.5404
1.03924
0.519385
-0.0186409
-0.574164
-1.14625
-1.73357
-2.33467
-2.94753
-3.56984
-4.1989
-4.83162
-5.46432
-6.09301
-6.71332
-7.3203
-7.90879
-8.47333
-9.00813
-9.5075
-9.96531
-10.3764
-10.7343
-11.0363
-11.2727
-11.4506
-11.5463
-11.5909
-11.5449
-11.5291
-11.3223
-11.3108
-10.7754
-10.9989
-9.70593
-10.8678
-7.66709
-11.7276
-3.48066
-15.8983
10.2232
10.2768
10.3337
10.3934
10.4563
10.5224
10.5918
10.6649
10.7415
10.8221
10.9066
10.9953
11.0883
11.1859
11.2881
11.3952
11.5073
11.6247
11.7475
11.8758
12.0098
12.1497
12.2958
12.4478
12.6061
12.7709
12.9421
13.1199
13.3041
13.4948
13.6921
13.8956
14.1053
14.3212
14.5428
14.7695
15.0013
15.2375
15.4774
15.7203
15.9653
16.2115
16.4578
16.7028
16.9452
17.1836
17.4161
17.6408
17.856
18.0595
18.2489
18.4223
18.5768
18.7102
18.8201
18.9041
18.9595
18.9843
18.9761
18.933
18.8535
18.736
18.5798
18.384
18.1487
17.874
17.5633
17.2631
16.9774
16.6645
16.2968
15.9403
15.4365
15.1578
14.2945
14.5949
12.4511
15.3226
7.95073
21.5471
8.40493
8.35289
8.29758
8.2404
8.18029
8.11671
8.04969
7.97925
7.90517
7.82714
7.74518
7.65945
7.57033
7.47787
7.38166
7.28115
7.17539
7.06362
6.94447
6.81617
6.67765
6.52879
6.36983
6.20087
6.02207
5.83378
5.63574
5.42728
5.20779
4.9767
4.73358
4.47798
4.20937
3.92727
3.63123
3.32077
2.99548
2.65499
2.29898
1.92719
1.5394
1.13559
0.715713
0.28001
-0.171221
-0.637464
-1.11792
-1.61169
-2.11745
-2.63366
-3.15842
-3.68959
-4.22447
-4.76006
-5.29307
-5.81963
-6.33562
-6.83661
-7.31775
-7.77414
-8.20033
-8.59169
-8.94197
-9.24855
-9.50175
-9.70796
-9.84354
-9.93114
-9.93122
-9.96561
-9.82391
-9.87357
-9.42844
-9.71385
-8.55032
-9.75029
-6.75324
-10.7847
-2.89359
-15.1998
8.45027
8.49387
8.54009
8.58866
8.63977
8.69354
8.75009
8.80947
8.87192
8.93755
9.00642
9.07869
9.15459
9.23426
9.31774
9.4053
9.49708
9.5932
9.69392
9.79927
9.90933
10.0245
10.1448
10.2703
10.4012
10.5377
10.6798
10.8276
10.9813
11.1407
11.3061
11.4772
11.6543
11.8371
12.0255
12.2192
12.4182
12.6219
12.8301
13.0423
13.2578
13.476
13.6962
13.9172
14.1383
14.3583
14.5757
14.7891
14.997
15.1977
15.3892
15.5697
15.737
15.8888
16.0231
16.1374
16.2293
16.2968
16.3373
16.3488
16.3297
16.278
16.1924
16.0719
15.9159
15.724
15.4992
15.2749
15.0576
14.8162
14.5282
14.2481
13.8413
13.6323
12.9038
13.2377
11.3163
14.163
7.13295
20.8052
6.90453
6.86323
6.81938
6.77397
6.72617
6.67559
6.62222
6.56605
6.50707
6.44502
6.37964
6.31077
6.23856
6.1632
6.08489
6.00369
5.91907
5.83042
5.73709
5.63797
5.53153
5.41657
5.29287
5.16058
5.01973
4.8705
4.71313
4.54762
4.37357
4.1903
3.99736
3.79435
3.58084
3.35645
3.1208
2.87345
2.61402
2.34218
2.0576
1.75999
1.44912
1.12485
0.787058
0.435807
0.0712096
-0.306474
-0.696762
-1.09911
-1.51266
-1.93639
-2.36892
-2.80883
-3.25413
-3.70258
-4.1518
-4.59876
-5.04029
-5.47291
-5.89272
-6.29566
-6.67709
-7.03314
-7.35814
-7.64991
-7.89915
-8.11202
-8.2654
-8.37665
-8.40625
-8.47336
-8.38014
-8.47309
-8.10411
-8.433
-7.39243
-8.60873
-5.82377
-9.79517
-2.29669
-14.3779
6.94086
6.976
7.01329
7.05245
7.09369
7.13714
7.18283
7.23081
7.28131
7.33442
7.39019
7.44877
7.51035
7.57501
7.64283
7.71407
7.78878
7.86709
7.94922
8.0352
8.12523
8.21946
8.31803
8.42107
8.52873
8.64106
8.75821
8.88036
9.00749
9.13972
9.27718
9.41974
9.56758
9.72064
9.87872
10.0419
10.21
10.3827
10.5599
10.7412
10.9263
11.1146
11.3057
11.4988
11.6933
11.8883
12.0827
12.2754
12.4653
12.6511
12.831
13.0037
13.1674
13.3201
13.4601
13.5852
13.6932
13.7823
13.8502
13.8949
13.9146
13.9074
13.8718
13.8066
13.7111
13.5842
13.4286
13.2672
13.1075
12.9276
12.7094
12.4971
12.1792
12.0332
11.436
11.7959
10.1077
12.9034
6.28366
19.8249
5.5759
5.54364
5.5094
5.47388
5.43647
5.39691
5.35514
5.31111
5.2648
5.21611
5.16492
5.11101
5.05415
4.99424
4.93141
4.86602
4.79817
4.72764
4.65405
4.57683
4.49528
4.40819
4.31436
4.21316
4.10463
3.98892
3.86609
3.73643
3.60014
3.45689
3.30613
3.14743
2.98038
2.8047
2.62008
2.42615
2.2226
2.00909
1.78533
1.55106
1.30603
1.05005
0.782964
0.504724
0.215319
-0.0851494
-0.396425
-0.718192
-1.04993
-1.39096
-1.74039
-2.09717
-2.45998
-2.82714
-3.19691
-3.56707
-3.93516
-4.29853
-4.65408
-4.99864
-5.32835
-5.64012
-5.92898
-6.19335
-6.42455
-6.62874
-6.78372
-6.9039
-6.94997
-7.03596
-6.97696
-7.09884
-6.79194
-7.15004
-6.21988
-7.4386
-4.8591
-8.75103
-1.65986
-13.4381
5.60446
5.63223
5.66171
5.69268
5.7253
5.75964
5.79578
5.83378
5.87373
5.9158
5.96004
6.00655
6.05541
6.10675
6.16067
6.21734
6.27681
6.33918
6.40462
6.47326
6.54525
6.62062
6.69955
6.78216
6.86858
6.95892
7.05325
7.15174
7.25447
7.36155
7.47304
7.58893
7.7094
7.83442
7.96388
8.09785
8.23632
8.37908
8.52603
8.67698
8.83161
8.98972
9.15086
9.31458
9.48033
9.64752
9.81545
9.98322
10.1498
10.3144
10.4757
10.6323
10.7832
10.9264
11.0607
11.1843
11.2952
11.3919
11.4724
11.5349
11.5777
11.599
11.5973
11.5715
11.5208
11.4439
11.3429
11.2326
11.1208
10.9927
10.8344
10.6814
10.4427
10.3529
9.87761
10.2585
8.79593
11.5241
5.33903
18.6358
4.39215
4.36754
4.34139
4.31421
4.2856
4.25536
4.22342
4.18971
4.15421
4.1168
4.07744
4.03609
3.99261
3.94672
3.89824
3.8472
3.79378
3.7382
3.68057
3.62063
3.55793
3.49204
3.42211
3.34695
3.26581
3.17863
3.08546
2.98638
2.8817
2.77168
2.65616
2.53472
2.4069
2.27244
2.13109
1.98257
1.82662
1.66295
1.49131
1.31146
1.1232
0.926313
0.720637
0.506083
0.282584
0.0501306
-0.191155
-0.441109
-0.699452
-0.965738
-1.23944
-1.51979
-1.80595
-2.09673
-2.39089
-2.68684
-2.98276
-3.27667
-3.56624
-3.84904
-4.12206
-4.38286
-4.6273
-4.85444
-5.05639
-5.23949
-5.38281
-5.49967
-5.55091
-5.64379
-5.60626
-5.74425
-5.48548
-5.86037
-5.02556
-6.23682
-3.84218
-7.64493
-0.949224
-12.3735
4.41407
4.43546
4.45812
4.48195
4.50705
4.53348
4.5613
4.59054
4.62132
4.65372
4.68779
4.72362
4.76127
4.80084
4.84245
4.88616
4.93205
4.9802
5.03076
5.08383
5.13948
5.19781
5.25894
5.32295
5.39
5.46013
5.53341
5.61003
5.69004
5.77356
5.86062
5.95126
6.04567
6.14382
6.24564
6.35126
6.46069
6.57379
6.69055
6.81089
6.93453
7.06143
7.19132
7.3238
7.45857
7.59519
7.73322
7.87198
8.01075
8.14888
8.28536
8.41925
8.54966
8.67513
8.79455
8.90666
9.00984
9.1027
9.18362
9.25118
9.30387
9.34011
9.35864
9.35831
9.33837
9.29773
9.23796
9.1677
9.09405
9.00814
8.89963
8.79648
8.62583
8.58388
8.21698
8.61211
7.35642
10.0078
4.24344
17.25
3.26512
3.24728
3.22831
3.20856
3.18782
3.16589
3.14273
3.11831
3.09258
3.06544
3.03686
3.00679
2.97523
2.94211
2.90726
2.8704
2.83138
2.79031
2.74751
2.70318
2.65724
2.60951
2.55972
2.50731
2.45133
2.39094
2.3258
2.25587
2.18122
2.10209
2.01877
1.93117
1.83886
1.7415
1.63887
1.53078
1.41709
1.29763
1.17216
1.04052
0.902517
0.757984
0.606805
0.448879
0.28414
0.112567
-0.0657995
-0.250869
-0.44247
-0.64034
-0.844128
-1.05336
-1.26744
-1.48562
-1.70703
-1.9306
-2.15505
-2.37896
-2.60066
-2.81848
-3.03011
-3.23386
-3.4264
-3.60753
-3.77022
-3.92101
-4.04062
-4.14298
-4.18907
-4.27785
-4.24993
-4.39169
-4.16782
-4.54661
-3.79184
-4.98248
-2.75642
-6.43949
-0.155137
-11.0513
3.28112
3.29676
3.31334
3.33079
3.34917
3.36857
3.38899
3.41048
3.43311
3.45693
3.48199
3.50836
3.53613
3.56534
3.59608
3.62838
3.66232
3.69799
3.73549
3.77487
3.81616
3.85952
3.90504
3.95271
4.00269
4.05504
4.1098
4.1671
4.22701
4.28961
4.35492
4.423
4.49398
4.56783
4.64455
4.72426
4.80693
4.8925
4.98093
5.07228
5.16631
5.26298
5.36213
5.46348
5.56693
5.67208
5.77867
5.88627
5.99436
6.10247
6.20989
6.31601
6.42012
6.52121
6.61847
6.71093
6.79739
6.87685
6.948
7.0098
7.06101
7.10035
7.127
7.13983
7.13819
7.12129
7.0903
7.04946
7.00494
6.95185
6.88281
6.81969
6.70516
6.701
6.42622
6.82443
5.74848
8.30478
2.93245
15.4877
2.29576
2.28362
2.27073
2.25732
2.2432
2.22824
2.21243
2.19577
2.17817
2.15953
2.1399
2.11919
2.09735
2.07441
2.05035
2.025
1.99814
1.96957
1.9392
1.90722
1.87388
1.83919
1.80293
1.7649
1.72479
1.68195
1.63584
1.58639
1.53372
1.47787
1.41907
1.35776
1.294
1.22735
1.15735
1.08372
1.00634
0.925081
0.839852
0.750503
0.65689
0.558886
0.456392
0.349318
0.237606
0.121219
0.0001485
-0.125556
-0.255806
-0.390456
-0.529288
-0.672019
-0.818282
-0.967597
-1.1194
-1.27303
-1.42765
-1.58233
-1.73597
-1.88752
-2.03535
-2.1785
-2.31443
-2.44365
-2.56008
-2.67052
-2.75743
-2.83694
-2.86968
-2.94553
-2.9169
-3.05249
-2.85014
-3.22362
-2.52996
-3.68951
-1.61209
-5.12143
0.69897
-9.31487
2.30656
2.31702
2.32813
2.3398
2.35208
2.365
2.37858
2.39287
2.40792
2.42373
2.44033
2.45776
2.47611
2.49539
2.51565
2.53689
2.55919
2.58265
2.60725
2.63305
2.66008
2.68845
2.71824
2.74941
2.78206
2.81625
2.85205
2.88949
2.92865
2.9696
3.01234
3.05696
3.10352
3.15201
3.20246
3.25499
3.30961
3.36625
3.42489
3.48564
3.54835
3.61296
3.67943
3.74764
3.81747
3.88869
3.96115
4.03458
4.10867
4.18307
4.25737
4.33115
4.40389
4.47501
4.54398
4.61006
4.67245
4.73054
4.78341
4.83034
4.87045
4.90283
4.927
4.94204
4.94758
4.94308
4.92948
4.90864
4.88432
4.85451
4.81433
4.78043
4.70852
4.72962
4.52705
4.91267
3.97947
6.40906
1.42326
13.1722
0.998232
0.990367
0.981988
0.973256
0.964055
0.954323
0.944056
0.93323
0.921793
0.909704
0.896968
0.883544
0.869367
0.854414
0.838669
0.822085
0.804676
0.786546
0.768065
0.750437
0.736083
0.728212
0.729771
0.742386
0.765706
0.79705
0.830841
0.859343
0.875336
0.874581
0.856745
0.825113
0.785047
0.741392
0.696562
0.650735
0.60333
0.553969
0.502636
0.449403
0.394301
0.337322
0.278418
0.217565
0.154751
0.089952
0.0231543
-0.0456322
-0.11639
-0.189074
-0.263608
-0.339881
-0.417759
-0.497041
-0.577454
-0.658728
-0.740475
-0.822247
-0.903487
-0.983736
-1.06207
-1.1382
-1.2104
-1.27983
-1.3415
-1.40247
-1.44723
-1.49488
-1.50667
-1.56128
-1.52394
-1.64219
-1.45694
-1.80113
-1.18867
-2.22933
-0.441927
-3.41328
1.34845
-6.38058
1.00539
1.01248
1.02003
1.02796
1.03634
1.04517
1.05443
1.06422
1.07456
1.08544
1.09686
1.10886
1.12152
1.13482
1.14878
1.16343
1.17881
1.19499
1.21191
1.22962
1.24819
1.26762
1.28792
1.30911
1.33123
1.35428
1.3783
1.40328
1.42923
1.45621
1.48417
1.51315
1.54312
1.57407
1.60601
1.63893
1.67285
1.70766
1.74341
1.78006
1.8175
1.85572
1.89471
1.93437
1.9746
2.01535
2.05649
2.0979
2.13947
2.18101
2.22239
2.2634
2.30381
2.34334
2.38174
2.41864
2.4536
2.48642
2.51653
2.54359
2.56719
2.58693
2.60261
2.61363
2.61993
2.6211
2.61793
2.61007
2.60028
2.58804
2.57006
2.55848
2.51896
2.55624
2.40894
2.76278
1.95512
4.06975
-0.238518
9.21073
0.74869
0.74941
0.750206
0.751052
0.751922
0.752833
0.753793
0.754799
0.755847
0.756953
0.758125
0.759345
0.760598
0.761925
0.763518
0.765798
0.769506
0.775531
0.78426
0.794568
0.802909
0.803258
0.788179
0.750562
0.685692
0.593545
0.480608
0.360023
0.248683
0.161872
0.107764
0.0842791
0.0809528
0.0854999
0.0899229
0.0917339
0.0914632
0.0899927
0.0875373
0.0838942
0.0788373
0.0722497
0.064079
0.0543281
0.0430204
0.0301812
0.015856
0.000121475
-0.0169368
-0.0352199
-0.0546127
-0.0749929
-0.0962243
-0.118179
-0.140688
-0.163607
-0.18678
-0.210045
-0.233177
-0.256094
-0.278404
-0.300323
-0.320839
-0.341515
-0.358699
-0.378763
-0.389579
-0.410388
-0.40548
-0.437044
-0.397944
-0.483678
-0.341234
-0.592893
-0.16753
-0.864221
0.258575
-1.47557
1.19407
-2.60767
0.747885
0.746948
0.745953
0.744866
0.743702
0.742451
0.741083
0.73962
0.738056
0.736375
0.734569
0.732635
0.730583
0.728398
0.726076
0.723612
0.721015
0.718298
0.715428
0.712433
0.709334
0.706112
0.702781
0.699368
0.69589
0.692357
0.688813
0.68526
0.681738
0.678302
0.674967
0.671782
0.668769
0.665994
0.663504
0.661329
0.659525
0.658119
0.657202
0.65678
0.656856
0.657484
0.658709
0.660516
0.662906
0.665895
0.669428
0.673473
0.677981
0.682897
0.688168
0.693664
0.699313
0.70498
0.710601
0.716046
0.721214
0.72613
0.730522
0.7343
0.737281
0.739327
0.740428
0.740356
0.739302
0.737095
0.734502
0.733377
0.729563
0.724379
0.716762
0.713584
0.694743
0.721109
0.630154
0.844872
0.341035
1.58763
-0.798583
4.15542
)
;

boundaryField
{
    inlet
    {
        type            freestreamPressure;
        freestreamValue uniform 0;
        value           nonuniform List<scalar> 
134
(
4.49443
2.09458
-0.507302
-2.87584
-4.6944
-5.94836
-6.41337
-6.04251
-4.83026
-2.37465
-0.491357
-0.793464
-1.35011
-1.89847
-2.46523
-3.06484
-3.70077
-4.37482
-5.09482
-5.87588
6.75118
-6.73872
-7.69118
-8.68422
-9.60153
-10.247
-10.5447
-11.0686
-11.0679
-11.2563
-13.2812
-12.2365
-12.2442
-12.4372
-12.5729
-12.622
-12.6661
-12.8369
-13.3139
-13.9036
8.79103
10.7737
12.2581
12.7887
12.0122
9.3905
4.46247
-15.2019
-14.8138
-14.2421
-13.855
-13.5572
-13.2303
-12.8686
-12.5004
-12.1343
-11.7659
-11.3908
-11.0091
-10.6208
-10.2237
-9.81406
-9.38528
-8.92579
-8.42509
-7.86504
-7.5057
-7.17608
-6.78802
-6.34415
-5.84119
-5.21653
-4.39623
-3.01085
-1.23012
1.2707
2.93285
4.85666
6.79292
8.70219
10.539
12.105
13.2871
14.1054
14.5873
14.8133
14.8739
14.8463
14.791
14.7948
15.0014
15.4729
16.0061
16.436
16.7778
17.0668
17.3102
17.4972
17.6215
17.6862
17.7023
17.6959
17.7199
17.9085
18.4686
19.7403
20.2964
19.7858
19.1871
18.8051
18.4977
18.15
17.7691
17.3846
17.0008
16.6106
16.2096
15.7957
15.3666
14.9171
14.439
13.9209
13.3411
12.6833
11.8632
11.4217
11.0287
10.5096
9.8801
9.14652
8.21345
6.98708
4.88699
2.20579
)
;
    }
    outlet
    {
        type            freestreamPressure;
        freestreamValue uniform 0;
        value           nonuniform List<scalar> 
160
(
0.000471016
0.000470552
0.000471426
0.000470006
0.00047188
0.00046943
0.000472361
0.000468798
0.000472854
0.000468121
0.000473369
0.000467394
0.000473911
0.000466597
0.000474478
0.000465744
0.000475068
0.000464834
0.000475692
0.000463853
0.000476355
0.0004628
0.000477045
0.000461671
0.000477747
0.000460476
0.000478469
0.000459202
0.0004793
0.000457849
0.000480467
0.000456415
0.000482418
0.000454904
0.000485746
0.000453326
0.000490808
0.000451661
0.000497083
0.000449926
0.000502549
0.000448137
0.000503544
0.00044628
0.00049533
0.000444366
0.000473139
0.000442413
0.000433545
0.000440431
0.000376116
0.000438429
0.00030481
0.000436434
0.000228157
0.00043445
0.000157246
0.000432502
0.000102028
0.000430627
6.76892e-05
0.000428834
5.27761e-05
0.000427158
5.05803e-05
0.000425614
5.33518e-05
0.000424244
5.60775e-05
0.000423083
5.71911e-05
0.000422149
5.70113e-05
0.000421484
5.60825e-05
0.000421107
5.45394e-05
0.000421078
5.22573e-05
0.000421409
4.90967e-05
0.000422103
4.49852e-05
0.000423202
3.98909e-05
0.000424738
3.38157e-05
0.000426712
2.67743e-05
0.000429128
1.87824e-05
0.000432008
9.86739e-06
0.000435323
7.55982e-08
0.000439063
-1.05418e-05
0.000443206
-2.19265e-05
0.000447727
-3.4011e-05
0.000452604
-4.67246e-05
0.000457766
-5.99893e-05
0.000463175
-7.37337e-05
0.00046876
-8.7862e-05
0.000474485
-0.000102296
0.000480286
-0.000116952
0.000486098
-0.000131741
0.000491959
-0.000146542
0.000497695
-0.000161316
0.000503252
-0.000175842
0.00050852
-0.000190263
0.000513403
-0.000203983
0.0005179
-0.000217959
0.000521853
-0.000229992
0.000525387
-0.000243958
0.000528393
-0.000252488
0.000531393
-0.000267062
0.000535019
-0.000265692
0.000536246
-0.000286916
0.000536889
-0.000264658
0.000536153
-0.000320182
0.000539055
-0.000232349
0.000531087
-0.000393539
0.000556767
-0.000118885
0.00049601
-0.000564413
0.000665432
0.000198502
0.00028238
-0.000900413
0.00123968
0.0010701
-0.000751808
-0.00130374
0.00286554
)
;
    }
    walls
    {
        type            zeroGradient;
    }
    frontAndBack
    {
        type            empty;
    }
}


// ************************************************************************* //
