/*--------------------------------*- C++ -*----------------------------------*\
| =========                 |                                                 |
| \\      /  F ield         | OpenFOAM: The Open Source CFD Toolbox           |
|  \\    /   O peration     | Version:  v1806                                 |
|   \\  /    A nd           | Web:      www.OpenFOAM.com                      |
|    \\/     M anipulation  |                                                 |
\*---------------------------------------------------------------------------*/
FoamFile
{
    version     2.0;
    format      ascii;
    class       volScalarField;
    location    "285";
    object      p;
}
// * * * * * * * * * * * * * * * * * * * * * * * * * * * * * * * * * * * * * //

dimensions      [0 2 -2 0 0 0 0];


internalField   nonuniform List<scalar> 
10720
(
953.573
667.557
315.515
-59.4002
-438.705
-843.021
-1229.07
-1583.61
-1914.57
-2202.76
-2452.19
-2665.35
-2842.64
-2986.37
-3097.19
-3172.24
-3216.98
-3226.17
-3204.67
-3144
-3047.99
-2911.63
-2745.75
-2554.65
-2357.05
-2180.89
-2021.96
-1861.96
-1699.76
-1536.87
-1372.67
-1206.78
-1038.87
-868.088
-693.152
-508.681
-310.219
-65.6013
217.466
1214.89
1440.08
1649.71
1811.17
1899.58
1920.86
1883.54
1773.44
1610.14
1424.32
1239.25
1069.24
917.516
785.412
672.802
572.332
482.22
398.241
318.191
238.241
158.381
76.5763
-6.12239
-86.6417
-151.911
-195.418
-225.143
-244.14
-252.748
-250.698
-238.472
-216.759
-186.14
-146.583
-97.7879
-36.906
40.4335
156.841
340.304
1124.32
911.641
659.24
374.816
67.2116
-262.104
-598.092
-929.735
-1251.47
-1553.09
-1830.23
-2079.95
-2299.93
-2488.92
-2645.47
-2768.1
-2857.86
-2910.5
-2926.73
-2903.29
-2842.25
-2741.68
-2609.33
-2450.53
-2281.16
-2123.9
-1977.01
-1826.44
-1671.61
-1514.48
-1354.97
-1192.87
-1028.06
-859.752
-686.752
-503.766
-306.469
-62.6263
215.342
1305.87
1469.12
1618.36
1740.88
1817.35
1842.62
1812.46
1726.68
1600.34
1450.94
1293.66
1139.81
995.215
863.093
744.643
637.084
538.906
447.544
360.937
276.289
192.912
109.372
26.4265
-52.9451
-118.713
-165.357
-198.552
-220.984
-232.726
-233.555
-223.985
-204.697
-176.228
-138.526
-91.2457
-31.5404
44.8673
160.639
337.89
1106.83
919.059
695.161
436.905
155.276
-148.204
-465.416
-784.46
-1097.22
-1396.55
-1674.75
-1927.78
-2152.66
-2347.16
-2509.6
-2638.97
-2734.01
-2792.8
-2816.11
-2802.09
-2751.35
-2663.37
-2543.78
-2398.73
-2241.43
-2090.59
-1947.46
-1801.37
-1650.8
-1497.43
-1341.22
-1181.93
-1019.43
-853.004
-681.472
-499.639
-303.293
-60.7441
212.295
1266.71
1410.46
1540.56
1646.75
1714.69
1741.95
1723.71
1658.99
1557.19
1429.65
1288.65
1145.16
1006.29
876.335
757.493
649.134
549.881
457.806
370.882
286.741
204.203
122.204
41.2607
-35.9715
-101.622
-150.201
-185.131
-208.985
-222
-224.076
-215.717
-197.569
-170.136
-133.36
-86.8493
-27.7606
48.1451
163.03
333.834
1082.18
923.915
733.972
515.165
275.26
13.0308
-264.347
-548.568
-833.445
-1112.36
-1378.66
-1627.65
-1855.31
-2058.44
-2234.07
-2380.06
-2494.22
-2574.78
-2621.21
-2631.34
-2604.55
-2540.69
-2443.93
-2320.4
-2181.32
-2042.55
-1907.75
-1769.14
-1624.83
-1476.53
-1324.55
-1168.77
-1009.16
-845.079
-675.408
-495.08
-300.04
-59.4939
208.27
1217.09
1338.36
1449.92
1542.93
1605.22
1634.3
1625.16
1576.85
1495.95
1390.56
1270.26
1144.05
1018.16
896.896
782.871
676.618
577.554
484.599
396.305
310.941
227.437
145.097
64.3996
-12.2459
-78.4798
-129.137
-166.19
-192.068
-207.14
-211.269
-204.856
-188.478
-162.599
-127.158
-81.738
-23.5253
51.6124
165.121
329.352
1031.15
891.664
723.605
529.439
316.457
81.5802
-169.314
-429.254
-693.751
-956.712
-1212.04
-1454.95
-1680.85
-1885.76
-2066.2
-2219.36
-2342.54
-2433.72
-2490.81
-2512.63
-2498.05
-2447.61
-2364.83
-2255.59
-2129.54
-1999.92
-1871.37
-1738.46
-1599.23
-1455.27
-1307.12
-1154.69
-997.954
-836.302
-668.643
-490.025
-296.592
-58.5761
203.183
1150.32
1257.03
1356.12
1439.76
1497.84
1528.29
1526.32
1491.04
1427.05
1340.15
1237.65
1126.88
1013.14
900.529
791.979
688.789
591.167
498.72
410.543
325.417
242.408
161.009
81.6557
6.47548
-59.3883
-111.242
-149.896
-177.386
-194.075
-199.807
-194.909
-179.929
-155.315
-121.005
-76.5522
-19.1689
55.1435
167.044
324.555
974.758
851.115
701.874
529.65
341.241
132.399
-91.6844
-325.408
-565.691
-807.306
-1045.21
-1275.14
-1492.57
-1693.38
-1873.89
-2030.78
-2160.84
-2261.51
-2330.49
-2366.42
-2367.98
-2335.14
-2270.4
-2178.84
-2068.59
-1950.66
-1830.38
-1704.5
-1571.38
-1432.49
-1288.62
-1139.82
-986.125
-827.023
-661.486
-484.725
-293.134
-58.1726
197.03
1080.71
1175.55
1264.64
1340.97
1395.74
1427.09
1430.53
1405.3
1354.78
1283.29
1196.56
1100.53
999.535
897.153
796.219
698.321
604.136
513.778
426.833
342.554
260.289
179.754
101.429
27.2592
-38.4828
-91.568
-131.925
-161.124
-179.538
-187.03
-183.857
-170.499
-147.362
-114.366
-71.0373
-14.6231
58.7082
168.695
319.355
915.2
803.899
669.435
514.384
345.404
157.475
-44.8281
-256.7
-476.227
-698.914
-920.591
-1137.64
-1345.76
-1540.93
-1719.38
-1877.46
-2011.66
-2119.05
-2196.93
-2243.4
-2256.8
-2236.9
-2185.82
-2108.1
-2010.74
-1902.9
-1790.02
-1670.57
-1543.19
-1409.21
-1269.56
-1124.39
-973.795
-817.32
-654.002
-479.231
-289.709
-58.3016
189.911
1010.86
1096.47
1177.69
1248.19
1300.2
1332.06
1339.63
1322.21
1282.43
1223.61
1150.32
1067.39
978.285
885.999
793.107
701.218
611.29
523.842
438.873
356.062
275.068
195.821
118.856
45.9471
-19.3139
-73.137
-114.826
-145.475
-165.429
-174.537
-172.972
-161.138
-139.403
-107.675
-65.4556
-10.042
62.2169
170.013
313.801
856.163
755.083
632.965
492.389
339.869
169.995
-13.0814
-205.168
-405.146
-609.272
-814.05
-1016.57
-1213.03
-1399.7
-1572.93
-1729.03
-1864.34
-1975.68
-2060.01
-2115.29
-2139.78
-2132.76
-2095.71
-2032.3
-1948.36
-1851.43
-1746.84
-1634.42
-1513.26
-1384.56
-1249.41
-1108.12
-960.826
-807.146
-646.199
-473.576
-286.322
-58.9055
181.991
943.347
1021.4
1096.15
1161.82
1211.43
1243.49
1254.19
1242.86
1211.64
1163.19
1101.24
1029.8
951.625
869.147
784.586
699.405
614.666
531.108
449.024
368.427
289.259
211.655
136.224
64.6147
-0.0588064
-54.3942
-97.2614
-129.293
-150.752
-161.472
-161.549
-151.296
-131.036
-100.657
-59.6378
-5.33395
65.7016
171.01
307.946
798.902
706.314
594.507
466.038
327.294
172.725
6.09274
-168.824
-351.529
-538.812
-727.815
-916.265
-1100.84
-1278.2
-1444.97
-1597.54
-1732.23
-1845.74
-1934.87
-1997.21
-2030.83
-2034.53
-2009.33
-1958.29
-1886.29
-1799.52
-1702.96
-1597.4
-1482.38
-1359.01
-1228.45
-1091.14
-947.27
-796.526
-638.093
-467.793
-282.998
-59.9525
173.408
879.027
950.828
1020.15
1081.77
1129.2
1161.19
1174.3
1167.75
1143.38
1103.43
1051
989.489
921.085
847.751
771.33
693.061
613.975
534.9
456.305
378.464
301.571
225.947
152.276
82.1227
18.2421
-36.2923
-80.0682
-113.296
-136.123
-148.354
-150.008
-141.297
-122.499
-93.4777
-53.6918
-0.570875
69.1122
171.665
301.796
744.24
658.865
555.854
437.747
310.776
169.382
17.07
-142.722
-309.925
-481.758
-655.909
-830.617
-1003.02
-1170.28
-1329.33
-1476.73
-1608.99
-1722.74
-1814.71
-1882.27
-1923.4
-1936.63
-1922.34
-1882.95
-1822.41
-1745.73
-1657.4
-1558.9
-1450.19
-1332.33
-1206.54
-1073.36
-933.083
-785.427
-629.674
-461.886
-279.766
-61.4504
164.253
818.373
884.867
949.564
1007.68
1053.13
1084.84
1099.77
1097
1078.14
1045.16
1000.72
947.711
887.94
822.966
754.298
682.927
609.766
535.623
461.056
386.503
312.345
239.058
167.401
98.8738
35.9759
-18.4866
-62.9277
-97.1907
-121.277
-134.948
-138.148
-130.985
-113.675
-86.0567
-47.5706
4.26843
72.453
171.986
295.364
692.511
613.343
517.914
408.737
291.921
161.939
22.0958
-124.447
-277.863
-435.75
-596.236
-758.004
-918.606
-1075.64
-1226.39
-1367.75
-1496.39
-1609.05
-1702.42
-1773.77
-1820.92
-1842.16
-1837.32
-1808.25
-1758.14
-1690.99
-1610.75
-1519.26
-1416.88
-1304.62
-1183.71
-1054.82
-918.263
-773.851
-620.942
-455.862
-276.65
-63.4033
154.566
761.476
823.403
884.084
939.128
982.729
1014.04
1030.32
1030.54
1016.15
988.914
951.15
905.411
853.194
795.747
734.3
669.606
602.405
533.428
463.247
392.381
321.335
250.705
181.302
114.578
52.8604
-1.26321
-46.1113
-81.2203
-106.429
-121.439
-126.12
-120.474
-104.648
-78.4519
-41.3131
9.15603
75.7012
171.974
288.675
643.828
570.078
481.275
379.901
271.922
151.916
23.0288
-111.797
-252.929
-398.235
-546.188
-695.832
-845.097
-991.995
-1134.17
-1268.8
-1392.86
-1503.23
-1596.68
-1670.42
-1722.14
-1750.06
-1753.48
-1733.7
-1693.23
-1635.18
-1562.91
-1478.45
-1382.44
-1275.87
-1159.97
-1035.48
-902.803
-761.792
-611.898
-449.732
-273.668
-65.8133
144.383
708.291
766.232
823.377
875.657
917.55
948.35
965.606
968.205
957.444
934.96
902.807
863.264
817.616
766.88
712.056
653.683
592.328
528.607
463.04
396.167
328.56
260.884
193.974
129.252
68.9174
15.3898
-29.608
-65.3651
-91.5496
-107.794
-113.888
-109.733
-95.3929
-70.6489
-34.9145
14.0873
78.8481
171.64
281.754
598.185
529.208
446.25
351.754
251.544
140.331
21.1192
-103.316
-233.482
-367.48
-504.015
-642.437
-780.995
-918.06
-1051.63
-1179.22
-1298.07
-1405.28
-1497.75
-1572.73
-1627.78
-1661.13
-1671.57
-1659.96
-1628.19
-1578.66
-1514.12
-1436.59
-1346.93
-1246.1
-1135.31
-1015.36
-886.699
-749.246
-602.544
-443.503
-270.831
-68.667
133.734
658.657
713.096
767.072
816.845
857.133
887.364
905.299
909.776
901.985
883.445
856.011
821.752
781.804
737.01
688.182
635.693
579.952
521.443
460.601
397.923
333.999
269.516
205.32
142.796
84.0457
31.3571
-13.5367
-49.7344
-76.7383
-94.0987
-101.523
-98.817
-85.9518
-62.6773
-28.3978
19.0441
81.8791
170.989
274.627
555.491
490.759
413.008
324.632
231.313
127.908
17.2903
-97.8864
-218.242
-342.049
-468.201
-596.279
-724.815
-852.472
-977.596
-1098.02
-1211.24
-1314.62
-1405.24
-1480.41
-1537.67
-1575.25
-1591.61
-1587.12
-1563.19
-1521.59
-1464.48
-1393.76
-1310.41
-1215.36
-1109.76
-994.462
-869.949
-736.211
-592.883
-437.18
-268.151
-71.9455
122.657
612.395
663.7
714.834
762.299
801.074
830.678
849.059
855.028
849.668
834.42
810.97
781.225
746.208
706.645
663.206
616.134
565.698
512.255
456.135
397.759
337.686
276.592
215.308
155.17
98.1997
46.5846
2.04312
-34.3815
-62.0374
-80.385
-89.0479
-87.741
-76.3356
-54.5473
-21.7735
24.0138
84.784
170.04
267.322
515.612
454.694
381.617
298.732
211.57
115.138
12.2142
-94.6835
-206.224
-320.818
-437.532
-556.116
-675.336
-794.119
-911.075
-1024.34
-1131.71
-1230.79
-1318.89
-1393.43
-1451.94
-1492.68
-1513.89
-1515.52
-1498.55
-1464.23
-1414.19
-1350.1
-1272.96
-1183.69
-1083.34
-972.79
-852.558
-722.692
-582.916
-430.768
-265.626
-75.6283
111.204
569.306
617.778
666.324
711.664
748.994
777.932
796.579
803.722
800.363
787.865
767.792
741.907
711.164
676.196
637.573
595.443
549.959
501.355
449.858
395.802
339.678
282.12
223.914
166.33
111.322
61.0005
17.05
-19.3855
-47.5181
-66.7152
-76.5137
-76.5456
-66.5759
-46.2834
-15.0617
28.9802
87.551
168.805
259.87
478.393
420.933
352.086
274.166
192.539
102.384
6.38224
-93.0684
-196.661
-302.923
-411.063
-520.952
-631.542
-741.982
-851.133
-957.393
-1058.83
-1153.31
-1238.37
-1311.57
-1370.51
-1413.44
-1438.53
-1445.34
-1434.49
-1406.79
-1363.41
-1305.72
-1234.68
-1151.14
-1056.08
-950.366
-834.536
-708.691
-572.649
-424.272
-263.263
-79.6807
99.4237
529.178
575.071
621.245
664.606
700.556
728.806
747.575
755.637
753.926
743.742
726.54
703.967
676.925
645.986
611.649
573.988
533.076
489.039
442.004
392.211
340.066
286.131
231.126
176.247
123.378
74.5521
31.4191
-4.8131
-33.2418
-53.1422
-63.9645
-65.265
-56.6993
-37.9075
-8.28099
33.9277
90.1718
167.306
252.303
443.688
389.377
324.38
250.981
174.36
89.8903
0.141675
-92.5761
-188.978
-287.697
-388.031
-489.945
-592.567
-695.215
-796.965
-896.454
-992.001
-1081.71
-1163.35
-1234.66
-1293.33
-1337.62
-1365.71
-1376.81
-1371.24
-1349.51
-1312.33
-1260.76
-1195.66
-1117.78
-1028.03
-927.216
-815.894
-694.217
-562.088
-417.698
-261.056
-84.0677
87.3683
491.809
535.346
579.331
620.835
655.467
683.006
701.779
710.559
710.202
701.972
687.218
667.494
643.666
616.262
585.728
552.094
515.367
475.595
432.811
387.164
338.965
288.689
236.969
184.913
134.332
87.1885
45.0855
9.26595
-19.2749
-39.7263
-51.4528
-53.9416
-46.7402
-29.447
-1.45376
38.8396
92.6392
165.563
244.653
411.34
359.915
298.454
229.18
157.127
77.8211
-6.23838
-92.851
-182.723
-274.579
-367.792
-462.416
-557.692
-653.1
-747.877
-840.872
-930.647
-1015.52
-1093.48
-1162.46
-1220.29
-1265.2
-1295.49
-1310.07
-1309.04
-1292.61
-1261.15
-1215.38
-1156.01
-1083.7
-999.241
-903.371
-796.655
-679.282
-551.242
-411.045
-259
-88.7473
75.1033
457.006
498.371
540.327
580.089
613.454
640.272
658.954
668.281
669.049
662.469
649.813
632.551
611.519
587.215
560.049
530.026
497.108
461.28
422.504
380.838
336.5
289.867
241.477
192.335
144.168
98.8716
57.9931
22.7875
-5.68187
-26.5273
-39.0316
-42.6193
-36.7341
-20.9308
5.39646
43.7
94.947
163.602
236.96
381.196
332.434
274.227
208.754
140.874
66.2979
-12.5722
-93.6135
-177.541
-263.14
-349.854
-437.793
-526.309
-614.987
-703.227
-790.046
-874.221
-954.272
-1028.41
-1094.75
-1151.26
-1196.19
-1227.97
-1245.3
-1248.06
-1236.3
-1210.05
-1169.74
-1115.87
-1048.99
-969.769
-878.874
-776.844
-663.902
-540.119
-404.318
-257.086
-93.6743
62.6909
424.59
463.944
504.011
542.126
574.27
600.364
618.88
628.618
630.315
625.136
614.285
599.156
580.562
558.981
534.799
508.008
478.539
446.335
411.3
373.416
332.808
289.757
244.697
198.529
152.882
109.574
70.0947
35.6921
7.47435
-13.6063
-26.7569
-31.346
-26.721
-12.3916
12.2447
48.4912
97.0922
161.448
229.26
353.114
306.823
251.627
189.661
125.625
55.3868
-18.7202
-94.6698
-173.16
-253.039
-333.801
-415.608
-497.888
-580.329
-662.459
-743.445
-822.239
-897.558
-967.805
-1031.27
-1086.08
-1130.54
-1163.18
-1182.59
-1188.49
-1180.77
-1159.22
-1123.98
-1075.36
-1013.75
-939.692
-853.773
-756.492
-648.096
-528.73
-397.516
-255.297
-98.8
50.1961
394.394
431.879
470.175
506.732
537.703
563.064
581.358
591.395
593.86
589.878
580.588
567.315
550.853
531.67
510.129
486.223
459.867
430.973
399.403
365.074
328.034
288.468
246.706
203.535
160.48
119.276
81.3507
47.9255
20.1332
-1.02345
-14.6863
-20.1716
-16.743
-3.86404
19.0634
53.1971
99.0727
159.128
221.588
326.96
282.967
230.572
171.861
111.371
45.1365
-24.5904
-95.8624
-169.365
-244
-319.31
-395.483
-472.024
-548.693
-625.119
-700.612
-774.267
-844.975
-911.321
-971.766
-1024.6
-1068.18
-1101.14
-1122.04
-1130.47
-1126.21
-1108.85
-1078.28
-1034.61
-978.077
-909.09
-828.127
-735.639
-631.889
-517.086
-390.637
-253.614
-104.07
37.6899
366.27
402.003
438.633
473.71
503.554
528.187
546.213
556.459
559.557
556.595
548.657
537.008
522.418
505.347
486.148
464.815
441.261
415.38
386.999
355.988
322.326
286.114
247.583
207.399
166.979
127.972
91.7304
59.4404
32.2386
11.1617
-2.87774
-9.1481
-6.84537
4.61484
25.8245
57.8005
100.888
156.673
213.983
302.606
260.761
210.976
155.297
98.0985
35.5674
-30.1111
-97.0756
-165.982
-235.798
-306.098
-377.094
-448.343
-519.671
-590.796
-661.123
-729.9
-796.157
-858.649
-915.993
-966.626
-1009
-1041.84
-1063.72
-1074.13
-1072.77
-1059.11
-1032.81
-993.774
-942.1
-878.053
-801.999
-714.328
-615.309
-505.202
-383.679
-252.014
-109.425
25.2457
340.07
374.16
409.213
442.884
471.643
495.556
513.279
523.656
527.277
525.192
518.434
508.205
495.263
480.06
462.94
443.905
422.868
399.714
374.251
346.316
315.83
282.817
247.416
210.18
172.412
135.665
101.215
70.1979
43.7388
22.8923
8.61114
1.67068
2.92473
13.0058
32.4982
62.2853
102.541
154.108
206.484
279.935
240.1
192.761
139.917
85.7724
26.6867
-35.2422
-98.2224
-162.893
-228.262
-293.948
-360.17
-426.537
-492.924
-559.118
-624.615
-688.776
-750.767
-809.489
-863.707
-911.996
-952.919
-985.25
-1007.67
-1019.57
-1020.6
-1010.15
-987.713
-952.993
-905.938
-846.679
-775.464
-692.612
-598.385
-493.092
-376.637
-250.471
-114.813
12.9316
315.66
348.208
381.768
414.096
441.814
465.014
482.406
492.852
496.9
495.573
489.846
480.869
469.386
455.839
440.566
423.579
404.8
384.109
361.307
336.205
308.683
278.697
246.303
211.949
176.821
142.371
109.794
80.1662
54.5876
34.1145
19.7237
12.2301
12.519
21.2685
39.0544
66.6349
104.033
151.463
199.124
258.834
220.889
175.846
125.659
74.3667
18.4886
-39.9545
-99.2425
-159.989
-221.258
-282.685
-344.502
-406.357
-468.167
-529.776
-590.759
-650.574
-708.492
-763.556
-814.662
-860.518
-899.794
-931.322
-953.902
-966.852
-969.818
-962.136
-943.152
-912.415
-869.721
-815.072
-748.598
-670.549
-581.158
-480.772
-369.506
-248.951
-120.17
0.822098
292.921
324.013
356.158
387.207
413.92
436.414
453.453
463.918
468.321
467.647
462.827
454.957
444.765
432.689
419.061
403.905
387.15
368.681
348.296
325.793
301.016
273.873
244.346
212.784
180.257
148.113
117.466
89.3243
64.7465
44.7776
30.4065
22.4757
21.8871
29.361
45.4617
70.8334
105.37
148.767
191.94
239.199
203.037
160.156
112.463
63.8422
10.9601
-44.2326
-100.087
-157.197
-214.666
-272.153
-329.897
-387.583
-445.158
-502.505
-559.273
-615.001
-669.054
-720.594
-768.634
-812.016
-849.506
-879.998
-902.416
-916.046
-920.534
-915.194
-899.27
-872.177
-833.575
-783.337
-721.494
-648.198
-563.663
-468.261
-362.277
-247.423
-125.435
-11.0124
271.74
301.454
332.253
362.078
387.822
409.622
426.297
436.741
441.434
441.326
437.305
430.418
421.378
410.614
398.453
384.932
369.991
353.521
335.325
315.194
292.95
268.458
241.643
212.765
182.777
152.928
124.241
97.6577
74.1837
54.8391
40.6084
32.3542
30.9804
37.2407
51.6896
74.8654
106.556
146.045
184.962
220.935
186.457
145.616
100.271
54.1569
4.08038
-48.0756
-100.731
-154.458
-208.399
-262.238
-316.21
-370.031
-423.682
-477.072
-529.906
-581.797
-632.194
-680.358
-725.412
-766.309
-801.925
-831.207
-853.201
-867.189
-872.831
-869.443
-856.2
-832.414
-797.626
-751.594
-694.235
-625.628
-545.95
-455.573
-354.947
-245.847
-130.546
-22.5022
252.013
280.42
309.937
338.589
363.399
384.519
400.817
411.211
416.14
416.524
413.212
407.202
399.19
389.598
378.75
366.691
353.375
338.703
322.485
304.513
284.593
262.56
238.292
211.97
184.443
156.853
130.136
105.161
82.8743
64.2587
50.2819
41.8142
39.7508
44.8666
57.706
78.7163
107.597
143.321
178.22
203.954
171.068
132.158
89.0267
45.2702
-2.17231
-51.4854
-101.152
-151.727
-202.385
-252.838
-303.312
-353.556
-403.562
-453.276
-502.444
-550.739
-597.684
-642.626
-684.792
-723.228
-756.914
-784.859
-806.217
-820.291
-826.772
-824.988
-814.072
-793.261
-762.001
-719.95
-666.922
-602.91
-528.056
-442.737
-347.504
-244.188
-135.45
-33.5811
233.641
260.808
289.101
316.632
340.54
360.996
376.91
387.225
392.345
393.161
390.478
385.253
378.163
369.623
359.951
349.203
337.346
324.289
309.856
293.839
276.042
256.279
234.389
210.489
185.324
159.937
135.176
111.838
90.8025
73.0049
59.3843
50.8079
48.1503
52.1976
63.4813
82.3713
108.501
140.618
171.738
188.169
156.795
119.711
78.6759
37.1388
-7.82589
-54.4696
-101.344
-148.973
-196.574
-243.877
-291.106
-338.024
-384.65
-430.944
-476.694
-521.623
-565.317
-607.199
-646.582
-682.608
-714.342
-740.869
-761.424
-775.363
-782.405
-781.908
-772.993
-754.841
-726.828
-688.519
-639.645
-580.121
-510.037
-429.766
-339.943
-242.412
-140.086
-44.1896
216.536
242.523
269.649
296.104
319.142
338.949
354.476
364.69
369.964
371.157
369.039
364.519
358.26
350.664
342.048
332.477
321.926
310.32
297.494
283.247
267.383
249.706
230.025
208.401
185.488
162.23
139.394
117.699
97.9593
81.0525
67.8797
59.2907
56.1338
59.1935
68.9869
85.8167
109.27
137.955
165.538
173.504
143.565
108.213
69.164
29.7217
-12.9099
-57.0435
-101.297
-146.172
-190.921
-235.286
-279.495
-323.327
-366.808
-409.923
-452.491
-494.273
-534.911
-573.895
-610.61
-644.291
-674.082
-699.134
-718.771
-732.395
-739.763
-740.277
-733.058
-717.266
-692.222
-657.415
-612.504
-557.331
-491.945
-416.688
-332.257
-240.473
-144.404
-54.2681
200.614
225.478
251.486
276.907
299.109
318.281
333.422
343.516
348.913
350.439
348.827
344.943
339.433
332.691
325.024
316.51
307.133
296.83
285.448
272.801
258.693
242.922
225.281
205.785
185.003
163.787
142.826
122.764
104.344
88.3841
75.7365
67.2248
63.6604
65.8174
74.1939
89.0397
109.914
135.349
159.636
159.886
131.311
97.6061
60.4388
22.9772
-17.4506
-59.2218
-101.014
-143.307
-185.388
-227.015
-268.41
-309.369
-349.928
-390.085
-429.685
-468.528
-506.296
-542.544
-576.719
-608.134
-636.009
-659.568
-678.191
-691.36
-698.863
-700.144
-694.35
-680.637
-658.288
-626.743
-585.595
-534.623
-473.827
-403.529
-324.439
-238.344
-148.349
-63.7625
185.797
209.589
234.529
258.959
280.352
298.906
313.662
323.624
329.116
330.936
329.778
326.472
321.638
315.669
308.859
301.295
292.974
283.839
273.756
262.549
250.03
235.997
220.233
202.715
183.938
164.667
145.515
127.056
109.964
94.9893
82.9314
74.5764
70.693
72.0339
79.0771
92.028
110.434
132.813
154.043
147.246
119.97
87.8314
52.4519
16.8647
-21.4808
-61.0241
-100.501
-140.371
-179.955
-219.023
-257.793
-296.077
-333.913
-371.316
-408.151
-444.249
-479.329
-512.995
-544.758
-573.996
-600.002
-622.066
-639.622
-652.228
-659.704
-661.545
-656.938
-645.043
-625.131
-596.605
-559.008
-512.07
-455.744
-390.31
-316.487
-235.988
-151.881
-72.6293
172.014
194.784
218.698
242.176
262.789
280.742
295.114
304.935
310.501
312.58
311.833
309.049
304.832
299.561
293.526
286.818
279.445
271.361
262.444
252.534
241.451
228.996
214.949
199.26
182.358
164.925
147.505
130.607
114.832
100.865
89.4465
81.3183
77.2001
77.8128
83.6129
94.7705
110.835
130.357
148.764
135.521
109.483
78.8359
45.1554
11.3447
-25.0303
-62.4698
-99.7682
-137.362
-174.604
-211.279
-247.596
-283.384
-318.684
-353.521
-387.78
-421.313
-453.875
-485.115
-514.595
-541.753
-565.95
-586.534
-602.991
-614.958
-622.279
-624.507
-620.871
-610.558
-592.839
-567.095
-532.838
-489.75
-437.745
-377.062
-308.399
-233.377
-154.958
-80.8304
159.198
180.991
203.921
226.483
246.344
263.712
277.705
287.377
292.996
295.305
294.93
292.624
288.967
284.33
278.995
273.061
266.541
259.4
251.53
242.784
232.995
221.971
209.492
195.487
180.326
164.619
148.845
133.448
118.966
106.015
95.2729
87.4305
83.1547
83.1278
87.7806
97.2566
111.119
127.987
143.802
124.651
99.7936
70.5686
38.5048
6.37957
-28.1282
-63.579
-98.8214
-134.274
-169.317
-203.752
-237.778
-271.236
-304.173
-336.618
-368.474
-399.612
-429.82
-458.782
-486.105
-511.285
-533.74
-552.878
-568.232
-579.504
-586.573
-589.04
-586.189
-577.246
-561.49
-538.3
-507.163
-467.733
-419.884
-363.812
-300.174
-230.487
-157.546
-88.3308
147.285
168.144
190.131
211.811
230.946
247.745
261.366
270.88
276.539
279.051
279.014
277.141
273.995
269.936
265.237
260.001
254.248
247.953
241.024
233.323
224.698
214.966
203.912
191.45
177.9
163.803
149.58
135.619
122.392
110.45
100.407
92.8989
88.5363
87.9566
91.5625
99.4772
111.287
125.705
139.153
114.579
90.8498
62.9814
32.457
1.93324
-30.8052
-64.3733
-97.6763
-131.11
-164.087
-196.421
-228.302
-259.583
-290.316
-320.532
-350.148
-379.053
-407.062
-433.886
-459.18
-482.484
-503.272
-521.008
-535.266
-545.813
-552.556
-555.145
-552.923
-545.156
-531.153
-510.294
-482.064
-446.089
-402.214
-350.59
-291.821
-227.296
-159.618
-95.1083
136.217
156.181
177.263
198.096
216.53
232.777
246.029
255.383
261.065
263.758
264.027
262.551
259.872
256.339
252.217
247.612
242.55
237.017
230.929
224.166
216.586
208.018
198.254
187.202
175.134
162.531
149.761
137.159
125.138
114.187
104.853
97.717
93.3311
92.2826
94.9445
101.424
111.338
123.511
134.807
105.255
82.6021
56.029
26.9714
-2.03039
-33.0891
-64.8754
-96.3449
-127.877
-158.911
-189.273
-219.145
-248.393
-277.066
-305.202
-332.729
-359.551
-385.502
-410.328
-433.714
-455.248
-474.45
-490.838
-504.025
-513.83
-520.193
-522.812
-521.085
-514.326
-501.879
-483.145
-457.607
-424.881
-384.785
-337.425
-283.343
-223.795
-161.156
-101.145
125.938
145.045
165.259
185.276
203.033
218.743
231.634
240.823
246.517
249.369
249.918
248.804
246.552
243.5
239.902
235.867
231.428
226.578
221.244
215.321
208.678
201.156
192.559
182.787
172.077
160.852
149.434
138.11
127.238
117.247
108.623
101.886
97.5318
96.0946
97.9159
103.09
111.271
121.4
130.752
96.6271
75.0046
49.6683
22.0095
-5.54442
-35.0078
-65.1042
-94.8408
-124.58
-153.784
-182.294
-210.284
-237.627
-264.378
-290.574
-316.153
-341.031
-365.062
-388.019
-409.617
-429.483
-447.184
-462.284
-474.432
-483.497
-489.447
-492.023
-490.679
-484.782
-473.714
-456.907
-433.855
-404.167
-367.644
-324.348
-274.752
-219.975
-162.147
-106.432
116.398
134.683
154.062
173.295
190.397
205.587
218.122
227.143
232.838
235.832
236.636
235.853
233.992
231.377
228.256
224.737
220.86
216.622
211.964
206.791
200.986
194.403
186.857
178.247
168.774
158.814
148.646
138.514
128.727
119.658
111.732
105.411
101.138
99.3873
100.47
104.471
111.082
119.366
126.972
88.6508
68.0136
43.8592
17.5344
-8.64129
-36.5892
-65.0837
-93.181
-121.226
-148.707
-175.475
-201.7
-227.261
-252.214
-276.599
-300.361
-323.428
-345.668
-366.879
-386.805
-405.106
-421.388
-435.264
-446.418
-454.757
-460.273
-462.75
-461.697
-456.534
-446.69
-431.626
-410.857
-383.998
-350.834
-311.389
-266.062
-215.834
-162.587
-110.967
107.548
125.045
143.622
162.099
178.569
193.252
205.439
214.291
219.976
223.094
224.129
223.651
222.147
219.932
217.244
214.192
210.82
207.133
203.079
198.577
193.521
187.778
181.175
173.614
165.265
156.46
147.44
138.414
129.643
121.449
114.203
108.309
104.155
102.16
102.605
105.564
110.767
117.399
123.447
81.2822
61.5883
38.5632
13.5123
-11.3515
-37.8584
-64.8334
-91.3783
-117.822
-143.68
-168.811
-193.379
-217.272
-240.544
-263.238
-285.305
-306.683
-327.255
-346.837
-365.198
-382.035
-396.987
-409.707
-419.913
-427.545
-432.622
-434.962
-434.126
-429.588
-420.824
-407.333
-388.656
-364.419
-334.396
-298.577
-257.292
-211.379
-162.476
-114.754
99.341
116.084
133.888
151.638
167.498
181.689
193.533
202.215
207.882
211.109
212.353
212.153
210.976
209.126
206.831
204.202
201.285
198.091
194.578
190.673
186.286
181.292
175.535
168.917
161.586
153.831
145.861
137.851
130.025
122.656
116.064
110.596
106.594
104.419
104.321
106.366
110.322
115.487
120.154
74.4808
55.6891
33.7447
9.90993
-13.7047
-38.84
-64.3728
-89.4474
-114.379
-138.706
-162.298
-185.31
-207.639
-229.341
-250.456
-270.942
-290.746
-309.763
-327.828
-344.731
-360.199
-373.905
-385.538
-394.848
-401.804
-406.445
-408.62
-407.943
-403.937
-396.128
-384.053
-367.285
-345.466
-318.365
-285.944
-248.461
-206.621
-161.826
-117.808
91.7362
107.754
124.817
141.864
157.135
170.849
182.358
190.867
196.508
199.829
201.263
201.316
200.438
198.921
196.983
194.735
192.229
189.476
186.445
183.074
179.28
174.955
169.954
164.183
157.767
150.962
143.947
136.868
129.914
123.315
117.344
112.298
108.472
106.175
105.624
106.879
109.742
113.618
117.071
68.2082
50.2806
29.3694
6.69628
-15.7277
-39.5587
-63.7213
-87.4035
-110.905
-133.788
-155.93
-177.481
-198.346
-218.578
-238.219
-257.231
-275.57
-293.139
-309.792
-325.338
-339.53
-352.073
-362.689
-371.157
-377.472
-381.686
-383.683
-383.117
-379.566
-372.6
-361.799
-346.767
-327.168
-302.773
-273.516
-239.591
-201.577
-160.654
-120.147
84.6933
100.016
116.365
132.736
147.437
160.687
171.866
180.202
185.809
189.211
190.815
191.1
190.494
189.28
187.666
185.763
183.625
181.267
178.666
175.769
172.504
168.773
164.445
159.431
153.838
147.888
141.736
135.504
129.348
123.463
118.077
113.443
109.811
107.442
106.522
107.105
109.022
111.776
114.172
62.4284
45.3282
25.4058
3.84205
-17.4475
-40.037
-62.8981
-85.2612
-107.409
-128.93
-149.708
-169.888
-189.379
-208.237
-226.501
-244.139
-261.113
-277.336
-292.676
-306.96
-319.966
-331.428
-341.096
-348.777
-354.487
-358.293
-360.104
-359.615
-356.453
-350.232
-340.573
-327.117
-309.549
-287.645
-261.32
-230.707
-196.27
-158.981
-121.797
78.175
92.8294
108.492
124.211
138.361
151.16
162.016
170.177
175.743
179.213
180.97
181.465
181.107
180.168
178.848
177.256
175.448
173.443
171.225
168.749
165.952
162.747
159.017
154.679
149.821
144.639
139.264
133.798
128.37
123.141
118.302
114.064
110.638
108.24
107.028
107.049
108.16
109.948
111.431
57.1072
40.7999
21.8235
1.31966
-18.8881
-40.2965
-61.921
-83.0335
-103.903
-124.137
-143.632
-162.522
-180.727
-198.297
-215.277
-231.635
-247.337
-262.31
-276.43
-289.544
-301.45
-311.906
-320.696
-327.646
-332.791
-336.211
-337.834
-337.396
-334.567
-329.005
-320.371
-308.341
-292.624
-273.004
-249.38
-221.836
-190.726
-156.837
-122.787
72.1455
86.1585
101.161
116.251
129.867
142.228
152.767
160.753
166.271
169.796
171.69
172.374
172.241
171.552
170.497
169.185
167.672
165.983
164.105
162.001
159.618
156.879
153.679
149.941
145.739
141.242
136.564
131.786
127.017
122.387
118.056
114.196
110.982
108.592
107.158
106.717
107.151
108.119
108.823
52.2133
36.6652
18.5948
-0.897064
-20.0728
-40.3571
-60.8077
-80.7347
-100.394
-119.414
-137.699
-155.379
-172.377
-188.745
-204.524
-219.689
-234.211
-248.021
-261.01
-273.04
-283.925
-293.454
-301.429
-307.704
-312.325
-315.381
-316.823
-316.418
-313.876
-308.897
-301.181
-290.438
-276.401
-258.866
-237.721
-213.003
-184.974
-154.254
-123.154
66.5717
79.9687
94.335
108.818
121.919
133.854
144.081
151.891
157.354
160.923
162.937
163.792
163.863
163.399
162.583
161.522
160.274
158.865
157.287
155.513
153.495
151.168
148.436
145.229
141.61
137.723
133.665
129.505
125.328
121.243
117.377
113.874
110.876
108.525
106.93
106.119
105.994
106.275
106.324
47.7164
32.896
15.6923
-2.83212
-21.0246
-40.2384
-59.5731
-78.376
-96.8904
-114.766
-131.912
-148.454
-164.322
-179.565
-194.224
-208.278
-221.701
-234.432
-246.374
-257.399
-267.343
-276.014
-283.239
-288.893
-293.031
-295.75
-297.017
-296.632
-294.34
-289.878
-282.985
-273.4
-260.884
-245.244
-226.361
-204.235
-179.046
-151.269
-122.936
61.4226
74.2276
87.9821
101.879
114.481
126.001
135.922
143.556
148.958
152.558
154.678
155.685
155.939
155.678
155.077
154.241
153.229
152.068
150.757
149.273
147.577
145.611
143.292
140.554
137.449
134.103
130.597
126.986
123.34
119.746
116.307
113.138
110.354
108.067
106.364
105.265
104.688
104.405
103.909
43.5886
29.4655
13.0914
-4.50872
-21.7638
-39.958
-58.233
-75.9705
-93.4021
-110.196
-126.27
-141.743
-156.552
-170.743
-184.358
-197.377
-209.78
-221.511
-232.482
-242.579
-251.655
-259.537
-266.072
-271.156
-274.851
-277.261
-278.365
-277.991
-275.917
-271.915
-265.757
-257.213
-246.069
-232.145
-215.318
-195.558
-172.977
-147.922
-122.175
56.669
68.905
82.0704
95.402
107.52
118.637
128.258
135.713
141.048
144.67
146.88
148.022
148.44
148.361
147.952
147.317
146.514
145.573
144.497
143.268
141.854
140.205
138.248
135.924
133.273
130.404
127.386
124.262
121.089
117.936
114.885
112.026
109.451
107.248
105.483
104.168
103.235
102.495
101.557
39.8034
26.3485
10.7686
-5.94838
-22.3094
-39.5332
-56.8012
-73.5287
-89.9363
-105.71
-120.774
-135.244
-149.059
-162.267
-174.908
-186.965
-198.42
-209.225
-219.299
-228.54
-236.816
-243.973
-249.877
-254.44
-257.731
-259.858
-260.812
-260.444
-258.562
-254.969
-249.469
-241.859
-231.948
-219.572
-204.607
-186.999
-166.801
-144.253
-120.917
52.2831
63.9725
76.5704
89.3566
101.006
111.729
121.055
128.332
133.593
137.226
139.512
140.774
141.337
141.421
141.183
140.726
140.108
139.361
138.491
137.486
136.319
134.947
133.307
131.345
129.094
126.645
124.056
121.363
118.609
115.849
113.148
110.577
108.205
106.1
104.31
102.843
101.638
100.539
99.2486
36.3361
23.5217
8.70163
-7.17144
-22.6799
-38.9805
-55.2917
-71.062
-86.5004
-101.311
-115.426
-128.952
-141.838
-154.127
-165.859
-177.021
-187.597
-197.543
-206.789
-215.243
-222.784
-229.276
-234.603
-238.692
-241.617
-243.488
-244.305
-243.939
-242.227
-239
-234.087
-227.313
-218.509
-207.526
-194.24
-178.579
-160.551
-140.306
-119.207
48.2393
59.4033
71.4548
83.7139
94.9097
105.25
114.284
121.382
126.563
130.198
132.547
133.912
134.604
134.831
134.745
134.446
133.992
133.415
132.725
131.915
130.963
129.833
128.47
126.824
124.922
122.841
120.629
118.314
115.931
113.521
111.135
108.827
106.65
104.653
102.872
101.306
99.9003
98.5271
96.9661
33.1634
20.9628
6.87022
-8.1968
-22.8925
-38.3142
-53.7169
-68.5801
-83.1019
-97.0042
-110.224
-122.866
-134.88
-146.311
-157.197
-167.526
-177.287
-186.44
-194.922
-202.65
-209.516
-215.401
-220.202
-223.862
-226.456
-228.096
-228.789
-228.426
-226.866
-223.965
-219.577
-213.551
-205.738
-196.002
-184.225
-170.321
-154.261
-136.122
-117.092
44.5134
55.1723
66.6972
78.4471
89.2034
99.1699
107.918
114.835
119.932
123.558
125.958
127.411
128.215
128.569
128.617
128.456
128.145
127.717
127.185
126.544
125.779
124.859
123.736
122.366
120.769
119.009
117.127
115.143
113.085
110.985
108.882
106.814
104.822
102.941
101.192
99.5717
98.0291
96.4556
94.6944
30.2637
18.6512
5.25483
-9.04196
-22.9629
-37.548
-52.0881
-66.0914
-79.7466
-92.792
-105.17
-116.981
-128.18
-138.809
-148.906
-158.463
-167.468
-175.888
-183.665
-190.726
-196.975
-202.305
-206.629
-209.9
-212.196
-213.63
-214.213
-213.852
-212.429
-209.821
-205.901
-200.542
-193.614
-184.994
-174.568
-162.245
-147.963
-131.744
-114.621
41.0823
51.2558
62.2735
73.5318
83.8616
93.4641
101.93
108.665
113.672
117.28
119.718
121.246
122.147
122.612
122.776
122.737
122.551
122.253
121.857
121.364
120.76
120.021
119.106
117.976
116.644
115.163
113.567
111.873
110.101
108.274
106.422
104.573
102.756
100.993
99.2975
97.6593
96.0318
94.3212
92.4213
27.6163
16.5675
3.83754
-9.72381
-22.9061
-36.6951
-50.4156
-63.6042
-76.4404
-88.6779
-100.264
-111.295
-121.73
-131.612
-140.975
-149.812
-158.118
-165.861
-172.99
-179.439
-185.123
-189.948
-193.838
-196.759
-198.789
-200.038
-200.524
-200.168
-198.868
-196.521
-193.021
-188.257
-182.117
-174.492
-165.274
-154.366
-141.687
-127.212
-111.838
37.9251
47.632
58.161
68.944
78.8601
88.1076
96.2956
102.848
107.759
111.341
113.805
115.395
116.379
116.939
117.205
117.271
117.194
117.008
116.73
116.363
115.898
115.315
114.58
113.657
112.554
111.316
109.969
108.526
107.003
105.416
103.788
102.137
100.483
98.8401
97.2125
95.5864
93.9174
92.1229
90.1371
25.2024
14.6936
2.60146
-10.2575
-22.7358
-35.7673
-48.7096
-61.1266
-73.1886
-84.6638
-95.5055
-105.805
-115.525
-124.708
-133.388
-141.559
-149.217
-156.335
-162.868
-168.756
-173.924
-178.289
-181.787
-184.393
-186.185
-187.272
-187.673
-187.322
-186.135
-184.023
-180.897
-176.663
-171.225
-164.484
-156.342
-146.699
-135.459
-122.563
-108.791
35.0218
44.2798
54.3379
64.6616
74.1767
83.0775
90.9914
97.3609
102.171
105.718
108.198
109.837
110.89
111.531
111.885
112.041
112.057
111.968
111.791
111.533
111.187
110.738
110.157
109.412
108.507
107.478
106.346
105.122
103.815
102.44
101.009
99.537
98.0353
96.5109
94.962
93.3712
91.6959
89.8619
87.8344
23.0038
13.0127
1.53055
-10.6574
-22.4647
-34.7756
-46.9792
-58.6653
-69.9952
-80.7517
-90.8931
-100.506
-109.558
-118.089
-126.133
-133.686
-140.745
-147.287
-153.271
-158.645
-163.343
-167.291
-170.435
-172.758
-174.339
-175.282
-175.61
-175.267
-174.181
-172.28
-169.489
-165.727
-160.912
-154.958
-147.772
-139.256
-129.305
-117.834
-105.521
32.3534
41.18
50.7844
60.664
69.7898
78.3523
85.996
92.1813
96.8863
100.39
102.875
104.552
105.662
106.372
106.799
107.033
107.129
107.122
107.032
106.866
106.622
106.287
105.837
105.245
104.511
103.661
102.715
101.679
100.561
99.3693
98.1136
96.8023
95.4415
94.0329
92.5696
91.032
89.3784
87.5407
85.5085
21.0039
11.5088
0.610523
-10.9368
-22.1049
-33.7303
-45.2326
-56.2263
-66.8645
-76.9437
-86.4264
-95.3958
-103.822
-111.746
-119.198
-126.178
-132.683
-138.694
-144.175
-149.079
-153.347
-156.917
-159.742
-161.812
-163.206
-164.023
-164.287
-163.953
-162.962
-161.25
-158.757
-155.416
-151.154
-145.897
-139.559
-132.046
-123.246
-113.057
-102.071
29.9026
38.3144
47.4815
56.9319
65.6798
73.9118
81.2889
87.2895
91.8848
95.3379
97.8191
99.5218
100.677
101.444
101.934
102.233
102.397
102.459
102.442
102.354
102.196
101.958
101.62
101.159
100.57
99.8746
99.0874
98.2139
97.259
96.228
95.1266
93.9595
92.7286
91.4315
90.058
88.5865
86.9762
85.1637
83.1568
19.1872
10.1672
-0.172485
-11.1083
-21.6671
-32.6403
-43.4773
-53.8151
-63.7999
-73.2403
-82.1038
-90.4694
-98.3115
-105.668
-112.571
-119.019
-125.012
-130.534
-135.553
-140.027
-143.905
-147.132
-149.67
-151.515
-152.742
-153.449
-153.66
-153.337
-152.431
-150.891
-148.665
-145.696
-141.926
-137.285
-131.699
-125.075
-117.301
-108.264
-98.4778
27.6531
35.6658
44.4117
53.447
61.8279
69.7372
76.8511
82.6666
87.148
90.5437
93.0114
94.7305
95.9206
96.7328
97.274
97.6277
97.8479
97.9689
98.0129
97.9908
97.9048
97.7486
97.5059
97.155
96.6901
96.1268
95.476
94.7419
93.9277
93.0364
92.0709
91.0329
89.9212
88.7307
87.4486
86.0522
84.5014
82.7365
80.7786
17.5389
8.97424
-0.831156
-11.1832
-21.1614
-31.5145
-41.7197
-51.4365
-60.8037
-69.6422
-77.9236
-85.7233
-93.0185
-99.8464
-106.238
-112.193
-117.714
-122.786
-127.38
-131.462
-134.986
-137.903
-140.183
-141.826
-142.907
-143.518
-143.684
-143.374
-142.547
-141.161
-139.172
-136.536
-133.2
-129.105
-124.183
-118.347
-111.487
-103.48
-94.7775
25.5894
33.2187
41.5584
50.1922
58.2169
65.8108
72.6651
78.295
82.6585
85.9901
88.4361
90.1622
91.3772
92.2251
92.8076
93.206
93.4728
93.6422
93.7371
93.7696
93.7441
93.6561
93.4933
93.236
92.8764
92.425
91.8907
91.2762
90.5834
89.8134
88.9674
88.0446
87.042
85.9524
84.7614
83.4456
81.966
80.2653
78.3749
16.0455
7.9171
-1.37731
-11.1719
-20.5971
-30.3605
-39.9661
-49.0948
-57.8784
-66.1497
-73.8836
-81.1527
-87.9366
-94.2717
-100.188
-105.687
-110.771
-115.428
-119.634
-123.358
-126.559
-129.196
-131.244
-132.709
-133.661
-134.189
-134.317
-134.021
-133.267
-132.019
-130.244
-127.903
-124.951
-121.339
-117.004
-111.866
-105.815
-98.729
-91.0023
23.6975
30.9578
38.9062
47.1518
54.8303
62.116
68.7141
74.1582
78.4
81.6614
84.0781
85.8028
87.0337
87.9082
88.5231
88.957
89.2617
89.4706
89.6073
89.685
89.7092
89.6781
89.5819
89.4033
89.1326
88.7763
88.3411
87.8288
87.2403
86.5756
85.8344
85.0143
84.1112
83.1164
82.0147
80.7825
79.3818
77.7577
75.9485
14.6944
6.98381
-1.82191
-11.0844
-19.9828
-29.1853
-38.2219
-46.7938
-55.026
-62.7624
-69.9815
-76.7528
-83.0586
-88.9342
-94.4086
-99.4849
-104.166
-108.442
-112.292
-115.688
-118.597
-120.981
-122.822
-124.127
-124.966
-125.422
-125.52
-125.239
-124.551
-123.43
-121.845
-119.766
-117.155
-113.969
-110.152
-105.629
-100.296
-94.0318
-87.1809
21.964
28.8695
36.4407
44.3108
51.6529
58.6376
64.9828
70.2407
74.3574
77.543
79.9234
81.6389
82.8776
83.7704
84.4095
84.8713
85.206
85.4466
85.6171
85.7315
85.7966
85.8122
85.7713
85.6585
85.4626
85.1865
84.8352
84.4101
83.9112
83.3378
82.6884
81.9599
81.1472
80.2409
79.2257
78.0779
76.7607
75.2213
73.5029
13.4737
6.16334
-2.17508
-10.9299
-19.3265
-27.9956
-36.492
-44.5365
-52.2474
-59.4794
-66.2145
-72.5188
-78.3774
-83.8247
-88.8886
-93.5728
-97.8815
-101.807
-105.33
-108.428
-111.071
-113.228
-114.883
-116.047
-116.787
-117.181
-117.253
-116.989
-116.363
-115.355
-113.94
-112.094
-109.785
-106.975
-103.615
-99.6358
-94.9394
-89.4058
-83.3394
20.3765
26.9409
34.1487
41.6556
48.6707
55.3609
61.4563
66.5282
70.5161
73.621
75.959
77.6584
78.8974
79.8011
80.4574
80.9399
81.2977
81.5632
81.7604
81.9042
82.0023
82.0561
82.0606
82.0025
81.869
81.6605
81.3802
81.0294
80.6074
80.113
79.5441
78.8971
78.1663
77.3424
76.4097
75.3454
74.1138
72.664
71.0428
12.3725
5.44531
-2.44625
-10.7168
-18.6352
-26.7971
-34.7808
-42.3255
-49.5435
-56.2999
-62.5795
-68.4457
-73.8859
-78.9337
-83.6155
-87.9365
-91.9013
-95.5036
-98.7281
-101.554
-103.956
-105.907
-107.396
-108.435
-109.089
-109.43
-109.482
-109.234
-108.666
-107.76
-106.498
-104.859
-102.817
-100.34
-97.3826
-93.8832
-89.7491
-84.8651
-79.4999
18.9235
25.16
32.0177
39.1732
45.8705
52.2727
58.1214
63.0072
66.8628
69.8827
72.1732
73.8502
75.0828
75.9908
76.6577
77.1547
77.5295
77.8138
78.0318
78.1987
78.3231
78.4076
78.4493
78.4362
78.3548
78.2027
77.9824
77.6946
77.3386
76.9125
76.4141
75.8396
75.1831
74.4352
73.5808
72.5978
71.4519
70.0942
68.5733
11.3807
4.82009
-2.64439
-10.4529
-17.9159
-25.5954
-33.0921
-40.1635
-46.9151
-53.2225
-59.0733
-64.528
-69.5766
-74.2515
-78.578
-82.562
-86.209
-89.5142
-92.4646
-95.0426
-97.2259
-98.9915
-100.332
-101.261
-101.839
-102.135
-102.172
-101.941
-101.426
-100.613
-99.4881
-98.0336
-96.228
-94.0442
-91.4422
-88.366
-84.7288
-80.4218
-75.6821
17.5942
23.5155
30.0361
36.8517
43.2402
49.3608
54.9657
59.6654
63.3847
66.3156
68.5544
70.2037
71.4239
72.3301
73.002
73.508
73.8945
74.1926
74.4262
74.6108
74.7557
74.8647
74.9363
74.96
74.9216
74.8168
74.647
74.4127
74.1131
73.7463
73.3097
72.7996
72.2101
71.5324
70.7516
69.8468
68.7853
67.5197
66.1001
10.4889
4.27907
-2.77731
-10.1451
-17.1746
-24.3953
-31.4296
-38.0522
-44.3622
-50.2457
-55.6923
-60.7598
-65.4416
-69.7685
-73.7644
-77.4355
-80.7887
-83.8204
-86.5195
-88.8712
-90.856
-92.4549
-93.6626
-94.4939
-95.0061
-95.2638
-95.2896
-95.0759
-94.6106
-93.8825
-92.8801
-91.5901
-89.9944
-88.0699
-85.7816
-83.0784
-79.8805
-76.085
-71.9027
16.3789
21.9973
28.1933
34.6797
40.768
46.6132
51.9772
56.4912
60.0699
62.909
65.0928
66.7093
67.9114
68.8105
69.4825
69.9929
70.3865
70.6939
70.9386
71.1364
71.297
71.4251
71.5207
71.5742
71.5712
71.5057
71.3782
71.1893
70.938
70.6226
70.2403
69.7875
69.2586
68.6452
67.9333
67.1031
66.1233
64.9486
63.6291
9.68863
3.81451
-2.85225
-9.79954
-16.416
-23.2004
-29.7955
-35.9928
-41.8844
-47.3677
-52.4328
-57.1361
-61.4743
-65.4761
-69.1634
-72.5436
-75.6246
-78.4042
-80.8729
-83.018
-84.8229
-86.2716
-87.3609
-88.1061
-88.5615
-88.7872
-88.8048
-88.6088
-88.1895
-87.5384
-86.6466
-85.5034
-84.0941
-82.3991
-80.3875
-78.0135
-75.2035
-71.8617
-68.1755
15.2686
20.5957
26.4791
32.6467
38.443
44.0183
49.1435
53.4726
56.9069
59.6534
61.7799
63.3583
64.537
65.4243
66.0919
66.6025
66.9995
67.3123
67.5645
67.7717
67.9439
68.0867
68.2009
68.2785
68.3045
68.2714
68.1795
68.0291
67.8194
67.5484
67.2138
66.8121
66.338
65.7836
65.1359
64.376
63.4747
62.3883
61.1663
8.97114
3.41812
-2.87676
-9.42298
-15.6462
-22.0149
-28.1923
-33.986
-39.4801
-44.5856
-49.29
-53.6506
-57.6681
-61.3662
-64.7648
-67.8738
-70.7025
-73.2494
-75.5061
-77.4622
-79.1038
-80.4172
-81.4009
-82.0704
-82.4767
-82.6758
-82.6884
-82.5103
-82.1342
-81.5534
-80.7614
-79.7496
-78.5062
-77.0144
-75.2474
-73.1639
-70.6967
-67.7571
-64.512
14.2542
19.302
24.8852
30.7438
36.256
41.5665
46.4544
50.5982
53.8825
56.539
58.6078
60.1429
61.2928
62.1641
62.8239
63.3312
63.7279
64.0431
64.2994
64.5127
64.6931
64.8467
64.9754
65.072
65.1215
65.1154
65.0533
64.9357
64.7617
64.5296
64.2371
63.881
63.4564
62.956
62.368
61.6743
60.8475
59.846
58.7184
8.32782
3.08037
-2.86024
-9.02484
-14.873
-20.8468
-26.6261
-32.0354
-37.1503
-41.8993
-46.2576
-50.2934
-54.0126
-57.4277
-60.5557
-63.4116
-66.0065
-68.3386
-70.4007
-72.184
-73.6772
-74.8687
-75.7582
-76.361
-76.7251
-76.9024
-76.9124
-76.7525
-76.4169
-75.9005
-75.1988
-74.3049
-73.2094
-71.8981
-70.3474
-68.5209
-66.357
-63.7739
-60.921
13.3271
18.1078
23.4035
28.9644
34.2019
39.2536
43.906
47.8624
50.9811
53.551
55.5652
57.053
58.1695
59.0219
59.6713
60.1726
60.5665
60.8812
61.1391
61.3558
61.5415
61.7027
61.8423
61.9539
62.0224
62.0385
62.0015
61.9118
61.7687
61.5705
61.3153
61
60.6203
60.1696
59.6367
59.0051
58.2488
57.3283
56.2911
7.75279
2.79615
-2.8076
-8.60973
-14.1019
-19.7012
-25.1016
-30.1457
-34.8994
-39.3132
-43.3328
-47.0559
-50.4972
-53.6481
-56.5215
-59.1406
-61.5188
-63.6529
-65.536
-67.1619
-68.5207
-69.6028
-70.4092
-70.9538
-71.2822
-71.442
-71.4521
-71.3106
-71.0131
-70.5564
-69.9367
-69.1491
-68.1858
-67.0351
-65.6765
-64.0773
-62.1816
-59.9148
-57.4104
12.4809
17.0058
22.0269
27.3
32.2725
37.0717
41.4949
45.2636
48.1948
50.6801
52.6421
54.0783
55.1575
55.9888
56.6257
57.119
57.5079
57.8203
58.078
58.2961
58.4848
58.6513
58.7991
58.9226
59.0064
59.0413
59.0257
58.96
58.8438
58.6757
58.4539
58.1753
57.8365
57.4312
56.9494
56.3757
55.6859
54.8421
53.8913
7.24626
2.56854
-2.71241
-8.16895
-13.3228
-18.5663
-23.6091
-28.3094
-32.7233
-36.817
-40.5156
-43.9521
-47.1362
-50.0333
-52.6618
-55.057
-57.232
-59.1806
-60.8968
-62.3772
-63.6132
-64.5968
-65.329
-65.8232
-66.1213
-66.2677
-66.28
-66.1573
-65.896
-65.4945
-64.9498
-64.2582
-63.4139
-62.4068
-61.2189
-59.8217
-58.1644
-56.1786
-53.9837
11.7134
15.9917
20.744
25.7348
30.4467
34.9942
39.1937
42.7789
45.5332
47.9468
49.8488
51.2211
52.2573
53.0644
53.6853
54.1669
54.5482
54.8559
55.1113
55.3289
55.5189
55.6888
55.8427
55.9754
56.0718
56.1224
56.125
56.0805
55.988
55.8468
55.655
55.4099
55.1085
54.7452
54.3108
53.7911
53.1637
52.3922
51.5232
6.80429
2.39457
-2.57432
-7.69961
-12.5282
-17.4302
-22.1302
-26.5064
-30.5989
-34.3862
-37.7815
-40.9869
-43.9477
-46.5906
-48.9748
-51.1575
-53.1422
-54.9155
-56.4745
-57.8189
-58.942
-59.8355
-60.5006
-60.9505
-61.2237
-61.3605
-61.3775
-61.2743
-61.0481
-60.6988
-60.2232
-59.6184
-58.8813
-58.0027
-56.9667
-55.7486
-54.3028
-52.5671
-50.6484
11.0204
15.0593
19.5476
24.2568
28.7068
32.9943
36.9684
40.3558
42.9655
45.3648
47.1995
48.4821
49.4678
50.2503
50.8533
51.3202
51.6911
51.9922
52.2434
52.4586
52.6481
52.8191
52.9765
53.1159
53.2224
53.2858
53.3041
53.2778
53.2065
53.0893
52.9244
52.7099
52.443
52.1184
51.7281
51.2589
50.6898
49.9867
49.1949
6.46523
2.26482
-2.46472
-7.31487
-11.8604
-16.4435
-20.7817
-24.7833
-28.4474
-31.8494
-34.6991
-37.8102
-40.7615
-43.2834
-45.5426
-47.6395
-49.5539
-51.2584
-52.7537
-54.0439
-55.1222
-55.9802
-56.6187
-57.051
-57.3148
-57.4492
-57.4734
-57.3853
-57.186
-56.8763
-56.4416
-55.8946
-55.2308
-54.4405
-53.509
-52.4141
-51.115
-49.5547
-47.8317
10.4864
14.3303
18.6058
23.0539
27.2354
31.2058
34.8244
37.7792
40.0496
42.7719
44.7087
45.9742
46.9719
47.7858
48.4109
48.8916
49.2737
49.5856
49.8465
50.0707
50.2693
50.4501
50.6185
50.7706
50.8915
50.9696
51.0029
50.9923
50.9377
50.838
50.6923
50.4987
50.2544
49.9557
49.5948
49.1592
48.6297
47.9728
47.2337
6.19853
2.16962
-2.35834
-6.97173
-11.2589
-15.5307
-19.5006
-23.091
-26.2594
-29.2039
-31.3507
-34.5037
-37.5914
-40.085
-42.3001
-44.394
-46.3167
-48.0235
-49.5184
-50.8085
-51.8873
-52.7458
-53.385
-53.8192
-54.0865
-54.2271
-54.2623
-54.1878
-54.0098
-53.731
-53.3171
-52.8058
-52.1913
-51.46
-50.5985
-49.5878
-48.3904
-46.9517
-45.3632
10.0574
13.7364
17.8173
22.0143
25.9139
29.5201
32.6993
35.1175
36.949
40.1606
42.3259
43.6359
44.6872
45.5679
46.2441
46.7598
47.1692
47.5045
47.7854
48.0273
48.2422
48.4393
48.6247
48.7949
48.9342
49.0293
49.078
49.0821
49.0416
48.9559
48.8243
48.6452
48.4165
48.1349
47.7931
47.3792
46.8749
46.2467
45.5407
5.94265
2.08725
-2.23647
-6.61049
-10.6386
-14.5984
-18.2072
-21.3941
-24.0938
-26.591
-28.0818
-31.2281
-34.4197
-36.8776
-39.0339
-41.1073
-43.0272
-44.7292
-46.2177
-47.5035
-48.581
-49.439
-50.0794
-50.5168
-50.7886
-50.9365
-50.9846
-50.9259
-50.7719
-50.528
-50.1391
-49.6675
-49.1068
-48.4381
-47.6487
-46.7232
-45.6278
-44.3118
-42.8721
9.63664
13.1498
17.0341
20.9797
24.6023
27.8457
30.6027
32.5143
33.9157
37.5145
39.9102
41.2665
42.3558
43.2934
44.0182
44.5672
45.002
45.3586
45.6584
45.9173
46.1479
46.3605
46.5626
46.7508
46.9081
47.02
47.0847
47.1038
47.0776
47.0062
46.8889
46.7246
46.5121
46.2481
45.9264
45.5358
45.0585
44.462
43.7944
5.69829
2.01672
-2.10156
-6.23652
-10.0067
-13.6566
-16.9139
-19.705
-21.9657
-24.0084
-24.9152
-27.9983
-31.2436
-33.6619
-35.7524
-37.7884
-39.6928
-41.3826
-42.8593
-44.1367
-45.21
-46.0668
-46.709
-47.1502
-47.4268
-47.5821
-47.6422
-47.5971
-47.4645
-47.2508
-46.8823
-46.4444
-45.9313
-45.3194
-44.5971
-43.7525
-42.7545
-41.5503
-40.217
9.22623
12.5746
16.2621
19.9586
23.3106
26.193
28.5491
29.9724
30.9704
34.8382
37.4539
38.8694
39.9862
40.9687
41.7376
42.3192
42.7781
43.1544
43.4715
43.7459
43.9911
44.2184
44.4361
44.6416
44.8166
44.9454
45.0263
45.061
45.0503
44.9945
44.8928
44.7447
44.5491
44.3029
44.0003
43.6314
43.1788
42.6097
41.9687
5.46765
1.95855
-1.95505
-5.85347
-9.36938
-12.7143
-15.6318
-18.0361
-19.8877
-21.464
-21.865
-24.8292
-28.0684
-30.4363
-32.456
-34.4402
-36.315
-37.985
-39.4452
-40.7108
-41.7773
-42.6323
-43.2764
-43.7238
-44.0109
-44.1823
-44.2658
-44.2481
-44.1525
-43.9854
-43.6566
-43.2697
-42.8187
-42.2756
-41.6287
-40.8691
-39.9717
-38.8971
-37.7567
8.83007
12.0156
15.5078
18.9597
22.0484
24.5713
26.548
27.4845
28.1112
32.1375
34.9492
36.4383
37.5812
38.599
39.405
40.0155
40.4967
40.8927
41.2275
41.5177
41.7776
42.0193
42.252
42.4744
42.6669
42.8125
42.9089
42.9586
42.963
42.9225
42.8373
42.7076
42.5327
42.3103
42.0351
41.697
41.2802
40.7556
40.1786
5.25215
1.9121
-1.80079
-5.46736
-8.7355
-11.7833
-14.3751
-16.4042
-17.8753
-18.9708
-18.9396
-21.73
-24.8988
-27.1995
-29.1438
-31.0638
-32.8952
-34.5364
-35.9756
-37.2272
-38.2871
-39.1413
-39.787
-40.235
-40.5201
-40.6901
-40.7743
-40.758
-40.6694
-40.5155
-40.1948
-39.8293
-39.4136
-38.9177
-38.3313
-37.647
-36.8349
-35.8352
-34.6807
8.45229
11.4793
14.7787
17.9934
20.8255
22.9903
24.6077
25.0445
25.324
29.416
32.3915
33.9632
35.1373
36.1899
37.0317
37.6673
38.1642
38.5736
38.9229
39.2286
39.5039
39.7613
40.0109
40.2518
40.4642
40.6301
40.7461
40.8147
40.8369
40.8124
40.7413
40.6237
40.4589
40.2454
39.9797
39.6528
39.248
38.7287
38.1234
5.05328
1.87391
-1.64697
-5.09083
-8.1189
-10.8794
-13.1584
-14.8234
-15.9378
-16.5386
-16.1437
-18.7064
-21.7403
-23.9518
-25.8128
-27.6564
-29.4319
-31.0349
-32.4463
-33.679
-34.7315
-35.5913
-36.2572
-36.7413
-37.0765
-37.3039
-37.4532
-37.508
-37.5007
-37.4369
-37.198
-36.9178
-36.591
-36.1826
-35.6824
-35.0888
-34.3941
-33.5902
-32.8448
8.09944
10.9757
14.0879
17.0744
19.6501
21.4508
22.72
22.6295
22.5743
26.671
29.7845
31.437
32.6365
33.7208
34.6085
35.2842
35.8057
36.2264
36.5808
36.891
37.173
37.4398
37.7021
37.958
38.1868
38.37
38.5056
38.5971
38.6467
38.6552
38.6233
38.5512
38.4378
38.2803
38.0735
37.8092
37.4773
37.0644
36.6512
4.87229
1.83968
-1.50454
-4.7404
-7.53957
-10.0239
-11.997
-13.3013
-14.0756
-14.1734
-13.4751
-15.7595
-18.5973
-20.6932
-22.457
-24.2097
-25.9167
-27.476
-28.8589
-30.07
-31.1027
-31.9389
-32.5677
-32.9924
-33.2549
-33.4134
-33.499
-33.4939
-33.4311
-33.3139
-33.0312
-32.7296
-32.4041
-32.0203
-31.5677
-31.038
-30.3877
-29.5181
-28.3446
7.77775
10.515
13.4505
16.2211
18.5331
19.9573
20.8798
20.2142
19.8053
23.8744
27.1323
28.8856
30.1051
31.1848
32.0825
32.7919
33.3627
33.8332
34.2269
34.5629
34.8607
35.1386
35.4118
35.6814
35.9256
36.1207
36.2614
36.3495
36.3863
36.3726
36.31
36.201
36.0482
35.8531
35.6144
35.3226
34.9516
34.436
33.7438
4.7107
1.81219
-1.37144
-4.4191
-7.00817
-9.23772
-10.9163
-11.8708
-12.3244
-11.9084
-10.933
-12.8863
-15.4722
-17.424
-19.0733
-20.7141
-22.3282
-23.8273
-25.1859
-26.4087
-27.4908
-28.422
-29.2011
-29.8356
-30.3296
-30.702
-30.9922
-31.1889
-31.342
-31.4514
-31.3609
-31.2281
-31.0542
-30.8004
-30.4609
-30.049
-29.6007
-29.187
-29.1292
7.48666
10.0961
12.8694
15.4452
17.4953
18.5638
19.1554
17.813
16.9632
20.9589
24.3657
26.2899
27.6262
28.7493
29.614
30.2467
30.7461
31.1855
31.5916
31.9676
32.3162
32.6448
32.9659
33.2852
33.5907
33.865
34.1027
34.3057
34.4737
34.6055
34.6987
34.7496
34.7536
34.7059
34.6022
34.4427
34.2448
34.0571
34.0567
4.57069
1.79772
-1.23768
-4.11609
-6.52143
-8.53459
-9.95583
-10.6159
-10.7878
-9.81181
-8.52305
-10.0974
-12.3705
-14.1356
-15.6563
-17.1808
-18.6802
-20.0649
-21.3035
-22.3933
-23.3183
-24.0424
-24.5316
-24.7829
-24.8899
-24.9549
-24.9885
-24.9541
-24.8673
-24.7277
-24.4596
-24.2082
-23.9632
-23.6914
-23.3779
-22.9981
-22.4557
-21.55
-19.9439
7.22537
9.71632
12.3433
14.7502
16.562
17.3601
17.6436
15.4323
14.0338
17.9072
21.3439
23.3678
24.8974
26.2959
27.4298
28.2216
28.7261
29.0444
29.2701
29.4662
29.6675
29.8921
30.1462
30.4068
30.6213
30.7657
30.8472
30.8723
30.8467
30.7764
30.6685
30.5322
30.3762
30.2059
30.0185
29.7898
29.4456
28.8113
27.6702
4.45436
1.76839
-1.15628
-3.89533
-6.14136
-7.95939
-9.13777
-9.54591
-9.41905
-7.79885
-6.20448
-7.42714
-9.33288
-10.8158
-12.1434
-13.5549
-15.0324
-16.4958
-17.9092
-19.2683
-20.5745
-21.8344
-23.0498
-24.1849
-25.1098
-25.782
-26.3233
-26.7686
-27.225
-27.6759
-27.8328
-27.8692
-27.869
-27.807
-27.6684
-27.4898
-27.4063
-27.6561
-28.8641
7.02614
9.43124
11.9398
14.1872
15.7524
16.2965
16.0931
12.7727
10.9516
14.9011
18.3184
20.1747
21.4451
22.6471
23.8461
25.0227
26.1389
27.1252
27.936
28.57
29.058
29.4434
29.7881
30.1832
30.6921
31.2524
31.7825
32.2623
32.6896
33.0614
33.3688
33.6
33.7466
33.8062
33.7908
33.7394
33.7682
34.1198
35.2589
4.36152
1.64609
-1.28191
-3.96153
-6.07573
-7.65775
-8.48106
-8.4762
-7.77082
-5.42849
-3.80265
-4.83839
-6.44283
-7.60905
-8.55098
-9.46481
-10.3674
-11.225
-12.0129
-12.7045
-13.241
-13.5287
-13.4995
-13.1937
-12.9055
-12.7935
-12.7575
-12.6518
-12.4258
-12.2802
-12.017
-11.781
-11.6102
-11.4538
-11.2787
-11.0449
-10.5495
-9.43563
-6.89522
6.95984
9.36935
11.8256
13.906
15.1249
15.1542
13.8186
9.22926
7.38665
11.8571
15.9271
18.4615
19.9336
20.576
20.5104
20.0307
19.4468
19.009
18.8093
18.84
19.0532
19.4046
19.8201
20.1356
20.1918
20.0874
19.9706
19.8581
19.7422
19.6199
19.5058
19.4183
19.3691
19.3593
19.3668
19.3174
18.9989
17.986
15.6143
4.29475
1.44514
-1.59979
-4.32076
-6.36125
-7.70524
-8.10311
-7.51286
-5.93442
-2.87218
-1.26508
-2.0395
-3.44317
-4.80252
-6.19266
-7.65354
-9.1953
-10.8238
-12.5598
-14.4418
-16.5223
-18.8235
-21.2293
-23.4594
-25.034
-25.9642
-26.865
-27.5788
-28.7778
-30.5206
-29.9644
-29.9983
-30.4887
-30.8384
-30.9764
-31.1047
-31.5486
-32.7571
-35.5952
7.0128
9.5091
11.991
13.9428
14.7969
14.1226
11.2376
5.523
3.0395
6.97033
11.4904
16.0416
20.5296
24.8417
28.5234
31.3221
33.2871
34.4812
35.0873
35.3121
35.3331
35.2913
35.3904
35.9639
37.1513
38.4766
39.5578
40.4327
41.1829
41.825
42.3331
42.6931
42.9122
43.0165
43.0673
43.1899
43.7003
45.0856
48.1346
704.988
687.984
666.827
642.646
615.245
584.899
552.271
518.328
484.08
450.261
417.246
385.175
354.098
324.048
295.058
267.168
240.405
214.788
190.324
167.012
144.838
123.787
103.835
84.9566
67.1231
50.3062
34.4783
19.613
5.69018
-7.31173
-19.4099
-30.6179
-40.9498
-50.414
-59.0203
-66.7819
-73.7129
-79.8312
-85.1543
-89.702
-93.4966
-96.5651
-98.9377
-100.647
-101.73
-102.227
-102.179
-101.631
-100.628
-99.2143
-97.4367
-95.3394
-92.966
-90.3579
-87.5545
-84.5926
-81.506
-78.3257
-75.0796
-71.7925
-68.4864
-65.1799
-61.8898
-58.6295
-55.4117
-52.2435
-49.1381
-46.495
-44.138
-41.7849
-39.1964
-36.9354
-33.7793
-32.3753
-27.3918
-29.2038
-18.6935
-29.7343
-5.30681
-37.5199
703.867
681.125
655.461
629.179
602.332
575.34
548.632
522.434
496.863
471.996
447.897
424.625
402.235
380.773
360.274
340.765
322.259
304.764
288.274
272.776
258.246
244.656
231.97
220.148
209.149
198.928
189.44
180.643
172.491
164.944
157.964
151.511
145.548
140.042
134.957
130.26
125.918
121.9
118.174
114.708
111.472
108.436
105.571
102.851
100.25
97.7435
95.3107
92.9321
90.5908
88.2725
85.9655
83.6605
81.3506
79.0309
76.6986
74.3529
71.9944
69.6251
67.2482
64.8676
62.4881
60.1143
57.7517
55.405
53.0808
50.783
48.5212
46.6064
44.9419
43.232
41.4259
39.7012
37.6084
36.3203
33.1589
34.0531
26.7387
36.0236
14.0274
49.4644
274.741
271.828
270.387
269.077
267.354
265.104
262.158
258.334
253.504
247.61
240.633
232.603
223.584
213.656
202.91
191.442
179.356
166.757
153.75
140.445
126.948
113.363
99.7867
86.3118
73.024
59.999
47.3054
35.0021
23.1431
11.7719
0.927257
-9.35805
-19.0616
-28.1636
-36.6481
-44.5006
-51.7059
-58.2543
-64.1403
-69.3637
-73.9288
-77.8453
-81.1268
-83.7895
-85.8564
-87.3536
-88.3095
-88.7564
-88.729
-88.2643
-87.4004
-86.1759
-84.6298
-82.8006
-80.7254
-78.4403
-75.9792
-73.3739
-70.6539
-67.8461
-64.975
-62.0619
-59.1267
-56.1853
-53.2537
-50.3418
-47.4636
-45.0008
-42.7901
-40.59
-38.1261
-36.0163
-32.9554
-31.6966
-26.8113
-28.6732
-18.4592
-29.1238
-5.75288
-36.5986
276.243
276.953
280.054
283.009
285.177
286.522
286.989
286.551
285.224
283.047
280.06
276.31
271.853
266.747
261.062
254.87
248.246
241.269
234.022
226.585
219.038
211.453
203.9
196.441
189.132
182.018
175.136
168.517
162.18
156.141
150.407
144.979
139.855
135.029
130.49
126.226
122.223
118.466
114.937
111.619
108.491
105.535
102.731
100.06
97.5012
95.0375
92.6505
90.3239
88.0425
85.7929
83.5636
81.3449
79.1289
76.9097
74.6832
72.447
70.2003
67.9436
65.6787
63.4083
61.1359
58.8656
56.6021
54.3501
52.1157
49.9023
47.7201
45.8701
44.26
42.6061
40.8515
39.1817
37.1395
35.8939
32.8123
33.6812
26.5908
35.5193
14.4302
48.2492
131.419
129.718
128.122
126.403
124.578
122.73
120.882
119.04
117.206
115.368
113.487
111.505
109.357
106.972
104.286
101.239
97.7826
93.8799
89.5032
84.6393
79.2883
73.4628
67.1869
60.498
53.4423
46.0748
38.4577
30.6564
22.7411
14.7805
6.84288
-1.00334
-8.69406
-16.1662
-23.3619
-30.2309
-36.7295
-42.8199
-48.4692
-53.6504
-58.3427
-62.5317
-66.2086
-69.369
-72.016
-74.1576
-75.8057
-76.9775
-77.6939
-77.9798
-77.8624
-77.3712
-76.5378
-75.3941
-73.9727
-72.3061
-70.4259
-68.3626
-66.1451
-63.8007
-61.3548
-58.8304
-56.2489
-53.6284
-50.9865
-48.3366
-45.6918
-43.4157
-41.3583
-39.3132
-36.989
-35.0181
-32.0994
-30.9171
-26.2701
-27.9735
-18.385
-28.2312
-6.43373
-35.223
132.442
133.15
134.325
135.5
136.881
138.514
140.343
142.327
144.42
146.568
148.711
150.79
152.745
154.521
156.065
157.329
158.272
158.859
159.065
158.875
158.281
157.287
155.906
154.16
152.078
149.696
147.053
144.193
141.16
137.998
134.748
131.45
128.139
124.845
121.595
118.407
115.3
112.283
109.365
106.548
103.833
101.218
98.6955
96.26
93.9024
91.6132
89.382
87.1981
85.0512
82.9313
80.8294
78.7373
76.6482
74.5566
72.458
70.35
68.2309
66.1005
63.9597
61.8104
59.6552
57.4977
55.3422
53.1931
51.0563
48.9349
46.8393
45.0603
43.5107
41.9179
40.2232
38.6087
36.6361
35.4125
32.4669
33.2185
26.5293
34.8016
15.0325
46.8294
133.715
132.755
131.594
130.156
128.377
126.217
123.651
120.697
117.414
113.882
110.163
106.298
102.309
98.2113
94.0187
89.7376
85.3721
80.9212
76.3765
71.7275
66.9618
62.0645
57.0217
51.8221
46.4578
40.9256
35.2296
29.3795
23.3942
17.2978
11.1223
4.906
-1.31037
-7.48213
-13.5619
-19.5029
-25.259
-30.7864
-36.0432
-40.9914
-45.5976
-49.8335
-53.6754
-57.1046
-60.1091
-62.6817
-64.8207
-66.53
-67.8179
-68.6974
-69.1855
-69.3022
-69.0706
-68.5159
-67.665
-66.5456
-65.1857
-63.6134
-61.8559
-59.9398
-57.8901
-55.7303
-53.4827
-51.1669
-48.8016
-46.403
-43.9833
-41.8866
-39.973
-38.0723
-35.8793
-34.0407
-31.2517
-30.1586
-25.6982
-27.3398
-18.1757
-27.5498
-6.72367
-34.3019
134.434
135.05
135.57
135.948
136.233
136.401
136.454
136.412
136.293
136.108
135.874
135.601
135.299
134.978
134.642
134.293
133.928
133.541
133.121
132.655
132.128
131.522
130.82
130.004
129.06
127.976
126.744
125.359
123.823
122.142
120.326
118.389
116.347
114.219
112.026
109.785
107.518
105.239
102.965
100.707
98.4757
96.2771
94.1154
91.9925
89.9079
87.8592
85.8426
83.8531
81.885
79.9322
77.9887
76.0486
74.1067
72.1585
70.2004
68.2297
66.2451
64.2459
62.2326
60.2067
58.1706
56.1273
54.0808
52.035
49.9958
47.9663
45.9568
44.247
42.7548
41.2197
39.5823
38.0224
36.1129
34.9244
32.0777
32.784
26.3414
34.2578
15.2384
45.9284
120.363
119.505
118.599
117.642
116.572
115.349
113.935
112.298
110.418
108.296
105.936
103.339
100.495
97.399
94.0509
90.4542
86.6178
82.5539
78.2769
73.8035
69.1521
64.3407
59.3876
54.3103
49.1247
43.8457
38.4875
33.063
27.5864
22.0711
16.5325
10.989
5.45945
-0.0339605
-5.46586
-10.8088
-16.0327
-21.1064
-25.9969
-30.6723
-35.1017
-39.2562
-43.1092
-46.6371
-49.8211
-52.6456
-55.1002
-57.1792
-58.8809
-60.2087
-61.1704
-61.7769
-62.0433
-61.9873
-61.6294
-60.9917
-60.0976
-58.9715
-57.638
-56.1215
-54.4458
-52.6339
-50.708
-48.688
-46.5935
-44.4427
-42.2465
-40.3277
-38.5572
-36.8001
-34.7386
-33.0343
-30.3695
-29.3828
-25.0742
-26.7257
-17.859
-26.9677
-6.79711
-33.5999
120.998
121.5
122.036
122.6
123.148
123.645
124.084
124.458
124.756
124.968
125.088
125.107
125.021
124.828
124.526
124.117
123.605
122.995
122.293
121.508
120.647
119.718
118.729
117.684
116.589
115.446
114.255
113.017
111.73
110.393
109.003
107.56
106.064
104.515
102.916
101.273
99.5895
97.8732
96.1308
94.3694
92.596
90.8166
89.0361
87.2585
85.4862
83.7203
81.9606
80.2058
78.4537
76.7014
74.9457
73.1828
71.4096
69.623
67.8202
65.9995
64.1596
62.3003
60.4219
58.5258
56.6142
54.69
52.7569
50.8186
48.8808
46.9465
45.0265
43.3877
41.9545
40.4784
38.8998
37.3965
35.5491
34.4039
31.6407
32.3368
26.0686
33.7752
15.2365
45.2033
93.6216
92.808
91.9808
91.1508
90.2595
89.2843
88.2131
87.0315
85.7292
84.3055
82.7695
81.1265
79.3703
77.489
75.469
73.2967
70.9591
68.4448
65.7437
62.8477
59.752
56.4548
52.9577
49.2663
45.3893
41.3387
37.1295
32.7785
28.3052
23.7296
19.0731
14.3584
9.60789
4.8451
0.0944799
-4.61925
-9.27028
-13.8324
-18.2782
-22.5806
-26.7122
-30.6467
-34.3584
-37.8229
-41.019
-43.9273
-46.532
-48.8211
-50.7856
-52.4213
-53.7278
-54.7083
-55.3698
-55.7227
-55.7805
-55.5592
-55.0767
-54.3528
-53.408
-52.2639
-50.9419
-49.4635
-47.8495
-46.1198
-44.2935
-42.3903
-40.4194
-38.6817
-37.0586
-35.4498
-33.5259
-31.9606
-29.4275
-28.5507
-24.4027
-26.0639
-17.5073
-26.3359
-6.85365
-32.8259
94.1586
94.5153
94.9421
95.4121
95.8981
96.3948
96.905
97.4264
97.9553
98.4874
99.0169
99.5371
100.04
100.517
100.959
101.356
101.698
101.976
102.181
102.305
102.342
102.287
102.138
101.892
101.55
101.115
100.59
99.9783
99.2856
98.5167
97.6765
96.7698
95.8009
94.7737
93.6918
92.5587
91.3776
90.1521
88.8855
87.5815
86.244
84.8765
83.4825
82.0654
80.6277
79.1715
77.6981
76.2081
74.7015
73.1777
71.6354
70.0731
68.4895
66.8827
65.2515
63.5948
61.9121
60.2036
58.47
56.7127
54.9339
53.1364
51.3237
49.4997
47.6699
45.8372
44.0126
42.4503
41.0808
39.6685
38.1537
36.7109
34.9311
33.8307
31.1598
31.8384
25.7664
33.2306
15.2231
44.3805
74.7634
74.099
73.424
72.7463
72.0189
71.2216
70.3429
69.3682
68.2858
67.0924
65.7964
64.412
62.9478
61.4041
59.7774
58.0629
56.256
54.352
52.3452
50.2289
47.9968
45.6421
43.1577
40.5378
37.7776
34.874
31.8257
28.6341
25.3037
21.8414
18.2576
14.5658
10.7817
6.92385
3.01294
-0.92867
-4.87693
-8.80711
-12.6931
-16.5087
-20.2275
-23.8233
-27.2706
-30.5443
-33.6214
-36.4803
-39.1015
-41.4687
-43.5678
-45.3885
-46.9241
-48.171
-49.1294
-49.8028
-50.198
-50.3246
-50.1949
-49.8234
-49.2263
-48.4211
-47.4264
-46.2609
-44.9436
-43.4936
-41.9284
-40.2688
-38.5217
-36.9655
-35.4916
-34.0328
-32.251
-30.8262
-28.4324
-27.6636
-23.6912
-25.3484
-17.132
-25.642
-6.90056
-31.9658
75.2272
75.5763
75.9787
76.4012
76.8326
77.2724
77.7222
78.1816
78.6505
79.1285
79.6153
80.1097
80.6103
81.1155
81.6234
82.1313
82.6353
83.1308
83.6129
84.0758
84.5124
84.9152
85.2764
85.5884
85.8436
86.0344
86.1545
86.1988
86.1632
86.0449
85.8426
85.5562
85.187
84.7371
84.2094
83.6073
82.9345
82.1952
81.3931
80.5323
79.6167
78.6499
77.6353
76.5762
75.4752
74.3352
73.1581
71.9456
70.6987
69.4182
68.1046
66.7577
65.3775
63.9635
62.5156
61.0336
59.5179
57.9691
56.3882
54.777
53.1378
51.4734
49.7873
48.0835
46.3673
44.6417
42.918
41.4369
40.1355
38.7909
37.3446
35.9658
34.259
33.2039
30.6355
31.2857
25.4373
32.617
15.2026
43.4787
63.3241
62.784
62.2331
61.6819
61.1014
60.476
59.7944
59.0432
58.2086
57.2803
56.2553
55.1398
53.9437
52.6712
51.3205
49.8877
48.3694
46.7631
45.0664
43.2771
41.3936
39.4142
37.3371
35.1609
32.8841
30.5055
28.0242
25.4394
22.7517
19.9623
17.0737
14.0907
11.0194
7.86824
4.64833
1.3728
-1.94264
-5.28043
-8.62069
-11.9422
-15.2226
-18.4387
-21.5669
-24.5833
-27.4652
-30.1902
-32.7374
-35.0879
-37.2247
-39.1336
-40.8031
-42.2244
-43.3924
-44.3046
-44.9622
-45.3691
-45.5321
-45.4605
-45.1657
-44.6611
-43.9615
-43.0829
-42.0416
-40.855
-39.5387
-38.1139
-36.5847
-35.2068
-33.8806
-32.5702
-30.9311
-29.6459
-27.3953
-26.7323
-22.9422
-24.5925
-16.72
-24.9167
-6.89452
-31.0896
63.7328
64.0775
64.4594
64.8563
65.2636
65.6799
66.1052
66.539
66.9804
67.4284
67.8819
68.3396
68.8
69.262
69.7241
70.185
70.643
71.0965
71.544
71.9837
72.4133
72.8304
73.2318
73.6145
73.9746
74.3075
74.6085
74.8725
75.0941
75.2679
75.3886
75.4514
75.4523
75.3878
75.2551
75.0529
74.7804
74.4377
74.0257
73.5458
73.0002
72.3909
71.7205
70.9914
70.2061
69.3669
68.4758
67.5348
66.5455
65.5092
64.427
63.2997
62.128
60.9124
59.6535
58.352
57.0087
55.6247
54.2015
52.741
51.2458
49.7188
48.1636
46.584
44.9855
43.3711
41.7523
40.3557
39.1252
37.851
36.4764
35.164
33.5343
32.5255
30.0653
30.6841
25.0678
31.9585
15.1303
42.5681
54.2921
53.8332
53.3626
52.8937
52.4079
51.8957
51.3479
50.7543
50.1038
49.3857
48.5921
47.7211
46.7783
45.7706
44.6997
43.5627
42.3551
41.0727
39.7118
38.269
36.7412
35.1257
33.4199
31.6221
29.7312
27.7465
25.668
23.4965
21.2337
18.8814
16.4426
13.9215
11.3225
8.65147
5.91568
3.12355
0.285196
-2.58767
-5.48151
-8.38117
-11.2701
-14.1303
-16.9426
-19.687
-22.3433
-24.8909
-27.31
-29.5815
-31.6873
-33.6115
-35.3399
-36.8603
-38.1639
-39.2438
-40.0964
-40.7209
-41.1191
-41.2957
-41.2576
-41.0139
-40.5756
-39.9552
-39.1664
-38.2242
-37.1419
-35.9405
-34.6207
-33.4158
-32.2341
-31.0691
-29.5721
-28.4241
-26.3187
-25.76
-22.1547
-23.8005
-16.2644
-24.1691
-6.82554
-30.218
54.649
54.9587
55.2965
55.6484
56.0123
56.388
56.7758
57.1756
57.5869
58.0092
58.4417
58.8835
59.3336
59.7906
60.2531
60.7194
61.1876
61.656
62.1223
62.5843
63.0398
63.4865
63.922
64.3438
64.7497
65.1369
65.5029
65.845
66.1602
66.4454
66.6971
66.9121
67.0867
67.2171
67.2997
67.3313
67.3085
67.2288
67.0898
66.89
66.6282
66.3039
65.917
65.4678
64.9571
64.3857
63.7547
63.0653
62.3185
61.5155
60.6573
59.7449
58.7791
57.761
56.6914
55.5713
54.4019
53.1847
51.9214
50.6142
49.2657
47.8788
46.4572
45.0048
43.5271
42.027
40.5161
39.2068
38.0495
36.8482
35.5481
34.3042
32.7549
31.7936
29.4456
30.0329
24.6511
31.2615
14.9964
41.6585
46.4599
46.0652
45.6577
45.2513
44.8327
44.3966
43.938
43.4483
42.9185
42.3397
41.7036
41.004
40.2406
39.4189
38.5446
37.6189
36.6394
35.6026
34.505
33.3434
32.1148
30.8162
29.4445
27.997
26.471
24.8642
23.175
21.4023
19.5455
17.6051
15.5822
13.4793
11.2994
9.04697
6.72744
4.34742
1.91476
-0.56146
-3.07081
-5.60159
-8.14088
-10.6746
-13.1874
-15.6629
-18.0841
-20.4333
-22.6926
-24.8445
-26.8714
-28.7571
-30.4865
-32.0459
-33.4238
-34.6106
-35.5991
-36.3849
-36.9656
-37.3417
-37.5162
-37.4941
-37.2828
-36.8913
-36.33
-35.6116
-34.7467
-33.7554
-32.6351
-31.5964
-30.555
-29.5314
-28.1751
-27.1617
-25.2026
-24.7461
-21.3276
-22.9705
-15.7653
-23.3939
-6.70381
-29.3399
46.7698
47.0416
47.3357
47.6416
47.9595
48.2895
48.6321
48.9875
49.3555
49.7362
50.1293
50.5346
50.9518
51.3802
51.8193
52.2683
52.726
53.1914
53.663
54.139
54.6178
55.0971
55.5746
56.0478
56.5141
56.9705
57.4142
57.8422
58.2515
58.639
59.0015
59.3362
59.6401
59.9099
60.1426
60.3354
60.485
60.5887
60.6436
60.6471
60.5968
60.4907
60.327
60.1041
59.8212
59.4775
59.0725
58.6062
58.0786
57.4899
56.8408
56.1315
55.3628
54.5354
53.6502
52.7083
51.7109
50.6594
49.5558
48.402
47.2009
45.9554
44.6691
43.3458
41.991
40.6077
39.2074
37.9876
36.9058
35.7794
34.5564
33.3831
31.9174
31.0049
28.7731
29.3288
24.1853
30.5205
14.8098
40.7323
40.0342
39.6956
39.3436
38.991
38.6278
38.2513
37.8601
37.4483
37.0086
36.5332
36.0148
35.446
34.822
34.1432
33.4147
32.6411
31.8233
30.9593
30.0462
29.0813
28.0622
26.9866
25.8524
24.6572
23.3987
22.075
20.6842
19.2244
17.6946
16.0935
14.421
12.6774
10.8635
8.98136
7.0339
5.02507
2.96002
0.845081
-1.31202
-3.50243
-5.71611
-7.94183
-10.1672
-12.3786
-14.5618
-16.7017
-18.7825
-20.7885
-22.7035
-24.5119
-26.1989
-27.7501
-29.1529
-30.3959
-31.4697
-32.367
-33.0824
-33.6131
-33.9585
-34.1199
-34.1014
-33.9087
-33.5489
-33.0322
-32.3662
-31.57
-30.6374
-29.7568
-28.8503
-27.963
-26.7444
-25.8618
-24.049
-23.6922
-20.4618
-22.1015
-15.2245
-22.5872
-6.5362
-28.445
40.3036
40.5437
40.8018
41.07
41.3496
41.6406
41.9436
42.2586
42.5857
42.9251
43.2769
43.641
44.0172
44.4056
44.8057
45.2173
45.6399
46.073
46.5158
46.9676
47.4273
47.8936
48.3652
48.8404
49.3174
49.7941
50.268
50.7366
51.1972
51.6467
52.0819
52.4997
52.8967
53.2695
53.6148
53.9292
54.2094
54.4523
54.6546
54.8135
54.9262
54.9897
55.0018
54.9601
54.8625
54.7074
54.493
54.2184
53.8824
53.4843
53.0239
52.5007
51.915
51.2669
50.5569
49.7857
48.9545
48.0644
47.1172
46.1148
45.0597
43.9549
42.8038
41.6102
40.3794
39.1142
37.8262
36.6977
35.693
34.6434
33.4997
32.3987
31.0195
30.1571
28.0451
28.5695
23.6689
29.7312
14.5761
39.7786
34.8295
34.5391
34.2351
33.9286
33.6122
33.2844
32.946
32.5942
32.2239
31.8286
31.4021
30.9377
30.4291
29.8723
29.2681
28.6207
27.9341
27.2088
26.443
25.6339
24.7793
23.877
22.9252
21.9221
20.8656
19.7542
18.5861
17.3599
16.0744
14.7287
13.322
11.8542
10.3254
8.73638
7.08862
5.38423
3.62623
1.81859
-0.0336187
-1.92425
-3.84612
-5.79084
-7.74889
-9.70948
-11.661
-13.591
-15.486
-17.3321
-19.1149
-20.8201
-22.4336
-23.9414
-25.3305
-26.5888
-27.7056
-28.6718
-29.4798
-30.1242
-30.6014
-30.9102
-31.0512
-31.0271
-30.8421
-30.5039
-30.0169
-29.3991
-28.6405
-27.9081
-27.1296
-26.3721
-25.2871
-24.5302
-22.8623
-22.6012
-19.5592
-21.1952
-14.6434
-21.7492
-6.32466
-27.5332
35.0637
35.2755
35.5022
35.7379
35.9844
36.2415
36.5097
36.7891
37.08
37.3826
37.697
38.0234
38.3617
38.712
39.0741
39.448
39.8335
40.2302
40.6377
41.0556
41.4832
41.9197
42.3643
42.8159
43.2734
43.7353
44.2001
44.666
45.131
45.5931
46.0496
46.4979
46.9353
47.3586
47.7646
48.1501
48.5115
48.8454
49.1484
49.4169
49.6478
49.8377
49.9835
50.0822
50.1311
50.1276
50.0694
49.9545
49.7809
49.5472
49.252
48.8944
48.4736
47.9893
47.4414
46.8299
46.1557
45.4195
44.6225
43.7666
42.854
41.8872
40.8695
39.8044
38.697
37.5501
36.375
35.3387
34.4122
33.4404
32.3776
31.3504
30.0597
29.2487
27.2597
27.7533
23.1002
28.8919
14.2962
38.7927
30.4936
30.2441
29.9813
29.7148
29.4382
29.151
28.8548
28.5491
28.2311
27.8964
27.5398
27.1557
26.7383
26.2819
25.7835
25.2437
24.6664
24.0549
23.4095
22.7286
22.0097
21.2508
20.45
19.6058
18.7162
17.7798
16.7948
15.7599
14.6737
13.5352
12.3435
11.0982
9.799
8.44621
7.04062
5.58348
4.0767
2.5229
0.925526
-0.711136
-2.38194
-4.08083
-5.80065
-7.53316
-9.2693
-10.999
-12.7111
-14.3941
-16.0354
-17.6225
-19.1422
-20.5818
-21.9286
-23.1705
-24.2963
-25.2958
-26.1602
-26.8823
-27.4564
-27.8788
-28.1475
-28.2628
-28.2261
-28.0426
-27.7138
-27.2563
-26.6567
-26.0613
-25.4029
-24.7673
-23.8102
-23.1727
-21.6467
-21.4768
-18.6222
-20.253
-14.0236
-20.8803
-6.07386
-26.6048
30.6968
30.8825
31.081
31.2877
31.5043
31.7306
31.9671
32.2139
32.4715
32.7401
33.0198
33.3108
33.6134
33.9276
34.2536
34.5913
34.9407
35.3016
35.674
36.0575
36.4518
36.8564
37.2706
37.6938
38.1252
38.5636
39.0079
39.457
39.9092
40.363
40.8164
41.2675
41.714
42.1535
42.5834
43.0009
43.4028
43.7862
44.1477
44.4839
44.7914
45.0667
45.3064
45.507
45.6653
45.7782
45.8426
45.8558
45.8152
45.7185
45.5637
45.3489
45.0728
44.7342
44.3323
43.8667
43.3374
42.7447
42.0894
41.3728
40.5966
39.763
38.875
37.9356
36.9497
35.9198
34.857
33.9129
33.0647
32.1712
31.1901
30.2375
29.0369
28.2782
26.4148
26.8783
22.477
28.0005
13.9716
37.7688
26.8129
26.5984
26.3716
26.1401
25.8987
25.6466
25.3858
25.1169
24.8392
24.5504
24.2466
23.9234
23.5758
23.1987
22.7872
22.3385
21.8535
21.3355
20.7874
20.2096
19.6005
18.958
18.2803
17.5657
16.8129
16.0203
15.1866
14.3101
13.3898
12.4244
11.4129
10.3545
9.24868
8.09519
6.89429
5.64653
4.353
3.01537
1.636
0.21788
-1.23529
-2.71902
-4.22793
-5.75573
-7.29531
-8.83869
-10.3769
-11.9003
-13.3985
-14.8606
-16.275
-17.6302
-18.9145
-20.1162
-21.2244
-22.2286
-23.1193
-23.8881
-24.5281
-25.0336
-25.4009
-25.6279
-25.7136
-25.6613
-25.4696
-25.1537
-24.697
-24.2266
-23.679
-23.1565
-22.3204
-21.7951
-20.4069
-20.3224
-17.6531
-19.2761
-13.3667
-19.9796
-5.78837
-25.6544
26.9893
27.1518
27.3254
27.5065
27.6965
27.8952
28.1032
28.3206
28.5479
28.7852
29.0328
29.291
29.5599
29.84
30.1312
30.4336
30.7475
31.0729
31.4097
31.7578
32.1171
32.4874
32.8684
33.2595
33.6603
34.07
34.4879
34.913
35.3442
35.7802
36.2195
36.6605
37.1015
37.5404
37.975
38.4031
38.822
39.229
39.6212
39.9956
40.349
40.678
40.9794
41.2496
41.4853
41.683
41.8394
41.9512
42.0153
42.0289
41.9894
41.8942
41.7412
41.5287
41.2552
40.9195
40.521
40.0594
39.5349
38.9482
38.3004
37.5934
36.8295
36.0114
35.1435
34.228
33.2756
32.4226
31.6523
30.8368
29.9374
29.0597
27.95
27.2445
25.5084
25.943
21.798
27.0532
13.6055
36.6945
23.669
23.4842
23.2886
23.0881
22.878
22.6573
22.4277
22.1903
21.9453
21.6921
21.4288
21.1523
20.8584
20.543
20.2013
19.8289
19.4235
18.9857
18.5187
18.025
17.505
16.9572
16.3798
15.7711
15.1299
14.4548
13.7446
12.998
12.2138
11.3909
10.5282
9.62491
8.68034
7.69393
6.66555
5.59527
4.48356
3.33136
2.14012
0.911824
-0.350937
-1.64497
-2.96628
-4.31009
-5.67091
-7.04246
-8.41755
-9.78831
-11.1461
-12.4816
-13.7851
-15.0461
-16.2543
-17.3988
-18.4694
-19.4557
-20.3481
-21.1378
-21.8169
-22.3787
-22.8179
-23.131
-23.3147
-23.3708
-23.2953
-23.1021
-22.7715
-22.4131
-21.9665
-21.5474
-20.8245
-20.403
-19.1474
-19.1415
-16.6556
-18.2651
-12.6772
-19.0437
-5.47679
-24.6728
23.8222
23.9646
24.1165
24.2752
24.4417
24.6162
24.799
24.9903
25.1904
25.3997
25.6184
25.8468
26.0852
26.3337
26.5926
26.8621
27.1425
27.4337
27.7359
28.0492
28.3736
28.7089
29.055
29.4118
29.7789
30.1559
30.5422
30.9373
31.3404
31.7505
32.1666
32.5873
33.0115
33.4373
33.8631
34.2868
34.7063
35.1193
35.5231
35.9152
36.2927
36.6524
36.9913
37.3062
37.5935
37.85
38.0722
38.2567
38.4002
38.4995
38.5515
38.5532
38.5021
38.3957
38.2319
38.0091
37.726
37.3815
36.9753
36.5074
35.9784
35.3896
34.7426
34.0398
33.285
32.4799
31.6346
30.8707
30.1769
29.4384
28.6202
27.817
26.7984
26.1464
24.5394
24.9451
21.0638
26.0446
13.2052
35.5505
20.9666
20.807
20.638
20.4645
20.2821
20.0896
19.8881
19.6785
19.4615
19.2374
19.0058
18.765
18.5124
18.2444
17.9573
17.6468
17.309
16.9418
16.5458
16.1237
15.6779
15.2086
14.7145
14.194
13.6455
13.0679
12.4602
11.8212
11.1499
10.4452
9.70602
8.93168
8.12133
7.27437
6.39045
5.46939
4.51128
3.5166
2.48618
1.42131
0.323717
-0.804372
-1.96007
-3.13981
-4.33944
-5.5541
-6.7781
-8.0051
-9.22802
-10.4391
-11.6301
-12.7921
-13.9157
-14.9915
-16.0097
-16.9608
-17.8354
-18.6246
-19.3203
-19.9152
-20.4027
-20.7783
-21.0373
-21.1801
-21.2004
-21.1109
-20.8897
-20.6298
-20.2736
-19.9475
-19.3292
-19.0022
-17.8735
-17.9373
-15.6342
-17.2191
-11.9616
-18.0671
-5.14814
-23.6441
21.0998
21.2246
21.3576
21.4967
21.6428
21.796
21.9565
22.1248
22.3009
22.4853
22.6783
22.88
23.0907
23.3108
23.5404
23.7798
24.0293
24.2889
24.5588
24.8393
25.1303
25.4319
25.744
26.0667
26.3998
26.7429
27.0959
27.4583
27.8296
28.2093
28.5963
28.99
29.3892
29.7928
30.1993
30.6071
31.0145
31.4196
31.8201
32.2137
32.5981
32.9703
33.3276
33.6669
33.9852
34.2791
34.5453
34.7804
34.9811
35.144
35.2658
35.3433
35.3736
35.3537
35.2813
35.154
34.9699
34.7276
34.4261
34.0647
33.6434
33.1629
32.6243
32.0294
31.3811
30.6812
29.9388
29.2609
28.6413
27.9781
27.2394
26.5098
25.5817
24.9829
23.5065
23.8813
20.2762
24.9622
12.7833
34.3108
18.6181
18.4801
18.3339
18.1835
18.0253
17.8579
17.6819
17.4977
17.3058
17.1068
16.9013
16.6889
16.4683
16.237
15.992
15.7298
15.4466
15.1389
14.8051
14.446
14.0639
13.6609
13.2371
12.7913
12.3214
11.8264
11.3052
10.7571
10.181
9.576
8.94111
8.27555
7.57855
6.84946
6.08783
5.29331
4.46583
3.60551
2.71282
1.78857
0.833898
-0.149651
-1.16001
-2.19452
-3.25008
-4.32295
-5.40869
-6.50226
-7.59791
-8.68941
-9.76971
-10.8313
-11.8661
-12.8656
-13.8214
-14.7246
-15.5663
-16.3381
-17.0317
-17.6397
-18.155
-18.5724
-18.8861
-19.0952
-19.192
-19.1879
-19.0592
-18.8843
-18.608
-18.3637
-17.8412
-17.5971
-16.5919
-16.7099
-14.5976
-16.1329
-11.2348
-17.0305
-4.82413
-22.5403
18.7341
18.8436
18.96
19.082
19.2101
19.3445
19.4855
19.6334
19.7883
19.9506
20.1206
20.2985
20.4846
20.6792
20.8824
21.0945
21.3159
21.5466
21.7868
22.0369
22.2968
22.5668
22.8468
23.1369
23.437
23.7471
24.067
24.3965
24.7353
25.0828
25.4386
25.802
26.1723
26.5485
26.9296
27.3143
27.7012
28.0888
28.4753
28.8587
29.2369
29.6077
29.9683
30.3163
30.6486
30.9624
31.2545
31.5216
31.7604
31.9677
32.1401
32.2743
32.3671
32.4155
32.4167
32.3678
32.2668
32.1115
31.9003
31.6324
31.307
30.9239
30.4839
29.9882
29.439
28.8376
28.1925
27.5968
27.0485
26.4577
25.7964
25.1384
24.3001
23.7524
22.4116
22.7442
19.4455
23.7847
12.3754
32.9249
16.5797
16.46
16.3332
16.2027
16.0653
15.9196
15.7653
15.6013
15.4263
15.2399
15.0427
14.8363
14.6225
14.4028
14.179
13.9525
13.7231
13.4864
13.2351
12.96
12.6537
12.3136
11.944
11.5524
11.1434
10.7158
10.2667
9.7939
9.29646
8.77395
8.22575
7.65116
7.04927
6.41948
5.76123
5.07416
4.35799
3.61265
2.83834
2.03549
1.20485
0.347438
-0.535279
-1.44134
-2.36848
-3.31375
-4.27378
-5.24461
-6.22153
-7.19962
-8.173
-9.13524
-10.0797
-10.999
-11.8856
-12.7315
-13.5289
-14.2696
-14.9457
-15.5501
-16.0755
-16.5162
-16.8657
-17.1223
-17.2773
-17.3409
-17.2884
-17.1841
-16.9775
-16.8021
-16.3687
-16.1909
-15.312
-15.4568
-13.5593
-14.9935
-10.5172
-15.915
-4.53743
-21.3352
16.6809
16.7768
16.8789
16.9857
17.098
17.2158
17.3395
17.4692
17.6052
17.7478
17.8971
18.0536
18.2173
18.3886
18.5677
18.7549
18.9503
19.1543
19.367
19.5887
19.8195
20.0595
20.3089
20.5678
20.8363
21.1143
21.4017
21.6983
22.0043
22.3192
22.6426
22.9741
23.3131
23.6591
24.0112
24.3682
24.7292
25.0931
25.4583
25.8232
26.1861
26.5449
26.8976
27.2418
27.575
27.8945
28.1974
28.4808
28.7415
28.9765
29.1824
29.3562
29.4942
29.5936
29.6515
29.6646
29.6306
29.5471
29.4118
29.2236
28.9813
28.6838
28.3316
27.9253
27.4665
26.9558
26.401
25.8825
25.4017
24.8798
24.2928
23.7032
22.9547
22.4511
21.2586
21.5215
18.5876
22.4806
12.0215
31.3562
14.2165
14.118
14.0131
13.9049
13.7911
13.6707
13.5437
13.4104
13.2708
13.1243
12.9709
12.8108
12.6448
12.4733
12.2955
12.1096
11.9137
11.7058
11.4831
11.2422
10.9821
10.7032
10.4061
10.0902
9.75575
9.40355
9.0337
8.64506
8.23649
7.80713
7.35622
6.88321
6.38729
5.86791
5.32445
4.75647
4.16357
3.5455
2.90215
2.23367
1.54034
0.822705
0.0815999
-0.681727
-1.46586
-2.26871
-3.08796
-3.92079
-4.76373
-5.61303
-6.46422
-7.31227
-8.15182
-8.97691
-9.78114
-10.5576
-11.2995
-11.9993
-12.65
-13.2443
-13.7751
-14.2364
-14.6214
-14.9268
-15.1441
-15.2796
-15.3129
-15.2835
-15.1607
-15.0535
-14.7367
-14.6097
-13.913
-14.0343
-12.459
-13.6813
-9.80855
-14.6263
-4.3324
-19.9868
14.3008
14.3812
14.4664
14.5559
14.65
14.7488
14.8525
14.9616
15.0759
15.196
15.3219
15.4539
15.5922
15.7372
15.889
16.0477
16.2138
16.3875
16.5689
16.7582
16.9557
17.1617
17.3762
17.5993
17.8312
18.0721
18.3218
18.5805
18.848
19.1245
19.4095
19.7028
20.0041
20.3133
20.6295
20.952
21.2801
21.6133
21.9502
22.2895
22.63
22.97
23.308
23.6421
23.9701
24.2899
24.5989
24.8943
25.1738
25.4341
25.6724
25.8857
26.0704
26.2235
26.3424
26.4235
26.4638
26.461
26.4124
26.3159
26.17
25.9732
25.725
25.4254
25.075
24.6744
24.2294
23.8054
23.408
22.9706
22.4779
21.97
21.3427
20.8785
19.9053
20.0297
17.6479
20.8551
11.7681
29.4065
11.827
11.7498
11.6677
11.5829
11.4939
11.3998
11.3011
11.1982
11.0917
10.9821
10.8689
10.7511
10.6275
10.497
10.3582
10.2094
10.0483
9.87371
9.68621
9.48699
9.27689
9.05621
8.82449
8.57975
8.31935
8.04248
7.75031
7.44349
7.1214
6.78293
6.42714
6.05343
5.66119
5.24985
4.81882
4.36759
3.89568
3.40273
2.88839
2.35259
1.79519
1.21644
0.616574
-0.00377392
-0.64379
-1.30237
-1.97797
-2.66886
-3.37276
-4.08697
-4.80839
-5.53351
-6.25812
-6.97766
-7.68717
-8.38103
-9.0534
-9.69805
-10.3085
-10.8782
-11.4004
-11.869
-12.2771
-12.6209
-12.8911
-13.0924
-13.2042
-13.2512
-13.2049
-13.1775
-12.9595
-12.9207
-12.3542
-12.5512
-11.163
-12.4012
-8.83252
-13.5195
-3.77348
-19.125
11.8937
11.9578
12.0258
12.0973
12.1725
12.2515
12.3346
12.422
12.5138
12.6102
12.7115
12.8178
12.9293
13.0464
13.1691
13.2977
13.4324
13.5735
13.7213
13.8758
14.0373
14.2062
14.3824
14.5662
14.7578
14.9573
15.165
15.3809
15.6049
15.8373
16.0779
16.3266
16.5835
16.8485
17.1209
17.4006
17.6871
17.98
18.2784
18.5816
18.8886
19.1984
19.5098
19.8212
20.1312
20.4381
20.7398
21.0339
21.3185
21.591
21.8486
22.0889
22.3085
22.5046
22.6743
22.8145
22.922
22.9941
23.0278
23.0206
22.9705
22.8756
22.7345
22.5463
22.3111
22.0286
21.7037
21.3843
21.0793
20.7385
20.3497
19.9434
19.4376
19.0622
18.2594
18.4011
16.3406
19.3753
10.886
28.312
9.87684
9.8154
9.75001
9.68239
9.61131
9.53603
9.45644
9.37257
9.28428
9.19139
9.09384
8.99139
8.88367
8.77008
8.65046
8.5256
8.39601
8.26181
8.12232
7.97639
7.82251
7.65814
7.48074
7.28929
7.08402
6.86522
6.63291
6.38768
6.13008
5.8597
5.57566
5.27714
4.96348
4.63422
4.28889
3.927
3.54809
3.15173
2.73761
2.30543
1.85499
1.38629
0.899314
0.394365
-0.128173
-0.66768
-1.2232
-1.79368
-2.37756
-2.97306
-3.57797
-4.18982
-4.80551
-5.4216
-6.03432
-6.63926
-7.2317
-7.80662
-8.35851
-8.88177
-9.37031
-9.8187
-10.2202
-10.5712
-10.8622
-11.0974
-11.2561
-11.3533
-11.3605
-11.3911
-11.2482
-11.2799
-10.8173
-11.0854
-9.84595
-11.1279
-7.79355
-12.4461
-3.1133
-18.3293
9.93061
9.98275
10.0379
10.0959
10.157
10.2212
10.2888
10.3598
10.4345
10.513
10.5954
10.6819
10.7728
10.8683
10.9683
11.0733
11.1834
11.2989
11.4199
11.5465
11.6789
11.8175
11.9624
12.1137
12.2718
12.4366
12.6084
12.7875
12.9736
13.1671
13.3681
13.5764
13.7921
14.0153
14.2457
14.4831
14.7275
14.9782
15.2351
15.4976
15.765
16.0367
16.3117
16.589
16.8676
17.1462
17.423
17.6965
17.965
18.2265
18.4785
18.719
18.9453
19.1548
19.345
19.5128
19.6554
19.7701
19.8539
19.9043
19.9191
19.8959
19.833
19.7291
19.5835
19.3955
19.1691
18.9376
18.7116
18.4547
18.1576
17.8431
17.4472
17.1589
16.5096
16.692
14.9054
17.8822
9.85026
27.3088
8.18392
8.135
8.08299
8.02913
7.97248
7.91251
7.84914
7.78231
7.71192
7.63772
7.55956
7.47739
7.39125
7.30081
7.20549
7.10495
6.99921
6.88899
6.77492
6.65677
6.53378
6.40478
6.26795
6.12083
5.9619
5.79115
5.60874
5.41463
5.20921
4.9931
4.76641
4.52846
4.27838
4.01556
3.73964
3.45016
3.14676
2.82906
2.49669
2.14935
1.78678
1.40885
1.01545
0.606664
0.18266
-0.256236
-0.709445
-1.17631
-1.65582
-2.14677
-2.64756
-3.15652
-3.67137
-4.18951
-4.70821
-5.22397
-5.73317
-6.23184
-6.71553
-7.17956
-7.61875
-8.02851
-8.40281
-8.73836
-9.02628
-9.27034
-9.45048
-9.57552
-9.61715
-9.68589
-9.59869
-9.68074
-9.30507
-9.62389
-8.52456
-9.82599
-6.7346
-11.3165
-2.43959
-17.3851
8.22705
8.26904
8.31356
8.36031
8.40956
8.46145
8.51602
8.57335
8.6337
8.69718
8.76387
8.83394
8.90762
8.98501
9.06622
9.15155
9.24108
9.33499
9.4335
9.53671
9.64483
9.75807
9.87662
10.0006
10.1303
10.2657
10.407
10.5545
10.7082
10.8683
11.0348
11.2077
11.3873
11.5735
11.7661
11.9653
12.1708
12.3824
12.5999
12.823
13.0513
13.2843
13.5213
13.7617
14.0046
14.2492
14.4941
14.7382
14.9801
15.2183
15.4509
15.6761
15.892
16.0962
16.2865
16.4606
16.6156
16.7493
16.8591
16.9423
16.997
17.0206
17.0114
16.9679
16.889
16.7738
16.6252
16.4652
16.3048
16.119
15.9008
15.6671
15.3697
15.1607
14.6569
14.8743
13.366
16.2602
8.76285
25.9935
6.66125
6.62296
6.58225
6.54004
6.49563
6.44864
6.39902
6.34666
6.2915
6.23332
6.17199
6.10733
6.03933
5.96792
5.89302
5.81437
5.73131
5.64344
5.55113
5.45509
5.35576
5.25289
5.14577
5.03305
4.91275
4.7831
4.64335
4.49358
4.33387
4.1644
3.98582
3.79855
3.60216
3.39589
3.17916
2.9515
2.71265
2.46225
2.2
1.92561
1.63879
1.33935
1.02713
0.702091
0.364242
0.0137234
-0.349151
-0.723991
-1.11017
-1.5069
-1.91311
-2.32758
-2.74876
-3.17472
-3.60343
-4.03232
-4.45858
-4.87914
-5.29047
-5.68889
-6.07008
-6.43032
-6.76439
-7.06962
-7.33786
-7.57286
-7.75556
-7.89148
-7.95229
-8.04319
-7.99515
-8.11099
-7.8058
-8.15903
-7.18478
-8.48983
-5.63282
-10.1209
-1.71715
-16.2979
6.6952
6.72837
6.76356
6.80053
6.83948
6.88048
6.92365
6.96904
7.01678
7.06706
7.11994
7.17556
7.234
7.29542
7.35996
7.42781
7.49903
7.57377
7.65222
7.73455
7.82094
7.91143
8.00625
8.10554
8.20951
8.31825
8.43188
8.55063
8.6746
8.80393
8.93872
9.079
9.22497
9.37666
9.53394
9.69693
9.86566
10.0399
10.2196
10.4046
10.5944
10.789
10.9879
11.1904
11.3962
11.6044
11.8144
12.025
12.2353
12.444
12.6499
12.8514
13.0471
13.2349
13.4131
13.5798
13.7327
13.8698
13.9888
14.0875
14.1639
14.2158
14.2414
14.2393
14.2084
14.1476
14.0592
13.9561
13.849
13.722
13.5704
13.4063
13.1949
13.0562
12.6842
12.9314
11.6865
14.4812
7.54043
24.4005
5.28865
5.25936
5.22818
5.1958
5.16175
5.12575
5.08771
5.04756
5.00525
4.96061
4.91351
4.86384
4.8115
4.75635
4.69841
4.63772
4.57406
4.50694
4.43583
4.36054
4.28155
4.19964
4.11509
4.0275
3.93602
3.83927
3.73542
3.62334
3.50287
3.37407
3.23704
3.09238
2.94059
2.78165
2.61496
2.43989
2.2561
2.06332
1.86131
1.64982
1.42858
1.19737
0.955995
0.704378
0.442457
0.170237
-0.112126
-0.404426
-0.706319
-1.01727
-1.33667
-1.66359
-1.99705
-2.33567
-2.67799
-3.02219
-3.36615
-3.70757
-4.04378
-4.37197
-4.68875
-4.99115
-5.27486
-5.53794
-5.77314
-5.98441
-6.15402
-6.28649
-6.35325
-6.45235
-6.42851
-6.56325
-6.31211
-6.68527
-5.81833
-7.11513
-4.46859
-8.85031
-0.906355
-15.0565
5.31475
5.3403
5.36736
5.39581
5.42578
5.45736
5.49059
5.52552
5.5623
5.60103
5.64176
5.68459
5.72963
5.77697
5.82676
5.87909
5.93404
5.99172
6.05231
6.11593
6.18267
6.25266
6.32605
6.40294
6.48352
6.56786
6.65604
6.7483
6.84472
6.94545
7.05054
7.16006
7.27424
7.39307
7.51649
7.64468
7.77766
7.91532
8.05765
8.20459
8.35585
8.51141
8.67098
8.83415
9.00057
9.16978
9.34131
9.51437
9.68818
9.86199
10.0346
10.2051
10.3723
10.5345
10.6905
10.8388
10.9775
11.1049
11.2192
11.3186
11.4013
11.4655
11.5097
11.5324
11.5328
11.5098
11.4651
11.4051
11.3394
11.259
11.161
11.0541
10.9144
10.8348
10.5764
10.8444
9.83647
12.5206
6.11305
22.5383
3.94777
3.92646
3.90375
3.88013
3.85533
3.82911
3.80143
3.77223
3.74146
3.70899
3.67475
3.63865
3.60059
3.5605
3.5183
3.47396
3.42747
3.37882
3.3278
3.27385
3.21638
3.15554
3.09206
3.02661
2.95933
2.8898
2.81713
2.7399
2.65678
2.56714
2.47083
2.36786
2.25863
2.14376
2.02333
1.89673
1.76337
1.62295
1.47533
1.32044
1.1581
0.988125
0.810373
0.624735
0.431151
0.22962
0.0202083
-0.196959
-0.42166
-0.653569
-0.892259
-1.13715
-1.38755
-1.64256
-1.90116
-2.16209
-2.42388
-2.68485
-2.94311
-3.19668
-3.443
-3.67993
-3.90409
-4.11436
-4.30448
-4.47863
-4.62085
-4.73665
-4.79716
-4.89158
-4.87793
-5.01722
-4.80442
-5.18258
-4.40467
-5.67779
-3.22189
-7.4609
0.0047539
-13.4975
3.9669
3.98564
4.0055
4.0264
4.04842
4.07167
4.09614
4.12189
4.14903
4.17759
4.20765
4.23929
4.27261
4.30767
4.34458
4.38337
4.42414
4.46702
4.51211
4.55946
4.60914
4.66134
4.71615
4.7736
4.83385
4.89699
4.96308
5.03228
5.10468
5.18037
5.25941
5.34187
5.42791
5.51751
5.61069
5.7076
5.80822
5.9125
6.02042
6.13204
6.24712
6.36564
6.48742
6.61217
6.73978
6.86981
7.002
7.13585
7.27081
7.40631
7.54157
7.67591
7.80849
7.93817
8.06403
8.1849
8.29943
8.40642
8.50437
8.59204
8.66796
8.73064
8.77912
8.81207
8.82868
8.82821
8.81193
8.78195
8.74626
8.70063
8.64335
8.58088
8.49765
8.46369
8.29751
8.5712
7.76092
10.3136
4.38687
20.1759
2.80767
2.79314
2.7777
2.76165
2.74475
2.72686
2.70795
2.68801
2.66696
2.64467
2.62118
2.59637
2.57015
2.5425
2.51333
2.48253
2.45008
2.41605
2.38041
2.34307
2.30364
2.26148
2.21625
2.16837
2.1186
2.06723
2.01399
1.95827
1.89898
1.83506
1.76623
1.69269
1.61458
1.53225
1.44648
1.35771
1.26552
1.16913
1.06804
0.962053
0.851071
0.735007
0.61376
0.487218
0.355306
0.217985
0.0752467
-0.072846
-0.226183
-0.38459
-0.547802
-0.715483
-0.88719
-1.06236
-1.24031
-1.42029
-1.6013
-1.78224
-1.96185
-2.13888
-2.31154
-2.4785
-2.6373
-2.78763
-2.92429
-3.0518
-3.15605
-3.24545
-3.29009
-3.36945
-3.35394
-3.486
-3.29617
-3.66797
-2.95758
-4.19384
-1.90542
-5.93708
0.986902
-11.429
2.82058
2.83309
2.84639
2.86036
2.87505
2.89052
2.90677
2.92387
2.94189
2.96082
2.98069
3.00157
3.02354
3.04665
3.07091
3.09636
3.12309
3.15121
3.1807
3.21163
3.24406
3.27809
3.31384
3.35126
3.39046
3.43153
3.47455
3.51957
3.56667
3.61595
3.66742
3.72119
3.77734
3.83585
3.89681
3.96032
4.02645
4.09509
4.16626
4.2401
4.31643
4.39522
4.47642
4.55993
4.64562
4.73323
4.82261
4.91346
5.00546
5.09818
5.19118
5.284
5.37601
5.46658
5.55511
5.64069
5.72246
5.79968
5.87127
5.93642
5.99406
6.04318
6.0832
6.11309
6.13236
6.14058
6.13871
6.12715
6.11038
6.08729
6.05728
6.0249
5.98061
5.97524
5.87546
6.13448
5.47341
7.86371
2.39413
17.0824
1.21331
1.20398
1.19402
1.18364
1.17271
1.16114
1.14893
1.13605
1.12244
1.10803
1.09284
1.0768
1.05983
1.0419
1.02297
1.00295
0.981785
0.959437
0.935793
0.910743
0.884237
0.85626
0.82713
0.798434
0.774079
0.760106
0.762486
0.78429
0.823813
0.874039
0.923218
0.958241
0.969334
0.953098
0.912982
0.857193
0.794436
0.729995
0.665125
0.599019
0.530831
0.460323
0.387579
0.312729
0.23582
0.156837
0.0757613
-0.00738663
-0.0925799
-0.179764
-0.268858
-0.359735
-0.452247
-0.546171
-0.641203
-0.737036
-0.833236
-0.929289
-1.02458
-1.11854
-1.21023
-1.2991
-1.38363
-1.46426
-1.53695
-1.60663
-1.66118
-1.71316
-1.73262
-1.78719
-1.75988
-1.87228
-1.69813
-2.03891
-1.41266
-2.52013
-0.54867
-3.96119
1.72117
-7.87894
1.22177
1.23017
1.23911
1.24851
1.25843
1.26889
1.27987
1.29147
1.30374
1.31664
1.3302
1.34446
1.3595
1.37533
1.39196
1.40941
1.42776
1.44708
1.4673
1.4885
1.51075
1.53405
1.55845
1.58395
1.61059
1.63841
1.66744
1.69768
1.72915
1.76192
1.79594
1.83125
1.86783
1.90568
1.94479
1.98518
2.02685
2.06969
2.11375
2.15899
2.20527
2.25259
2.30093
2.35019
2.40024
2.45104
2.50243
2.55428
2.60649
2.65882
2.71116
2.76324
2.81481
2.86552
2.91509
2.96306
3.00897
3.05259
3.0933
3.13073
3.1644
3.19386
3.21885
3.23869
3.25323
3.26219
3.26624
3.26395
3.25885
3.25085
3.23976
3.22842
3.21138
3.22407
3.1691
3.39565
2.81514
4.8679
0.0955063
11.8912
0.940174
0.940569
0.941036
0.941535
0.942033
0.942549
0.943092
0.943654
0.944236
0.944862
0.945553
0.946315
0.94715
0.948073
0.949109
0.950227
0.95137
0.952531
0.953894
0.956189
0.960958
0.970473
0.986699
1.00898
1.03147
1.04229
1.02586
0.96784
0.860818
0.708837
0.529277
0.349816
0.199801
0.0993395
0.0514212
0.0424236
0.0517734
0.0633425
0.0702847
0.0725021
0.071835
0.0693055
0.0648821
0.0582463
0.0492353
0.0378482
0.0241616
0.00829117
-0.00963858
-0.0294796
-0.0510547
-0.0741727
-0.0986218
-0.124199
-0.150656
-0.177769
-0.205315
-0.233051
-0.260703
-0.288087
-0.314824
-0.340928
-0.365624
-0.389925
-0.411181
-0.434037
-0.449423
-0.47156
-0.471086
-0.500134
-0.467955
-0.546904
-0.413976
-0.660214
-0.228877
-0.964142
0.268164
-1.71014
1.47695
-3.27839
0.939671
0.939021
0.938322
0.937536
0.936681
0.935747
0.934695
0.933552
0.932312
0.930954
0.929467
0.927845
0.926101
0.924211
0.92217
0.919971
0.917617
0.915121
0.912439
0.909599
0.906623
0.903478
0.900177
0.896745
0.893193
0.889528
0.885793
0.881984
0.878142
0.874322
0.870541
0.866848
0.863266
0.859873
0.85672
0.853846
0.851316
0.849173
0.847525
0.846389
0.845782
0.845776
0.846436
0.847755
0.849745
0.852436
0.855766
0.859707
0.864199
0.869192
0.874634
0.880389
0.886403
0.892551
0.898777
0.904939
0.910919
0.916693
0.921912
0.926429
0.930037
0.932633
0.934229
0.934623
0.934032
0.932392
0.930664
0.931827
0.928864
0.923855
0.917356
0.910482
0.900124
0.900374
0.861903
0.983992
0.643473
1.83657
-0.737553
5.29314
)
;

boundaryField
{
    inlet
    {
        type            freestreamPressure;
        freestreamValue uniform 0;
        value           nonuniform List<scalar> 
134
(
4.28658
1.44239
-1.59674
-4.31254
-6.34915
-7.69058
-8.08769
-7.49857
-5.92313
-2.86672
-0.577651
-0.931576
-1.57351
-2.19604
-2.8336
-3.50459
-4.21385
-4.96422
-5.76535
-6.63513
6.99945
-7.59783
-8.6636
-9.77889
-10.814
-11.5471
-11.8892
-12.493
-12.496
-12.7173
-15.048
-13.8628
-13.884
-14.1163
-14.2833
-14.3521
-14.4164
-14.6271
-15.1932
-15.8891
9.491
11.9681
13.9162
14.7688
14.0957
11.2163
5.51249
-17.4114
-16.9847
-16.3469
-15.9203
-15.5956
-15.2374
-14.8393
-14.4336
-14.0302
-13.6236
-13.2093
-12.787
-12.3568
-11.9164
-11.4613
-10.9842
-10.4721
-9.91274
-9.28662
-8.88644
-8.51682
-8.07797
-7.57246
-6.9951
-6.26999
-5.30809
-3.65848
-1.52169
1.65111
3.78415
6.23413
8.69799
11.1252
13.4556
15.4438
16.9535
18.012
18.6535
18.977
19.0943
19.1014
19.0743
19.1231
19.4277
20.0636
20.7738
21.352
21.8189
22.2186
22.5599
22.8291
23.0185
23.1321
23.1839
23.2069
23.2685
23.5389
24.2799
25.9181
26.6323
25.9779
25.2134
24.7279
24.3371
23.8936
23.4076
22.9168
22.4266
21.9274
21.4134
20.8822
20.3306
19.7521
19.1361
18.4687
17.7228
16.8786
15.8293
15.2406
14.7015
13.9947
13.1387
12.1382
10.8683
9.20476
6.40961
2.85477
)
;
    }
    outlet
    {
        type            freestreamPressure;
        freestreamValue uniform 0;
        value           nonuniform List<scalar> 
160
(
0.000970596
0.000970158
0.000970922
0.000969571
0.000971314
0.000968944
0.000971732
0.000968233
0.000972143
0.000967457
0.000972565
0.000966606
0.000973008
0.000965642
0.000973465
0.000964593
0.000973932
0.000963452
0.000974436
0.000962198
0.000974997
0.000960822
0.000975619
0.000959318
0.000976308
0.000957699
0.000977081
0.000955943
0.000977968
0.000954044
0.000978943
0.000951997
0.000979947
0.000949805
0.000980936
0.000947482
0.000982021
0.000944987
0.000983821
0.000942345
0.000987803
0.000939584
0.000996287
0.00093667
0.00101151
0.000933618
0.00103328
0.000930454
0.00105628
0.000927194
0.00106886
0.000923844
0.00105501
0.00092045
0.00099911
0.000917015
0.000891959
0.000913577
0.000736417
0.000910201
0.000550272
0.000906903
0.000363196
0.00090374
0.00020682
0.00090074
0.000102442
0.000897982
5.28372e-05
0.00089553
4.34723e-05
0.000893424
5.29651e-05
0.000891743
6.47505e-05
0.000890532
7.18275e-05
0.000889914
7.40851e-05
0.000889916
7.33947e-05
0.00089056
7.07995e-05
0.000891935
6.62705e-05
0.000894117
5.94847e-05
0.000897116
5.02771e-05
0.000900953
3.86465e-05
0.00090568
2.46707e-05
0.000911245
8.46613e-06
0.000917636
-9.84293e-06
0.000924814
-3.01099e-05
0.00093274
-5.21603e-05
0.000941387
-7.58076e-05
0.000950633
-0.000100847
0.000960441
-0.000127084
0.000970709
-0.000154282
0.000981395
-0.000182233
0.000992386
-0.000210729
0.00100356
-0.000239548
0.00101495
-0.000268436
0.00102617
-0.000297234
0.00103709
-0.000325587
0.0010475
-0.000353532
0.00105729
-0.000380323
0.0010665
-0.000406994
0.0010749
-0.000430918
0.00108274
-0.000456769
0.00108998
-0.000475468
0.00109772
-0.000500891
0.00110803
-0.00050317
0.00111262
-0.000535671
0.00111568
-0.000506144
0.00111781
-0.000590808
0.00112049
-0.000456555
0.00112005
-0.000716696
0.00113361
-0.000261144
0.00110134
-0.00103608
0.00127013
0.000326992
0.000856797
-0.00173902
0.00238882
0.00206893
-0.00109663
-0.00278462
0.00627073
)
;
    }
    walls
    {
        type            zeroGradient;
    }
    frontAndBack
    {
        type            empty;
    }
}


// ************************************************************************* //
