/*--------------------------------*- C++ -*----------------------------------*\
| =========                 |                                                 |
| \\      /  F ield         | OpenFOAM: The Open Source CFD Toolbox           |
|  \\    /   O peration     | Version:  v1806                                 |
|   \\  /    A nd           | Web:      www.OpenFOAM.com                      |
|    \\/     M anipulation  |                                                 |
\*---------------------------------------------------------------------------*/
FoamFile
{
    version     2.0;
    format      ascii;
    class       volScalarField;
    location    "292";
    object      p;
}
// * * * * * * * * * * * * * * * * * * * * * * * * * * * * * * * * * * * * * //

dimensions      [0 2 -2 0 0 0 0];


internalField   nonuniform List<scalar> 
10720
(
525.132
190.777
-212.474
-628.384
-1035.01
-1461.21
-1857.46
-2210.65
-2533.1
-2805.24
-3033.33
-3221.65
-3371.58
-3486.33
-3566.5
-3611.25
-3627.36
-3607.5
-3556.12
-3465.05
-3339.11
-3173.49
-2979.74
-2762.47
-2540.95
-2343.72
-2166.06
-1988.8
-1810.62
-1632.92
-1454.97
-1276.24
-1096.33
-914.242
-728.601
-533.776
-325.569
-71.3509
214.129
843.19
1124.03
1402.36
1642.63
1817.71
1906.71
1924.05
1880.92
1769.38
1615.07
1448.96
1288.41
1138.62
1003.18
884.02
775.94
677.618
585.413
497.36
409.937
322.974
234.476
145.283
58.1714
-14.6171
-66.7309
-105.452
-133.509
-151.098
-158.044
-154.848
-142.11
-120.354
-89.5618
-49.5034
2.4957
70.551
176.614
348.224
832.821
582.912
293.751
-24.2978
-361.209
-715.526
-1070.27
-1414
-1741.71
-2043.25
-2315.08
-2554.98
-2761.39
-2933.7
-3071.51
-3173.9
-3241.44
-3269.44
-3260.61
-3211.54
-3124.68
-2998.21
-2840.47
-2657.17
-2464.83
-2286.91
-2121.42
-1953.65
-1782.81
-1610.86
-1437.56
-1262.61
-1085.76
-906.129
-722.406
-529.053
-322
-68.5118
212.081
1051.38
1253.4
1446.14
1619.25
1752.81
1832.19
1854.69
1819.93
1732.36
1610.27
1471.96
1330.03
1191.2
1060.08
939.399
827.778
724.339
627.047
534.205
443.336
353.769
264.135
175.079
89.3428
16.357
-38.4807
-80.2711
-111.409
-131.948
-141.61
-140.892
-130.413
-110.676
-81.646
-43.0395
7.82614
74.9855
180.45
345.913
850.558
628.354
369.999
77.7241
-234.475
-564.278
-903.105
-1237.85
-1560.01
-1862.87
-2138.88
-2384.7
-2598.13
-2777.66
-2922.38
-3031.22
-3103.82
-3139.58
-3139.3
-3101.06
-3025.77
-2913.18
-2769.45
-2601.15
-2422.06
-2251.41
-2090.31
-1927.52
-1761.34
-1593.41
-1423.6
-1251.57
-1077.12
-899.411
-717.188
-525.014
-318.934
-66.7255
209.368
1044.74
1225.54
1396.87
1548.56
1664.44
1736.85
1763.23
1741.59
1675.15
1575.26
1454.82
1325.26
1194.43
1067.66
948.381
837.15
733.426
635.894
542.992
452.706
363.988
275.839
188.705
105.04
32.2606
-24.2934
-67.6366
-100.081
-121.795
-132.606
-132.996
-123.569
-104.796
-76.632
-38.7473
11.5418
78.239
182.872
342.052
873.498
686.546
467.105
219.268
-47.5764
-334.143
-632.402
-933.31
-1230.18
-1516.38
-1785.31
-2032.55
-2254.53
-2448.49
-2611.91
-2743
-2840.33
-2903.28
-2930.15
-2919.26
-2870.48
-2784.12
-2664.89
-2519.46
-2359.58
-2201.67
-2049.32
-1894.33
-1734.68
-1572.04
-1406.63
-1238.25
-1066.79
-891.5
-711.188
-520.562
-315.821
-65.615
205.662
1036.55
1187.75
1332.94
1463.93
1566.01
1633.77
1663.46
1652.22
1602.68
1522.63
1421.77
1309.42
1192.38
1075.68
962.862
855.362
753.345
656.286
563.162
472.577
383.626
295.691
209.212
126.447
53.421
-4.8358
-49.9883
-84.2019
-107.723
-120.386
-122.562
-114.787
-97.4789
-70.582
-33.736
15.7199
81.6941
185.024
337.854
851.351
686.018
491.093
270.019
31.6726
-226.805
-498.771
-776.429
-1054.82
-1327.63
-1588.6
-1833
-2056.46
-2255.3
-2426.42
-2567.36
-2676
-2750.61
-2789.45
-2791.31
-2755.96
-2684.35
-2580.4
-2450.47
-2304.64
-2156.6
-2011.03
-1862.19
-1707.99
-1549.99
-1388.65
-1223.82
-1055.38
-882.635
-704.429
-515.592
-312.521
-64.8798
200.793
995.837
1129.2
1258.05
1375
1467.24
1531.48
1563.65
1560.69
1524.8
1461.37
1377.58
1280.84
1176.83
1070.13
964.316
861.341
762.044
666.539
574.341
484.567
396.502
309.752
224.761
143.556
71.0513
11.8239
-34.7131
-70.3488
-95.3364
-109.473
-113.063
-106.594
-90.4686
-64.6302
-28.6905
19.9911
85.2
187.018
333.385
819.962
673.428
500.132
303.754
92.3695
-138.247
-382.122
-633.002
-887.397
-1139.78
-1384.89
-1618.43
-1835.96
-2033.49
-2207.59
-2355.24
-2473.59
-2560.42
-2614.12
-2633.14
-2616.49
-2564.65
-2480.54
-2369.72
-2240.8
-2105.22
-1968.43
-1827.02
-1679.22
-1526.52
-1369.64
-1208.58
-1043.31
-873.228
-697.24
-510.356
-309.215
-64.6996
194.768
948.26
1066.47
1181.77
1287.46
1371.99
1433.32
1467.21
1470.53
1445.3
1395.38
1326.28
1243.92
1152.89
1057.12
959.898
863.29
768.487
676.044
585.927
497.706
410.957
325.522
241.912
162.009
89.9269
29.8049
-18.1239
-55.2068
-81.7013
-97.4025
-102.548
-97.5662
-82.8082
-58.198
-23.3145
24.4558
88.7475
188.758
328.548
779.763
647.755
491.375
314.206
124.082
-84.1839
-305.299
-533.863
-767.635
-1001.79
-1231.93
-1454.3
-1664.56
-1858.73
-2033.18
-2184.45
-2309.29
-2405.13
-2469.49
-2500.68
-2497.25
-2459.69
-2390.52
-2294.71
-2179.69
-2054.97
-1926.16
-1791.63
-1649.94
-1502.43
-1349.99
-1192.73
-1030.71
-863.368
-689.703
-504.917
-305.956
-65.1035
187.681
895.583
1002.14
1106.87
1203.6
1281.98
1340.75
1375.7
1383.83
1366.92
1327.95
1271.2
1201.45
1122.37
1037.19
948.8
859.151
769.588
680.988
593.677
507.616
422.688
338.963
257.03
178.639
107.29
46.7133
-2.27707
-40.5797
-68.4156
-85.5653
-92.175
-88.6037
-75.1502
-51.7263
-17.8832
28.9491
92.2396
190.179
323.382
736.797
616.936
474.819
314.025
142.127
-46.5707
-247.241
-455.171
-668.989
-884.642
-1098.38
-1307.16
-1507.08
-1694.37
-1865.42
-2016.68
-2144.67
-2246.41
-2319.22
-2361.29
-2370.92
-2348.06
-2294.53
-2214.4
-2113.91
-2000.94
-1881.03
-1753.99
-1618.89
-1476.95
-1329.25
-1176.05
-1017.46
-853.034
-681.842
-499.31
-302.745
-66.0271
179.685
842.233
939.162
1035.15
1124.45
1197.74
1254.17
1289.64
1301.44
1291.04
1260.85
1214.37
1155.51
1087.2
1012.05
932.501
850.26
766.673
682.757
599.076
515.886
433.34
351.713
271.684
194.905
124.446
63.6767
13.8147
-25.6027
-54.7156
-73.2784
-81.3515
-79.2213
-67.124
-44.9511
-12.2274
33.5666
95.7137
191.296
317.934
692.847
583.086
452.913
305.84
149.244
-22.7916
-205.893
-395.809
-591.862
-790.55
-988.782
-1184.14
-1373.17
-1552.45
-1718.59
-1868.03
-1997.19
-2102.94
-2182.31
-2233.16
-2253.44
-2242.71
-2202.34
-2135.78
-2048.25
-1946.27
-1835.01
-1715.34
-1586.78
-1450.49
-1307.62
-1158.6
-1003.6
-842.239
-673.673
-493.573
-299.597
-67.4146
170.943
789.633
878.594
967.282
1050.33
1119.27
1173.5
1209.13
1223.7
1218.38
1195.28
1157.29
1107.71
1048.89
982.943
911.865
837.07
759.791
681.061
601.561
521.767
442.053
362.876
284.997
210.005
140.65
79.9976
29.5305
-10.8158
-41.0673
-60.9444
-70.4174
-69.6942
-58.94
-38.0253
-6.45127
38.2371
99.1197
192.089
312.208
649.435
548.286
428.346
293.074
149.623
-7.97776
-175.656
-349.557
-529.485
-712.388
-895.75
-1077.67
-1255.15
-1425.25
-1584.82
-1730.43
-1858.63
-1966.18
-2049.94
-2107.6
-2137.07
-2137.33
-2109.27
-2055.61
-1980.61
-1889.57
-1787.21
-1675.12
-1553.29
-1422.84
-1285
-1140.34
-989.087
-830.951
-665.183
-487.714
-296.537
-69.2596
161.581
738.86
821.046
903.503
981.184
1046.31
1098.47
1134.01
1150.61
1149.29
1131.89
1100.92
1059.18
1008.64
950.977
887.824
820.298
749.452
676.24
601.378
525.459
449.016
372.645
297.185
224.172
156.129
95.8774
45.0612
3.96206
-27.3024
-48.4073
-59.2319
-59.9027
-50.5047
-30.8819
-0.513197
42.98
102.462
192.565
306.217
607.304
513.579
402.481
277.41
145.337
0.288866
-153.898
-313.695
-479.18
-647.714
-817.254
-986.359
-1152.43
-1312.96
-1465.15
-1605.83
-1731.68
-1839.5
-1926.09
-1988.96
-2025.92
-2035.51
-2018.16
-1975.98
-1912.43
-1831.77
-1738.18
-1633.64
-1518.59
-1394.09
-1261.42
-1121.25
-973.911
-819.169
-656.374
-481.738
-293.592
-71.563
151.656
690.376
766.737
843.786
916.79
978.522
1028.71
1063.95
1082.05
1083.86
1071.07
1045.88
1010.77
967.376
917.079
861.2
800.592
736.094
668.531
598.587
526.894
454.077
380.83
308.038
237.198
170.679
111.102
60.2014
18.5477
-13.5832
-35.8072
-47.9124
-49.9399
-41.8886
-23.5718
5.55066
47.7684
105.717
192.726
299.986
566.898
479.664
376.312
260.176
138.038
4.00853
-138.27
-285.525
-438.059
-593.53
-750.268
-907.211
-1062.15
-1212.99
-1357.26
-1492.09
-1614.39
-1721.09
-1809
-1875.51
-1918.44
-1935.98
-1928.11
-1896.37
-1843.47
-1772.76
-1687.83
-1590.88
-1482.66
-1364.22
-1236.86
-1101.34
-958.069
-806.887
-647.244
-475.656
-290.785
-74.3275
141.213
644.431
715.708
787.998
856.859
915.536
963.846
998.63
1017.79
1022.05
1013
992.599
963.055
925.807
881.996
832.705
778.552
720.177
658.253
593.374
526.155
457.255
387.414
317.53
249.071
184.288
125.65
74.9282
32.927
0.0861518
-23.1403
-36.4483
-39.7915
-33.0793
-16.0871
11.7418
52.5961
108.877
192.579
293.537
528.454
446.943
350.436
242.194
128.813
4.52458
-127.2
-263.282
-404.197
-547.859
-692.849
-838.436
-982.741
-1124.02
-1260.18
-1388.65
-1506.6
-1611.13
-1699.16
-1768.03
-1815.55
-1839.69
-1839.97
-1817.47
-1774.25
-1712.91
-1636.4
-1546.97
-1445.57
-1333.27
-1211.33
-1080.6
-941.553
-794.1
-637.797
-469.475
-288.127
-77.5409
130.284
601.076
667.885
735.919
801.081
856.963
903.478
937.702
957.576
963.757
957.745
941.302
916.447
884.47
846.338
802.939
754.722
702.145
645.727
585.947
523.345
458.565
392.348
325.588
259.71
196.873
139.422
89.1386
47.0053
13.6208
-10.479
-24.8998
-29.5049
-24.1135
-8.45581
18.0378
57.4453
111.926
192.132
286.895
492.068
415.651
325.252
224.044
118.448
2.83157
-119.489
-245.577
-376.054
-509.016
-643.258
-778.295
-912.546
-1044.58
-1172.63
-1294.45
-1407.46
-1508.98
-1596.1
-1666.18
-1717
-1746.51
-1753.75
-1739.39
-1704.96
-1652.37
-1584.02
-1501.98
-1407.38
-1301.26
-1184.84
-1059.04
-924.359
-780.806
-628.032
-463.2
-285.631
-81.1851
118.906
560.301
623.115
687.345
749.152
802.461
847.247
880.826
901.155
908.831
905.29
892.136
871.234
843.764
810.575
772.416
729.599
682.435
631.299
576.541
518.601
458.067
395.643
332.192
269.081
208.388
152.361
102.768
60.7221
26.9702
2.13571
-13.2984
-19.1018
-15.0074
-0.691237
24.4264
62.3024
114.854
191.4
280.085
457.752
385.913
301.002
206.116
107.486
-0.368785
-114.247
-231.375
-352.434
-475.682
-600.102
-725.396
-850.231
-973.447
-1093.56
-1208.61
-1316.32
-1414.23
-1499.63
-1569.98
-1623
-1656.72
-1669.79
-1662.5
-1635.93
-1591.44
-1530.86
-1456.05
-1368.18
-1268.24
-1157.43
-1036.65
-906.491
-767.005
-617.953
-456.834
-283.296
-85.2402
107.13
522.036
581.249
642.027
700.778
751.695
794.824
827.694
848.27
857.105
855.568
845.153
827.584
803.975
775.084
741.559
703.617
661.449
615.299
565.399
512.081
455.844
397.329
337.334
277.151
218.783
164.402
115.739
74.002
40.0654
14.6435
-1.69442
-8.62255
-5.79253
7.18166
30.8869
67.1504
117.648
190.394
273.138
425.47
357.782
277.839
188.671
96.3121
-4.54073
-110.807
-219.853
-332.397
-446.826
-562.283
-678.607
-794.661
-909.521
-1021.96
-1130.29
-1232.49
-1326.37
-1409.42
-1479.21
-1533.49
-1570.38
-1588.22
-1586.99
-1567.4
-1530.34
-1477.11
-1409.3
-1328.04
-1234.28
-1129.11
-1013.47
-887.957
-752.7
-607.561
-450.382
-281.126
-89.6707
95.0061
486.177
542.124
599.75
655.685
704.371
745.912
778.025
798.685
808.405
808.504
800.372
785.623
765.318
740.155
710.712
677.135
639.534
598.04
552.777
503.969
452.013
397.458
341.021
283.904
228.031
175.495
127.989
86.7782
52.8438
26.9887
9.86591
1.89569
3.5022
15.1393
37.3992
71.9732
120.3
189.135
266.084
395.167
331.258
255.838
171.881
85.2003
-9.30179
-108.68
-210.401
-315.219
-421.64
-528.907
-636.965
-744.867
-851.868
-956.969
-1058.72
-1155.36
-1244.93
-1325.14
-1393.72
-1448.45
-1487.58
-1509.24
-1513.13
-1499.65
-1469.3
-1422.97
-1361.89
-1287.08
-1199.43
-1099.94
-989.511
-868.768
-737.899
-596.864
-443.848
-279.115
-94.4399
82.5875
452.604
505.573
560.299
613.621
660.223
700.235
731.555
752.175
762.556
763.987
757.761
745.401
727.932
706.006
680.15
650.469
617.009
579.821
538.932
494.466
446.711
396.114
343.293
289.344
236.106
185.596
139.458
98.9837
65.2401
39.1114
21.3303
12.409
12.8416
23.1532
43.9401
76.753
122.801
187.642
258.951
366.764
306.316
235.051
155.849
74.3535
-14.3743
-107.475
-202.543
-300.328
-399.441
-499.213
-599.685
-700.037
-799.694
-897.831
-993.216
-1084.33
-1169.43
-1246.44
-1313.28
-1367.8
-1408.33
-1432.95
-1441.08
-1432.89
-1408.58
-1368.63
-1313.95
-1245.41
-1163.78
-1069.96
-964.807
-848.944
-722.612
-585.867
-437.231
-277.257
-99.5046
69.9412
421.194
471.425
523.473
574.362
619.002
657.548
688.047
708.522
719.395
721.907
717.279
706.951
691.918
672.801
650.091
623.872
594.146
560.906
524.102
483.766
440.083
393.394
344.203
293.492
243.002
194.676
150.094
110.557
77.191
50.9515
32.645
22.8715
22.1885
31.1931
50.4848
81.4725
125.143
185.938
251.778
340.169
282.912
215.469
140.65
63.8937
-19.5405
-106.909
-195.894
-287.265
-379.701
-472.612
-566.105
-659.478
-752.276
-843.841
-933.122
-1018.82
-1099.38
-1172.97
-1237.66
-1291.42
-1332.64
-1359.45
-1371.03
-1367.35
-1348.4
-1314.31
-1265.67
-1203.16
-1127.42
-1039.24
-939.398
-828.508
-706.853
-574.577
-430.534
-275.54
-104.818
57.1308
391.822
439.523
489.087
537.7
580.479
617.621
647.284
667.535
678.755
682.144
678.857
670.263
657.327
640.652
620.703
597.555
571.182
541.537
508.515
472.069
432.288
389.406
343.816
296.378
248.727
202.714
159.857
121.444
88.6358
62.4487
43.7545
33.2342
31.5018
39.2253
57.0068
86.113
127.322
184.045
244.598
315.294
260.992
197.084
126.308
53.9191
-24.6562
-106.757
-190.177
-275.672
-361.991
-448.6
-535.672
-622.585
-708.999
-794.389
-877.863
-958.303
-1034.36
-1104.38
-1166.61
-1219.17
-1260.48
-1288.8
-1303.1
-1303.21
-1288.96
-1260.2
-1217.21
-1160.46
-1090.46
-1007.85
-913.334
-807.492
-690.641
-563.005
-423.753
-273.95
-110.33
44.2233
364.366
409.72
456.969
503.442
544.459
580.246
609.069
629.034
640.486
644.587
642.432
635.319
624.193
609.645
592.119
571.688
548.316
521.929
492.381
459.563
423.484
384.277
342.222
298.059
253.298
209.701
168.715
131.594
99.517
73.5441
54.6021
43.4458
40.7384
47.2141
63.4774
90.6568
129.334
181.99
237.444
292.043
240.49
179.868
112.843
44.4837
-29.6051
-106.858
-185.16
-265.255
-345.955
-426.784
-507.939
-588.89
-669.37
-748.969
-826.943
-902.325
-973.943
-1040.32
-1099.88
-1150.88
-1191.8
-1221.04
-1237.41
-1240.64
-1230.46
-1206.5
-1168.75
-1117.47
-1053
-975.876
-886.672
-785.933
-673.997
-551.16
-416.886
-272.462
-115.984
31.2921
338.716
381.876
426.958
471.414
510.757
545.245
573.227
592.862
604.451
609.123
607.92
602.081
592.525
579.83
564.43
546.402
525.711
502.264
475.89
446.433
413.832
378.137
339.521
298.594
256.746
215.639
176.643
140.965
109.782
84.1802
65.1311
53.4536
49.8525
55.1213
69.8672
95.0851
131.177
179.798
230.352
270.329
221.339
163.778
100.247
35.6262
-34.3107
-107.081
-180.665
-255.778
-331.308
-406.812
-482.519
-557.956
-632.928
-707.123
-779.898
-850.445
-917.737
-980.47
-1037.22
-1086.39
-1126.52
-1156.16
-1174.03
-1179.79
-1173.09
-1153.39
-1120.46
-1074.32
-1015.18
-943.406
-859.477
-763.875
-656.949
-539.054
-409.929
-271.053
-121.721
18.4131
314.756
355.864
398.908
441.458
479.208
512.448
539.596
558.86
570.512
575.644
575.248
570.503
562.309
551.235
537.706
521.807
503.503
482.699
459.208
432.844
403.49
371.12
335.812
298.054
259.114
220.546
183.632
149.526
119.384
94.3028
75.2856
63.2038
58.7964
62.907
76.145
99.3801
132.851
177.494
223.357
250.063
203.47
148.774
88.5067
27.3562
-38.7174
-107.334
-176.55
-247.068
-317.82
-388.413
-459.086
-529.423
-599.285
-668.435
-736.327
-802.272
-865.386
-924.513
-978.377
-1025.52
-1064.54
-1094.15
-1113.03
-1120.78
-1117
-1101.05
-1072.5
-1031.17
-977.107
-910.542
-831.825
-741.37
-639.527
-526.7
-402.874
-269.694
-127.484
5.65678
292.38
331.567
372.691
413.432
449.667
481.703
508.027
526.892
538.543
544.043
544.331
540.532
533.528
523.878
511.994
497.975
481.798
463.364
442.482
418.947
392.603
363.358
331.206
296.527
260.458
224.444
189.681
157.252
128.282
103.862
85.011
72.6423
67.5217
70.5299
82.2793
103.523
134.356
175.104
216.491
231.161
186.817
134.808
77.598
19.6871
-42.7899
-107.543
-172.71
-238.968
-305.309
-371.361
-437.382
-502.995
-568.111
-632.554
-695.865
-757.457
-816.553
-872.147
-923.093
-968.066
-1005.74
-1034.97
-1054.43
-1063.68
-1062.32
-1049.65
-1025.05
-988.181
-938.93
-877.392
-803.792
-718.476
-621.769
-514.113
-395.716
-268.351
-133.209
-6.89965
271.492
308.869
348.181
387.209
421.998
452.87
478.381
496.827
508.434
514.224
515.093
512.113
506.149
497.747
487.316
474.965
460.679
444.367
425.84
404.882
381.309
354.98
325.818
294.1
260.841
227.371
194.797
164.13
136.443
112.811
94.2561
81.7161
75.9782
77.9473
88.2375
107.497
135.695
172.653
209.787
213.538
171.313
121.833
67.4908
12.6131
-46.5052
-107.656
-169.055
-231.361
-293.61
-355.458
-417.168
-478.409
-539.124
-599.181
-658.198
-715.676
-770.939
-823.104
-871.14
-913.858
-950.013
-978.557
-998.237
-1008.58
-1009.19
-999.321
-978.257
-945.497
-900.78
-844.065
-775.474
-695.254
-603.708
-501.31
-388.441
-266.989
-138.833
-19.1829
251.999
287.671
325.264
362.662
396.068
425.818
450.533
468.551
480.073
486.088
487.451
485.186
480.136
472.836
463.689
452.815
440.211
425.795
409.385
390.766
369.732
346.106
319.754
290.865
260.33
229.372
199
170.153
143.843
121.112
102.973
90.3738
84.1177
85.1161
93.9877
111.284
136.869
170.163
203.273
197.12
156.895
109.797
58.1531
6.12003
-49.8532
-107.637
-165.525
-224.153
-282.6
-340.55
-398.263
-455.444
-512.071
-568.044
-623.043
-676.645
-728.265
-777.119
-822.293
-862.707
-897.22
-924.849
-944.451
-955.519
-957.69
-950.209
-932.272
-903.262
-862.788
-810.687
-746.958
-671.772
-585.396
-488.304
-381.046
-265.565
-144.291
-31.1204
233.815
267.872
303.836
339.679
371.764
400.433
424.367
441.951
453.358
459.547
461.331
459.69
455.445
449.119
441.109
431.546
420.437
407.715
393.207
376.702
357.984
336.849
313.122
286.91
258.999
230.496
202.318
175.324
150.463
128.731
111.117
98.5671
91.8927
91.995
99.497
114.867
137.881
167.657
196.975
181.836
143.499
98.6531
49.5516
0.192973
-52.8283
-107.461
-162.068
-217.266
-272.173
-326.501
-380.504
-433.92
-486.745
-538.916
-590.158
-640.115
-688.279
-733.957
-776.339
-814.441
-847.225
-873.765
-893.036
-904.525
-907.901
-902.424
-887.233
-861.62
-825.089
-777.367
-718.347
-648.103
-566.869
-475.122
-373.517
-264.044
-149.528
-42.6427
216.856
249.385
283.798
318.161
348.981
376.61
399.78
416.924
428.193
434.512
436.657
435.563
432.028
426.566
419.568
411.169
401.393
390.182
377.379
362.777
346.163
327.315
306.023
282.334
256.926
230.801
204.784
179.657
156.296
135.642
118.65
106.252
99.256
98.5427
104.735
118.229
138.736
165.151
190.914
167.615
131.067
88.3488
41.6526
-5.18981
-55.4347
-107.109
-158.649
-210.641
-262.25
-313.206
-363.763
-413.675
-462.967
-511.593
-559.324
-605.86
-650.756
-693.401
-733.074
-768.889
-799.89
-825.221
-843.962
-855.614
-859.884
-856.058
-843.259
-820.704
-787.819
-744.229
-689.732
-624.325
-548.183
-461.776
-365.847
-262.388
-154.48
-53.6871
201.046
232.125
265.065
298.013
327.622
354.247
376.672
393.375
404.487
410.901
413.357
412.744
409.841
405.147
399.048
391.686
383.096
373.233
361.955
349.065
334.354
317.596
298.554
277.223
254.188
230.347
206.441
183.17
161.339
141.826
125.541
113.386
106.164
104.72
109.671
121.356
139.434
162.664
185.109
154.391
119.54
78.8394
34.419
-10.0501
-57.6817
-106.574
-155.236
-204.23
-252.759
-300.569
-347.916
-394.572
-440.572
-485.898
-530.353
-573.68
-615.494
-655.254
-692.315
-725.882
-755.084
-779.117
-797.181
-808.783
-813.676
-811.197
-800.455
-780.637
-751.102
-711.391
-661.223
-600.511
-529.39
-448.294
-358.026
-260.546
-159.095
-64.1908
186.314
216.014
247.55
279.145
307.594
333.251
354.952
371.215
382.156
388.636
391.358
391.17
388.829
384.823
379.524
373.087
365.554
356.893
346.978
335.626
322.634
307.775
290.8
271.662
250.86
229.197
207.334
185.892
165.601
147.272
131.764
119.938
112.578
110.49
114.278
124.231
139.981
160.207
179.573
142.105
108.864
70.0789
27.8139
-14.4122
-59.5762
-105.85
-151.809
-197.993
-243.64
-288.515
-332.868
-376.491
-419.428
-461.676
-503.071
-543.394
-582.305
-619.331
-653.89
-685.271
-712.677
-735.365
-752.629
-764.01
-769.304
-767.897
-758.915
-741.528
-715.051
-678.964
-632.915
-576.747
-510.538
-434.699
-350.044
-258.492
-163.316
-74.096
172.592
200.979
231.175
261.479
288.813
313.538
334.534
350.361
361.121
367.642
370.593
370.784
368.942
365.552
360.969
355.358
348.768
341.179
332.48
322.506
311.062
297.924
282.841
265.73
247.017
227.417
207.514
187.855
169.095
151.977
137.3
125.877
118.463
115.818
118.528
126.842
140.377
157.792
174.314
130.697
98.9879
62.0221
21.8029
-18.3017
-61.1353
-104.941
-148.358
-191.903
-234.852
-276.983
-318.541
-359.336
-399.416
-438.796
-477.334
-514.845
-551.029
-585.465
-617.639
-646.907
-672.542
-693.859
-710.244
-721.268
-726.773
-726.203
-718.714
-703.475
-679.777
-647.058
-604.906
-553.108
-491.689
-421.014
-341.899
-256.185
-167.099
-83.3561
159.817
186.954
215.869
244.937
271.202
295.027
315.338
330.737
341.308
347.85
350.998
351.523
350.132
347.291
343.351
338.476
332.729
326.097
318.484
309.742
299.688
288.107
274.745
259.5
242.73
225.071
207.032
189.096
171.843
155.945
142.138
131.181
123.791
120.675
122.399
129.176
140.623
155.424
169.336
120.113
89.8617
54.6269
16.3505
-21.7451
-62.374
-103.85
-144.874
-185.94
-226.358
-265.922
-304.867
-343.021
-380.436
-417.141
-453.013
-487.892
-521.516
-553.511
-583.418
-610.652
-634.561
-654.505
-669.954
-680.519
-686.083
-686.149
-679.913
-666.56
-645.377
-615.773
-577.294
-529.674
-472.894
-407.268
-333.589
-253.594
-170.401
-91.9306
147.93
173.875
201.565
229.447
254.687
277.644
297.29
312.268
322.644
329.191
332.508
333.333
332.345
329.998
326.634
322.421
317.425
311.646
305.003
297.361
288.553
278.373
266.576
253.04
238.068
222.22
205.944
189.656
173.87
159.187
146.275
135.834
128.537
125.038
125.869
131.222
140.72
153.108
164.637
110.301
81.4383
47.8523
11.4227
-24.7675
-63.3084
-102.582
-141.349
-180.083
-218.124
-255.283
-291.785
-327.473
-362.404
-396.611
-429.992
-462.409
-493.634
-523.331
-551.089
-576.382
-598.617
-617.204
-631.689
-641.719
-647.22
-647.751
-642.557
-630.856
-611.938
-585.201
-550.164
-506.522
-454.208
-393.489
-325.11
-250.694
-173.185
-99.7806
136.875
161.681
188.199
214.946
239.201
261.321
280.322
294.885
305.065
311.601
315.065
316.155
315.53
313.629
310.782
307.161
302.837
297.819
292.04
285.381
277.688
268.769
258.386
246.408
233.09
218.925
204.303
189.582
175.21
161.72
149.713
139.828
132.686
128.885
128.922
132.968
140.666
150.843
160.211
101.213
73.6737
41.6589
6.98677
-27.3943
-63.9576
-101.147
-137.785
-174.32
-210.128
-245.031
-279.246
-312.627
-345.238
-377.116
-408.172
-438.289
-467.268
-494.804
-520.532
-543.976
-564.599
-581.862
-595.369
-604.816
-610.161
-611.015
-606.683
-596.417
-579.533
-555.425
-523.601
-483.722
-435.686
-379.706
-316.469
-247.461
-175.421
-106.88
126.599
150.318
175.714
201.372
224.679
245.993
264.368
278.525
288.505
295.019
298.608
299.937
299.637
298.138
295.757
292.667
288.944
284.605
279.597
273.813
267.115
259.325
250.217
239.655
227.854
215.243
202.162
188.917
175.896
163.567
152.464
143.162
136.228
132.203
131.545
134.406
140.458
148.626
156.047
92.8013
66.5255
36.0094
3.01054
-29.6523
-64.3389
-99.5562
-134.181
-168.646
-202.353
-235.137
-267.21
-298.435
-328.877
-358.578
-387.464
-415.432
-442.307
-467.817
-491.633
-513.325
-532.407
-548.39
-560.923
-569.754
-574.87
-575.935
-572.309
-563.29
-548.222
-526.517
-497.676
-461.343
-417.381
-365.951
-307.67
-243.883
-177.091
-113.208
117.052
139.732
164.053
188.666
211.063
231.598
249.366
263.126
272.906
279.386
283.084
284.624
284.619
283.483
281.522
278.907
275.722
271.989
267.666
262.661
256.851
250.072
242.11
232.83
222.41
211.228
199.574
187.71
175.969
164.756
154.543
145.84
139.159
134.982
133.728
135.531
140.095
146.453
152.131
85.0233
59.9541
30.8679
-0.53649
-31.5657
-64.4706
-97.8183
-130.541
-163.053
-194.781
-225.577
-255.64
-284.846
-313.262
-340.931
-367.791
-393.751
-418.659
-442.27
-464.289
-484.327
-501.942
-516.695
-528.273
-536.474
-541.311
-542.495
-539.442
-531.502
-518.055
-498.539
-472.458
-439.447
-399.341
-352.255
-298.725
-239.952
-178.178
-118.755
108.189
129.874
153.165
176.775
198.297
218.081
235.26
248.631
258.21
264.649
268.438
270.167
270.428
269.618
268.035
265.848
263.144
259.951
256.238
251.926
246.905
241.027
234.094
225.971
216.805
206.928
196.589
186.008
175.468
165.32
155.973
147.876
141.484
137.222
135.466
136.338
139.571
144.314
148.446
77.8379
53.9218
26.2004
-3.68422
-33.1592
-64.3723
-95.9481
-126.872
-157.538
-187.404
-216.328
-244.506
-271.821
-298.341
-324.112
-349.081
-373.168
-396.238
-418.073
-438.407
-456.887
-473.112
-486.692
-497.344
-504.917
-509.439
-510.669
-508.079
-501.072
-489.07
-471.539
-448
-418.088
-381.615
-338.65
-289.649
-235.664
-178.677
-123.517
99.9665
120.7
143.002
165.648
186.328
205.387
221.995
234.986
244.363
250.753
254.618
256.517
257.017
256.503
255.259
253.456
251.181
248.47
245.299
241.603
237.284
232.208
226.193
219.11
211.079
202.389
193.253
183.856
174.438
165.295
156.782
149.287
143.211
138.924
136.758
136.823
138.884
142.199
144.97
71.2063
48.3928
21.9747
-6.45986
-34.4562
-64.0612
-93.9568
-123.178
-152.1
-180.209
-207.375
-233.784
-259.327
-284.074
-308.072
-331.274
-353.613
-374.968
-395.144
-413.899
-430.919
-445.835
-458.301
-468.065
-475.015
-479.205
-480.426
-478.208
-472.006
-461.29
-445.556
-424.352
-397.315
-364.244
-325.167
-280.46
-231.025
-178.589
-127.497
92.3413
112.164
133.517
155.237
175.107
193.466
209.519
222.14
231.316
237.65
241.577
243.626
244.342
244.094
243.156
241.697
239.806
237.524
234.834
231.683
227.987
223.623
218.428
212.276
205.267
197.651
189.612
181.301
172.92
164.72
157.001
150.099
144.358
140.099
137.609
136.987
138.029
140.096
141.68
65.0922
43.3322
18.1603
-8.89071
-35.4799
-63.5548
-91.8561
-119.464
-146.74
-173.193
-198.703
-223.45
-247.333
-270.422
-292.763
-314.316
-335.025
-354.781
-373.408
-390.689
-406.339
-420.027
-431.441
-440.36
-446.709
-450.556
-451.728
-449.808
-444.302
-434.727
-420.617
-401.549
-377.169
-347.269
-311.839
-271.179
-226.047
-177.925
-130.707
85.2759
104.226
124.668
145.498
164.587
182.27
197.787
210.043
219.021
225.292
229.269
231.45
232.359
232.35
231.688
230.537
228.989
227.088
224.826
222.157
219.011
215.279
210.812
205.492
199.401
192.753
185.706
178.386
170.958
163.634
156.667
150.339
144.946
140.759
138.027
136.831
137.001
137.992
138.553
59.461
38.7092
14.7277
-11.0026
-36.2511
-62.8716
-89.6585
-115.739
-141.457
-166.349
-190.3
-213.487
-235.814
-257.35
-278.143
-298.158
-317.347
-335.612
-352.796
-368.703
-383.074
-395.613
-406.04
-414.161
-419.933
-423.437
-424.533
-422.85
-417.947
-409.386
-396.741
-379.618
-357.683
-330.723
-298.696
-261.83
-220.749
-176.699
-133.164
78.7335
96.8474
116.414
136.389
154.726
171.757
186.752
198.653
207.431
213.632
217.648
219.946
221.027
221.234
220.818
219.943
218.701
217.137
215.253
213.012
210.352
207.178
203.357
198.778
193.506
187.727
181.575
175.153
168.597
162.081
155.816
150.04
145
140.924
138.022
136.362
135.798
135.874
135.564
54.2801
34.4928
11.6498
-12.82
-36.7917
-62.0283
-87.3769
-112.011
-136.255
-159.673
-182.159
-203.879
-224.746
-244.83
-264.176
-282.756
-300.529
-317.406
-333.247
-347.874
-361.055
-372.522
-382.026
-389.398
-394.623
-397.792
-398.794
-397.3
-392.92
-385.259
-373.932
-358.578
-338.884
-314.636
-285.767
-252.439
-215.152
-174.935
-134.892
72.6801
89.9916
108.719
127.87
145.483
161.882
176.371
187.924
196.504
202.631
206.674
209.073
210.307
210.706
210.511
209.882
208.912
207.648
206.098
204.233
202.001
199.32
196.069
192.148
187.606
182.604
177.255
171.642
165.876
160.101
154.49
149.238
144.552
140.618
137.61
135.585
134.419
133.729
132.688
49.5186
30.6547
8.90022
-14.3659
-37.1206
-61.0408
-85.0233
-108.286
-131.138
-153.164
-174.269
-194.61
-214.11
-232.833
-250.829
-268.071
-284.523
-300.109
-314.702
-328.14
-340.215
-350.684
-359.33
-366.005
-370.716
-373.563
-374.459
-373.117
-369.191
-362.33
-352.189
-338.438
-320.79
-299.032
-273.079
-243.035
-209.284
-172.661
-135.923
67.0825
83.6248
101.545
119.904
136.819
152.607
166.605
177.817
186.199
192.246
196.306
198.791
200.162
200.732
200.734
200.323
199.594
198.596
197.339
195.805
193.949
191.701
188.954
185.614
181.72
177.409
172.777
167.89
162.839
157.739
152.73
147.973
143.634
139.868
136.811
134.511
132.86
131.542
129.9
45.1479
27.1675
6.45478
-15.6626
-37.2566
-59.9244
-82.6101
-104.573
-126.107
-146.82
-166.623
-185.67
-203.887
-221.338
-238.072
-254.066
-269.291
-283.676
-297.109
-309.444
-320.493
-330.039
-337.888
-343.916
-348.148
-350.689
-351.477
-350.257
-346.727
-340.577
-331.501
-319.202
-303.412
-283.933
-260.659
-233.646
-203.177
-169.912
-136.289
61.9103
77.7149
94.8601
112.456
128.698
143.896
157.415
168.294
176.478
182.44
186.507
189.065
190.554
191.276
191.453
191.237
190.721
189.956
188.958
187.713
186.188
184.319
182.013
179.186
175.865
172.168
168.172
163.934
159.524
155.034
150.578
146.283
142.283
138.702
135.647
133.151
131.125
129.304
127.177
41.1406
24.0063
4.28964
-16.7301
-37.2187
-58.6941
-80.1473
-100.877
-121.165
-140.639
-159.217
-177.047
-194.061
-210.322
-225.877
-240.708
-254.79
-268.061
-280.419
-291.732
-301.831
-310.524
-317.637
-323.069
-326.857
-329.113
-329.791
-328.672
-325.49
-319.974
-311.852
-300.862
-286.758
-269.353
-248.53
-224.302
-196.865
-166.724
-136.033
57.1347
72.2313
88.6316
105.493
121.085
135.712
148.766
159.318
167.304
173.177
177.24
179.858
181.451
182.307
182.638
182.593
182.265
181.704
180.933
179.942
178.704
177.167
175.249
172.872
170.056
166.899
163.468
159.805
155.968
152.028
148.075
144.209
140.537
137.153
134.14
131.52
129.215
127.003
124.498
37.471
21.1469
2.38297
-17.5884
-37.0235
-57.3632
-77.6461
-97.208
-116.316
-134.62
-152.045
-168.731
-184.618
-199.765
-214.221
-227.968
-240.988
-253.225
-264.586
-274.954
-284.177
-292.082
-298.519
-303.402
-306.782
-308.774
-309.346
-308.312
-305.437
-300.484
-293.219
-283.406
-270.827
-255.302
-236.711
-215.031
-190.384
-163.14
-135.195
52.7286
67.1455
82.8297
98.9835
113.949
128.023
140.625
150.855
158.644
164.422
168.473
171.139
172.82
173.792
174.259
174.365
174.201
173.82
173.245
172.475
171.488
170.24
168.66
166.677
164.304
161.623
158.689
155.536
152.208
148.76
145.262
141.793
138.433
135.254
132.317
129.634
127.133
124.632
121.843
34.1149
18.5667
0.714372
-18.2557
-36.6863
-55.9454
-75.1162
-93.5706
-111.564
-128.763
-145.101
-160.713
-175.542
-189.648
-203.078
-215.817
-227.851
-239.128
-249.567
-259.062
-267.478
-274.659
-280.475
-284.856
-287.863
-289.613
-290.087
-289.124
-286.52
-282.071
-275.572
-266.818
-255.612
-241.788
-225.222
-205.862
-183.77
-159.203
-133.822
48.6662
62.4309
77.4264
92.8993
107.259
120.797
132.958
142.873
150.466
156.144
160.174
162.876
164.631
165.704
166.288
166.526
166.505
166.28
165.877
165.299
164.529
163.532
162.245
160.605
158.62
156.356
153.859
151.155
148.277
145.268
142.18
139.074
136.01
133.04
130.206
127.51
124.888
122.184
119.194
31.0495
16.2445
-0.735908
-18.7496
-36.2224
-54.4535
-72.5677
-89.9725
-106.91
-123.066
-138.382
-152.984
-166.823
-179.956
-192.428
-204.229
-215.346
-225.735
-235.322
-244.013
-251.685
-258.202
-263.45
-267.374
-270.043
-271.572
-271.956
-271.054
-268.691
-264.693
-258.881
-251.076
-241.104
-228.812
-214.075
-196.822
-177.062
-154.957
-131.963
44.9237
58.0621
72.3956
87.2121
100.987
114.006
125.738
135.343
142.739
148.312
152.313
155.04
156.856
158.015
158.701
159.052
159.156
159.066
158.811
158.398
157.816
157.035
156.002
154.661
153.014
151.114
148.998
146.687
144.206
141.586
138.867
136.093
133.306
130.545
127.834
125.168
122.486
119.655
116.539
28.2536
14.1603
-1.98579
-19.0861
-35.6461
-52.8987
-70.0095
-86.4194
-102.358
-117.531
-131.883
-145.538
-158.449
-170.672
-182.251
-193.18
-203.447
-213.013
-221.814
-229.763
-236.753
-242.662
-247.392
-250.901
-253.263
-254.594
-254.896
-254.048
-251.902
-248.307
-243.11
-236.155
-227.289
-216.372
-203.283
-187.934
-170.294
-150.447
-129.666
41.4783
54.0156
67.712
81.8958
95.1066
107.622
118.935
128.235
135.434
140.899
144.863
147.603
149.468
150.699
151.471
151.92
152.131
152.157
152.03
151.758
151.337
150.742
149.929
148.847
147.492
145.908
144.125
142.158
140.025
137.749
135.36
132.886
130.359
127.803
125.23
122.628
119.938
117.044
113.863
25.7071
12.2954
-3.05257
-19.2804
-34.9703
-51.2914
-67.4496
-82.9162
-97.9103
-112.155
-125.601
-138.365
-150.407
-161.78
-172.527
-182.644
-192.123
-200.929
-209.004
-216.272
-222.636
-227.99
-232.249
-235.383
-237.469
-238.623
-238.851
-238.053
-236.102
-232.867
-228.22
-222.026
-214.15
-204.465
-192.854
-179.221
-163.501
-145.717
-126.98
38.3088
50.2688
63.3524
76.9268
89.5918
101.619
112.524
121.524
128.525
133.877
137.796
140.54
142.442
143.732
144.578
145.109
145.411
145.536
145.517
145.367
145.084
144.648
144.023
143.164
142.062
140.752
139.257
137.589
135.761
133.788
131.691
129.49
127.204
124.848
122.423
119.91
117.254
114.35
111.16
23.3911
10.6322
-3.95212
-19.3471
-34.2075
-49.6422
-64.895
-79.4679
-93.5692
-106.938
-119.531
-131.459
-142.686
-153.266
-163.239
-172.602
-181.35
-189.453
-196.859
-203.501
-209.293
-214.14
-217.972
-220.767
-222.607
-223.602
-223.767
-223.015
-221.239
-218.328
-214.173
-208.658
-201.665
-193.082
-182.794
-170.702
-156.716
-140.811
-123.955
35.3952
46.801
59.2952
72.2815
84.419
95.9722
106.48
115.184
121.988
127.223
131.089
133.828
135.755
137.093
137.999
138.599
138.978
139.187
139.26
139.213
139.046
138.746
138.281
137.613
136.729
135.655
134.41
133.001
131.439
129.732
127.894
125.938
123.875
121.711
119.438
117.035
114.447
111.577
108.421
21.2879
9.15416
-4.69944
-19.299
-33.369
-47.9602
-62.3533
-76.0795
-89.3365
-101.879
-113.669
-124.813
-135.278
-145.116
-154.367
-163.029
-171.101
-178.555
-185.346
-191.414
-196.683
-201.069
-204.514
-207.005
-208.624
-209.479
-209.589
-208.882
-207.264
-204.644
-200.928
-196.019
-189.815
-182.212
-173.107
-162.394
-149.969
-135.769
-120.638
32.7191
43.5923
55.5193
67.9388
79.5665
90.6598
100.778
109.191
115.799
120.912
124.719
127.444
129.387
130.76
131.714
132.372
132.815
133.094
133.244
133.283
133.215
133.029
132.701
132.196
131.499
130.627
129.597
128.413
127.08
125.606
123.998
122.263
120.404
118.422
116.305
114.025
111.53
108.73
105.643
19.381
7.84617
-5.30887
-19.1487
-32.4652
-46.254
-59.8307
-72.7547
-85.2131
-96.9768
-108.011
-118.419
-128.17
-137.316
-145.895
-153.907
-161.353
-168.208
-174.433
-179.975
-184.765
-188.733
-191.829
-194.046
-195.47
-196.203
-196.266
-195.6
-194.127
-191.768
-188.446
-184.077
-178.573
-171.845
-163.792
-154.311
-143.288
-130.63
-117.076
30.2625
40.6244
52.0058
63.8784
75.0128
85.6598
95.3985
103.525
109.935
114.923
118.664
121.367
123.316
124.715
125.707
126.411
126.906
127.243
127.457
127.568
127.582
127.492
127.28
126.913
126.375
125.677
124.83
123.839
122.707
121.436
120.03
118.492
116.821
115.011
113.048
110.901
108.517
105.813
102.825
17.6549
6.69357
-5.79301
-18.9077
-31.5063
-44.5316
-57.3333
-69.4968
-81.2006
-92.2294
-102.553
-112.269
-121.353
-129.852
-137.806
-145.216
-152.082
-158.385
-164.09
-169.149
-173.505
-177.093
-179.873
-181.847
-183.096
-183.722
-183.747
-183.121
-181.779
-179.655
-176.684
-172.797
-167.917
-161.964
-154.847
-146.465
-136.696
-125.43
-113.311
28.0092
37.8799
48.7362
60.0815
70.7388
80.952
90.3197
98.1631
104.376
109.236
112.906
115.578
117.525
118.941
119.961
120.701
121.237
121.621
121.887
122.057
122.139
122.13
122.014
121.764
121.361
120.81
120.121
119.296
118.336
117.242
116.014
114.652
113.152
111.504
109.692
107.682
105.422
102.835
99.9682
16.095
5.68301
-6.16426
-18.5866
-30.501
-42.7998
-54.8658
-66.309
-77.2994
-87.6348
-97.2898
-106.358
-114.817
-122.713
-130.085
-136.935
-143.265
-149.059
-154.287
-158.905
-162.864
-166.108
-168.605
-170.361
-171.457
-171.989
-171.983
-171.396
-170.173
-168.261
-165.605
-162.146
-157.82
-152.555
-146.269
-138.864
-130.216
-120.202
-109.385
25.9438
35.3426
45.6937
56.5301
66.7257
76.5177
85.5225
93.0875
99.1032
103.832
107.424
110.059
111.997
113.42
114.459
115.226
115.795
116.216
116.525
116.743
116.88
116.937
116.902
116.749
116.46
116.035
115.48
114.797
113.985
113.045
111.973
110.768
109.422
107.926
106.259
104.388
102.261
99.8043
97.0745
14.6879
4.80197
-6.4339
-18.1954
-29.4578
-41.0654
-52.4327
-63.1934
-73.5092
-83.191
-92.2171
-100.677
-108.551
-115.885
-122.715
-129.046
-134.881
-140.206
-144.995
-149.211
-152.809
-155.742
-157.984
-159.545
-160.506
-160.959
-160.927
-160.377
-159.264
-157.542
-155.168
-152.091
-148.256
-143.601
-138.051
-131.514
-123.865
-114.975
-105.337
24.0519
32.9974
42.8623
53.2077
62.9565
72.3391
80.9892
88.2797
94.0982
98.6924
102.203
104.794
106.714
108.137
109.188
109.974
110.567
111.017
111.359
111.615
111.798
111.908
111.94
111.869
111.675
111.355
110.914
110.352
109.668
108.861
107.926
106.86
105.656
104.299
102.771
101.037
99.0478
96.7302
94.1483
13.4209
4.03877
-6.61248
-17.7429
-28.384
-39.3345
-50.0383
-60.1524
-69.8303
-78.8955
-87.3299
-95.2186
-102.545
-109.354
-115.681
-121.531
-126.908
-131.801
-136.187
-140.035
-143.305
-145.957
-147.971
-149.359
-150.202
-150.585
-150.534
-150.021
-149.007
-147.458
-145.335
-142.597
-139.199
-135.085
-130.187
-124.418
-117.659
-109.775
-101.2
22.3199
30.83
40.2269
50.0987
59.4148
68.3995
76.7027
83.7227
89.3439
93.8013
97.225
99.7675
101.663
103.08
104.135
104.932
105.543
106.014
106.381
106.667
106.885
107.04
107.125
107.121
107.007
106.776
106.431
105.972
105.398
104.705
103.891
102.949
101.871
100.644
99.2473
97.6473
95.7959
93.6228
91.1954
12.2823
3.38245
-6.70976
-17.2378
-27.287
-37.612
-47.6859
-57.1874
-66.2624
-74.7459
-82.6232
-89.976
-96.7906
-103.11
-108.968
-114.371
-119.325
-123.821
-127.838
-131.35
-134.322
-136.719
-138.528
-139.764
-140.503
-140.827
-140.761
-140.283
-139.362
-137.968
-136.07
-133.635
-130.623
-126.987
-122.665
-117.578
-111.608
-104.624
-97.0066
20.7354
28.8272
37.7739
47.1885
56.0855
64.6836
72.6473
79.4005
84.8246
89.1431
92.4763
94.9646
96.8306
98.234
99.2871
100.09
100.712
101.197
101.583
101.891
102.137
102.326
102.455
102.506
102.458
102.301
102.037
101.666
101.185
100.592
99.8827
99.0506
98.0871
96.9791
95.7056
94.2347
92.5194
90.4921
88.222
11.261
2.82296
-6.73477
-16.688
-26.1732
-35.9033
-45.3789
-54.2998
-62.8042
-70.7387
-78.0919
-84.9416
-91.2766
-97.1385
-102.561
-107.55
-112.112
-116.242
-119.921
-123.125
-125.827
-127.996
-129.621
-130.721
-131.37
-131.643
-131.567
-131.124
-130.287
-129.033
-127.337
-125.171
-122.502
-119.289
-115.478
-110.993
-105.725
-99.543
-92.7846
19.2868
26.9767
35.4903
44.4636
52.9548
61.1767
68.808
75.2983
80.5251
84.703
87.9427
90.3725
92.2035
93.5882
94.6339
95.437
96.0634
96.558
96.956
97.2814
97.5483
97.7636
97.9268
98.0231
98.0288
97.9336
97.7374
97.4401
97.0396
96.5327
95.915
95.1802
94.3196
93.3203
92.1621
90.8142
89.2313
87.3484
85.2355
10.3469
2.35077
-6.69592
-16.1008
-25.0485
-34.2124
-43.1198
-51.4902
-59.4547
-66.8711
-73.7306
-80.1077
-85.9935
-91.4287
-96.4447
-101.05
-105.251
-109.043
-112.411
-115.336
-117.792
-119.754
-121.215
-122.196
-122.765
-122.996
-122.914
-122.504
-121.745
-120.618
-119.102
-117.176
-114.812
-111.973
-108.612
-104.66
-100.014
-94.5472
-88.5586
17.9629
25.267
33.3638
41.9113
50.0094
57.8653
65.171
71.4021
76.4314
80.4673
83.6113
85.9787
87.7702
89.1315
90.1648
90.963
91.5897
92.0885
92.4942
92.8307
93.1127
93.3481
93.5384
93.6704
93.7203
93.6759
93.5364
93.3017
92.9697
92.537
91.9993
91.3507
90.5825
89.6825
88.6312
87.3994
85.9438
84.2019
82.2434
9.53034
1.95704
-6.60127
-15.4828
-23.9185
-32.5437
-40.9111
-48.7595
-56.2128
-63.1396
-69.5338
-75.4665
-80.9316
-85.968
-90.6058
-94.854
-98.7204
-102.201
-105.285
-107.954
-110.187
-111.963
-113.278
-114.153
-114.654
-114.85
-114.764
-114.387
-113.699
-112.686
-111.333
-109.621
-107.527
-105.02
-102.057
-98.5761
-94.4802
-89.6503
-84.3502
16.7537
23.6874
31.3836
39.5199
47.2373
54.7373
61.7239
67.6991
72.5296
76.4229
79.4699
81.7719
83.5197
84.8533
85.8702
86.6592
87.2821
87.7812
88.1904
88.5335
88.8258
89.0759
89.2867
89.4468
89.5324
89.5299
89.4376
89.2556
88.982
88.6134
88.1458
87.5734
86.8881
86.0783
85.1259
84.0028
82.6683
81.0624
79.2534
8.80282
1.6339
-6.45779
-14.8401
-22.7879
-30.9007
-38.7549
-46.1082
-53.0769
-59.5409
-65.4959
-71.0101
-76.0805
-80.7443
-85.0298
-88.9462
-92.5028
-95.6973
-98.5195
-100.955
-102.986
-104.594
-105.778
-106.559
-107.002
-107.168
-107.083
-106.736
-106.115
-105.207
-103.999
-102.478
-100.624
-98.4107
-95.8
-92.7352
-89.1271
-84.863
-80.1777
15.65
22.2279
29.5389
37.2782
44.6267
51.7804
58.454
64.1772
68.8075
72.5583
75.5076
77.7412
79.4416
80.7439
81.7409
82.5174
83.1331
83.6289
84.0381
84.3841
84.6826
84.9428
85.1689
85.3508
85.465
85.4965
85.4435
85.3059
85.0821
84.7689
84.3625
83.8576
83.2467
82.5189
81.6573
80.6358
79.4155
77.9393
76.2737
8.15635
1.37428
-6.27193
-14.1777
-21.6607
-29.2857
-36.652
-43.5356
-50.0446
-56.0713
-61.6115
-66.7313
-71.4315
-75.7466
-79.7028
-83.3103
-86.5795
-89.5096
-92.0917
-94.3141
-96.161
-97.6181
-98.6856
-99.385
-99.7764
-99.9194
-99.8361
-99.5199
-98.9598
-98.1464
-97.0704
-95.7201
-94.0795
-92.1267
-89.8275
-87.1309
-83.9547
-80.1935
-76.0567
14.6432
20.8793
27.8199
35.1754
42.1663
48.9824
55.3485
60.8236
65.2526
68.8633
71.7152
73.8773
75.5265
76.7942
77.7682
78.5294
79.135
79.6248
80.0311
80.3772
80.6785
80.945
81.1819
81.3803
81.517
81.5763
81.5558
81.4556
81.2744
81.0091
80.6564
80.2113
79.6671
79.0137
78.2355
77.3081
76.1949
74.8415
73.3122
7.58267
1.17055
-6.05048
-13.5017
-20.5418
-27.7018
-34.6038
-41.0412
-47.113
-52.7262
-57.8734
-62.6216
-66.9758
-70.9649
-74.6125
-77.9315
-80.9338
-83.6193
-85.9804
-88.0074
-89.6874
-91.0083
-91.972
-92.5995
-92.9475
-93.0715
-92.9928
-92.7061
-92.2031
-91.4764
-90.5191
-89.3219
-87.8718
-86.1502
-84.1268
-81.756
-78.9624
-75.648
-72
13.7246
19.6334
26.2187
33.2032
39.8474
46.3339
52.3967
57.6263
61.8505
65.3272
68.0843
70.1713
71.7654
72.996
73.9447
74.6881
75.2812
75.7625
76.1636
76.5071
76.8085
77.0783
77.3222
77.5328
77.6871
77.7688
77.7753
77.7068
77.562
77.3385
77.0329
76.6411
76.1567
75.5709
74.8692
74.0288
73.0155
71.7776
70.3771
7.07374
1.01361
-5.80239
-12.8209
-19.4386
-26.1564
-32.6154
-38.6274
-44.2816
-49.5042
-54.2736
-58.6689
-62.7011
-66.3861
-69.7439
-72.7929
-75.5474
-78.0068
-80.1646
-82.0127
-83.5409
-84.739
-85.6101
-86.1746
-86.4857
-86.595
-86.5225
-86.2647
-85.8149
-85.1676
-84.3179
-83.2584
-81.9785
-80.4624
-78.6838
-76.6018
-74.1474
-71.2302
-68.0179
12.8863
18.4824
24.7279
31.3555
37.6657
43.8317
49.5958
54.5798
58.5836
61.9332
64.6015
66.6113
68.1476
69.3396
70.262
70.9861
71.5649
72.036
72.43
72.769
73.0683
73.3387
73.5868
73.8061
73.974
74.0737
74.1026
74.0609
73.9475
73.7603
73.4964
73.1521
72.7216
72.1971
71.5653
70.8051
69.8847
68.7549
67.4757
6.62392
0.898717
-5.5321
-12.1395
-18.3558
-24.654
-30.691
-36.2984
-41.554
-46.409
-50.8077
-54.8625
-58.5944
-61.995
-65.0793
-67.8753
-70.3998
-72.6504
-74.6209
-76.3058
-77.6963
-78.7844
-79.574
-80.0838
-80.3643
-80.4626
-80.3983
-80.1689
-79.769
-79.195
-78.4431
-77.5078
-76.3804
-75.0477
-73.4869
-71.661
-69.5075
-66.9434
-64.1194
12.1218
17.4188
23.3402
29.6239
35.6126
41.4677
46.9427
51.6835
55.444
58.6712
61.2558
63.1859
64.662
65.8148
66.71
67.4137
67.9772
68.437
68.8228
69.1561
69.4518
69.7212
69.9715
70.1969
70.3751
70.49
70.5377
70.519
70.4331
70.278
70.0514
69.7495
69.3678
68.899
68.3313
67.645
66.8107
65.7816
64.6161
6.23353
0.829532
-5.23213
-11.4473
-17.2817
-23.1809
-28.819
-34.0448
-38.9246
-43.4285
-47.4741
-51.2162
-54.6702
-57.7971
-60.6173
-63.1732
-65.4814
-67.536
-69.3314
-70.8652
-72.1298
-73.1188
-73.8359
-74.2985
-74.5535
-74.6446
-74.5902
-74.3887
-74.036
-73.53
-72.8676
-72.0447
-71.0549
-69.8865
-68.5197
-66.922
-65.0364
-62.787
-60.3086
11.4288
16.4377
22.0425
27.9896
33.6636
39.2105
44.4055
48.9104
52.4456
55.5673
58.0609
59.8988
61.3101
62.4217
63.2871
63.9675
64.5135
64.9604
65.3367
65.6629
65.9538
66.2208
66.4717
66.7013
66.8876
67.0148
67.0786
67.0801
67.0183
66.892
66.6987
66.4353
66.0982
65.6804
65.1714
64.5534
63.7988
62.8631
61.8035
5.89912
0.803696
-4.901
-10.7399
-16.2069
-21.7222
-26.9774
-31.8427
-36.3667
-40.534
-44.2434
-47.7347
-50.949
-53.8003
-56.3554
-58.6826
-60.788
-62.6568
-64.2865
-65.6785
-66.827
-67.7252
-68.3766
-68.7985
-69.033
-69.1204
-69.078
-68.9047
-68.5972
-68.1552
-67.5753
-66.8543
-65.9885
-64.9677
-63.7739
-62.3791
-60.732
-58.7634
-56.5944
10.8035
15.5331
20.8272
26.4397
31.7986
37.0297
41.9437
46.1987
49.5531
52.638
55.0331
56.751
58.0906
59.1621
59.9964
60.6511
61.1777
61.6103
61.9758
62.2936
62.5784
62.8414
63.0909
63.3225
63.515
63.652
63.7296
63.7486
63.7083
63.6077
63.4444
63.2162
62.9196
62.5484
62.0936
61.5384
60.8575
60.0089
59.0482
5.64405
0.789989
-4.63948
-10.1633
-15.307
-20.459
-25.3037
-29.744
-33.7844
-37.5153
-40.6118
-44.0151
-47.2385
-49.9672
-52.3922
-54.6339
-56.6713
-58.4731
-60.0411
-61.3813
-62.4882
-63.3547
-63.9834
-64.3921
-64.6212
-64.7115
-64.6826
-64.5313
-64.2584
-63.8652
-63.3351
-62.6825
-61.9022
-60.9832
-59.9088
-58.6541
-57.1729
-55.4018
-53.4522
10.3228
14.8261
19.8727
25.1797
30.223
35.0813
39.5715
43.3127
46.2493
49.689
52.1824
53.8673
55.211
56.31
57.1624
57.8267
58.3609
58.8014
59.1739
59.4983
59.7899
60.0604
60.3188
60.5612
60.7666
60.9171
61.009
61.0436
61.0205
60.9387
60.7967
60.5925
60.3227
59.9826
59.5635
59.05
58.4188
57.6288
56.735
5.44463
0.788751
-4.40762
-9.65824
-14.5041
-19.298
-23.7207
-27.6904
-31.1665
-34.3731
-36.673
-40.1476
-43.5492
-46.2615
-48.6485
-50.8982
-52.9562
-54.7709
-56.3474
-57.6959
-58.811
-59.685
-60.3208
-60.7374
-60.9751
-61.0769
-61.0646
-60.9322
-60.6868
-60.3318
-59.8281
-59.2185
-58.4963
-57.646
-56.6523
-55.4939
-54.1283
-52.4947
-50.697
9.93594
14.2488
19.071
24.0872
28.8041
33.2398
37.2142
40.3296
42.7339
46.7193
49.4572
51.1806
52.5776
53.7467
54.652
55.3517
55.9134
56.3772
56.7696
57.1114
57.4191
57.7057
57.9808
58.2413
58.4651
58.6327
58.7403
58.7899
58.7816
58.7147
58.5882
58.4003
58.1487
57.8291
57.4335
56.9473
56.3483
55.5956
54.7452
5.25568
0.800163
-4.16035
-9.1352
-13.683
-18.1189
-22.1285
-25.6375
-28.5806
-31.2757
-32.8333
-36.32
-39.8597
-42.5463
-44.8776
-47.1147
-49.1802
-50.9992
-52.5774
-53.9291
-55.0503
-55.9307
-56.5742
-56.9997
-57.2469
-57.3614
-57.3677
-57.257
-57.0422
-56.7298
-56.2571
-55.6948
-55.0356
-54.2577
-53.3469
-52.2857
-51.0361
-49.541
-47.9096
9.55643
13.6778
18.2729
22.9978
27.3933
31.407
34.8851
37.4108
39.2931
43.7099
46.6966
48.461
49.8935
51.1217
52.0773
52.8108
53.3979
53.8829
54.2941
54.6526
54.9756
55.2775
55.5692
55.8476
56.0896
56.2743
56.3983
56.4635
56.4705
56.4192
56.3086
56.1377
55.9049
55.6062
55.2345
54.7767
54.211
53.4976
52.6937
5.07721
0.822299
-3.90127
-8.60114
-12.8526
-16.9336
-20.5418
-23.5998
-26.0445
-28.2209
-29.1185
-32.5492
-36.1669
-38.8221
-41.0893
-43.2938
-45.3514
-47.166
-48.7393
-50.0894
-51.2133
-52.099
-52.7507
-53.1852
-53.4423
-53.5693
-53.5932
-53.5015
-53.3146
-53.0399
-52.5936
-52.0727
-51.4702
-50.7591
-49.9264
-48.9586
-47.8204
-46.4533
-44.9458
9.18609
13.117
17.4846
21.9203
26.0014
29.5941
32.6008
34.5578
35.9504
40.6655
43.8918
45.7126
47.169
48.4427
49.4438
50.2103
50.8217
51.3266
51.7549
52.1288
52.4662
52.7826
53.0899
53.3857
53.6456
53.8474
53.988
54.0695
54.0929
54.0585
53.9654
53.8133
53.6009
53.3246
52.9776
52.5478
52.0146
51.3385
50.5745
4.9108
0.854821
-3.63298
-8.06115
-12.0211
-15.7535
-18.9741
-21.5918
-23.5728
-25.2174
-25.5447
-28.8525
-32.4769
-35.0869
-37.2838
-39.4385
-41.4717
-43.2725
-44.8351
-46.1793
-47.3024
-48.1929
-48.8533
-49.2999
-49.5741
-49.7238
-49.7777
-49.7201
-49.5777
-49.3581
-48.9582
-48.4965
-47.9654
-47.3331
-46.5866
-45.7156
-44.6916
-43.4697
-42.1732
8.82848
12.5712
16.7125
20.864
24.6392
27.8116
30.3721
31.7618
32.703
37.5921
41.0333
42.9285
44.4078
45.717
46.7559
47.5512
48.1843
48.7088
49.1551
49.5452
49.8975
50.2285
50.5511
50.8644
51.1427
51.3623
51.5196
51.6173
51.6571
51.6392
51.5638
51.4311
51.2406
50.9895
50.6719
50.2761
49.7829
49.1558
48.4553
4.75719
0.896041
-3.36081
-7.52301
-11.1993
-14.5924
-17.4421
-19.6332
-21.1833
-22.2796
-22.1211
-25.2404
-28.7948
-31.3392
-33.4599
-35.5501
-37.5421
-39.3185
-40.8652
-42.2006
-43.3225
-44.2177
-44.8846
-45.336
-45.6124
-45.765
-45.8245
-45.7736
-45.6445
-45.4453
-45.06
-44.6276
-44.1413
-43.5665
-42.892
-42.1092
-41.1849
-40.0535
-38.757
8.48749
12.0471
15.9649
19.8406
23.317
26.0699
28.2085
29.0152
29.5341
34.4937
38.1153
40.0955
41.6041
42.9501
44.0279
44.8492
45.497
46.0332
46.4928
46.8974
47.265
47.6116
47.9514
48.2838
48.5828
48.8241
49.003
49.1223
49.1836
49.1866
49.1314
49.0181
48.8461
48.6131
48.3148
47.9404
47.4707
46.864
46.1624
4.61702
0.940944
-3.09511
-7.00202
-10.4037
-13.469
-15.9627
-17.7401
-18.8866
-19.4178
-18.8522
-21.7189
-25.1271
-27.5792
-29.6141
-31.6253
-33.5607
-35.3008
-36.8235
-38.1455
-39.2668
-40.1755
-40.8715
-41.3691
-41.7058
-41.9253
-42.0591
-42.0885
-42.0505
-41.9518
-41.6572
-41.3197
-40.9326
-40.456
-39.8785
-39.1982
-38.4049
-37.4873
-36.6274
8.16972
11.5553
15.2562
18.8667
22.0444
24.37
26.1006
26.2908
26.4021
31.3669
35.1437
37.2074
38.7366
40.1134
41.2413
42.1088
42.7865
43.3369
43.8024
44.2111
44.5843
44.9396
45.2917
45.6391
45.9546
46.2127
46.4097
46.5496
46.635
46.667
46.6466
46.5743
46.4494
46.269
46.0277
45.7152
45.3176
44.8125
44.281
4.49034
0.983284
-2.8496
-6.51799
-9.65774
-12.4077
-14.5531
-15.9205
-16.6815
-16.6375
-15.7346
-18.2893
-21.4789
-23.8066
-25.7392
-27.6548
-29.5191
-31.2151
-32.7098
-34.0109
-35.1139
-36
-36.6584
-37.095
-37.3574
-37.5083
-37.5804
-37.5529
-37.4635
-37.316
-36.9827
-36.6307
-36.2536
-35.8122
-35.2945
-34.6919
-33.957
-32.9833
-31.6857
7.88081
11.1059
14.6023
17.9627
20.8332
22.7173
24.0429
23.5579
23.2387
28.1763
32.123
34.3008
35.8484
37.2119
38.3404
39.236
39.9636
40.5698
41.0827
41.525
41.9205
42.292
42.6595
43.026
43.3648
43.6455
43.8601
44.0106
44.0983
44.1239
44.089
43.9958
43.8469
43.6437
43.3845
43.0594
42.642
42.0644
41.3107
4.37752
1.0249
-2.62327
-6.07574
-8.9748
-11.4333
-13.2428
-14.2113
-14.608
-13.9766
-12.7664
-14.9473
-17.8534
-20.0218
-21.8306
-23.626
-25.3924
-27.0288
-28.5053
-29.8281
-30.9948
-31.9942
-32.8253
-33.4977
-34.0162
-34.4014
-34.6965
-34.8885
-35.034
-35.1327
-35.0086
-34.841
-34.6304
-34.3325
-33.9407
-33.4692
-32.9558
-32.4752
-32.3768
7.6185
10.6956
14.0041
17.139
19.7047
21.1734
22.1154
20.8331
19.9802
24.8362
28.9593
31.3395
33.0328
34.4601
35.5584
36.362
36.9927
37.5424
38.0479
38.5176
38.9567
39.3755
39.7888
40.2009
40.5924
40.9407
41.2411
41.4965
41.7067
41.871
41.9869
42.0512
42.0596
42.0065
41.8869
41.6986
41.4548
41.1976
41.1108
4.28069
1.07234
-2.40571
-5.66447
-8.35332
-10.5645
-12.08
-12.7122
-12.7882
-11.5151
-9.95316
-11.7039
-14.2575
-16.2166
-17.8845
-19.5514
-21.1873
-22.6918
-24.0311
-25.2045
-26.1964
-26.9685
-27.4846
-27.7426
-27.8461
-27.9061
-27.9329
-27.8842
-27.7798
-27.6187
-27.31
-27.022
-26.7429
-26.4343
-26.0797
-25.6527
-25.0483
-24.0466
-22.2803
7.38182
10.3216
13.4605
16.399
18.6869
19.841
20.428
18.1211
16.6143
21.3293
25.4781
27.9578
29.8645
31.6169
33.0548
34.0878
34.7772
35.2355
35.5707
35.859
36.1451
36.455
36.8017
37.1654
37.4861
37.7267
37.8883
37.978
38.0028
37.9696
37.8861
37.7623
37.6082
37.4305
37.227
36.9728
36.589
35.8852
34.6282
4.20175
1.09252
-2.25881
-5.35794
-7.86423
-9.85199
-11.0892
-11.4332
-11.1675
-9.15276
-7.24585
-8.60053
-10.7334
-12.3732
-13.8343
-15.3901
-17.0163
-18.6214
-20.1669
-21.6496
-23.072
-24.4432
-25.7659
-27.0014
-28.0055
-28.7317
-29.3156
-29.7955
-30.2902
-30.7805
-30.9458
-30.9793
-30.9743
-30.9021
-30.7456
-30.5452
-30.4512
-30.7293
-32.0752
7.20903
10.0518
13.0556
15.8105
17.8123
18.6712
18.6889
15.0691
13.0686
17.896
22.035
24.3077
25.8701
27.3217
28.7447
30.1332
31.4541
32.6324
33.6145
34.3965
35.011
35.5068
35.9537
36.4532
37.075
37.7522
38.3958
38.9818
39.5064
39.9655
40.3492
40.6437
40.8394
40.9325
40.9357
40.8916
40.9305
41.3285
42.6205
4.13551
0.991167
-2.36253
-5.38966
-7.73948
-9.45067
-10.2748
-10.1416
-9.20828
-6.36471
-4.4392
-5.59727
-7.38078
-8.64376
-9.64823
-10.6231
-11.5863
-12.4996
-13.3361
-14.0674
-14.6288
-14.9178
-14.8599
-14.4996
-14.1635
-14.0263
-13.9736
-13.8428
-13.5824
-13.4076
-13.0999
-12.8273
-12.6309
-12.4518
-12.2538
-11.9924
-11.4398
-10.1914
-7.33602
7.1771
10.0308
12.983
15.5547
17.1639
17.4288
16.1172
10.9778
8.94035
14.4348
19.4215
22.5885
24.4951
25.4036
25.4478
24.9742
24.3518
23.879
23.6719
23.7292
24.0015
24.4412
24.9663
25.387
25.5109
25.4422
25.3492
25.2528
25.1455
25.0244
24.9068
24.8149
24.7634
24.7549
24.7644
24.7055
24.3278
23.1273
20.3045
4.0759
0.779008
-2.70261
-5.76681
-8.01906
-9.44271
-9.76501
-8.95021
-7.0054
-3.34402
-1.45819
-2.35062
-3.94694
-5.47306
-7.0231
-8.64622
-10.3554
-12.1586
-14.08
-16.1643
-18.4718
-21.03
-23.7132
-26.2114
-27.9864
-29.0463
-30.0791
-30.8987
-32.2734
-34.2727
-33.6573
-33.72
-34.3017
-34.7226
-34.904
-35.0761
-35.6088
-37.0183
-40.2937
7.25634
10.2137
13.2055
15.6439
16.8475
16.3071
13.1887
6.69728
3.80902
8.65519
14.1748
19.7149
25.1637
30.383
34.8371
38.2372
40.6479
42.1451
42.9448
43.2905
43.3931
43.4213
43.6207
44.389
45.8876
47.5436
48.9026
50.013
50.9724
51.8
52.4648
52.95
53.2649
53.4404
53.5503
53.7446
54.4022
56.1046
59.7897
701.754
686.142
666.559
643.872
617.777
588.436
556.375
522.484
487.859
453.429
419.741
387.021
355.337
324.713
295.172
266.745
239.457
213.321
188.347
164.531
141.857
120.31
99.8652
80.4961
62.175
44.8738
28.5662
13.228
-1.15826
-14.6117
-27.1456
-38.7697
-49.4974
-59.3391
-68.3063
-76.4113
-83.6631
-90.0743
-95.6587
-100.433
-104.419
-107.64
-110.128
-111.912
-113.032
-113.527
-113.441
-112.818
-111.704
-110.148
-108.197
-105.899
-103.298
-100.439
-97.3634
-94.1114
-90.719
-87.2196
-83.6434
-80.0175
-76.3658
-72.7089
-69.065
-65.4492
-61.8758
-58.3523
-54.8947
-51.9464
-49.3172
-46.6822
-43.7986
-41.2404
-37.7528
-36.0809
-30.6389
-32.434
-20.9049
-33.0499
-5.5398
-42.5394
700.594
678.104
653.076
627.49
601.42
575.276
549.446
524.129
499.427
475.418
452.162
429.721
408.147
387.485
367.772
349.032
331.279
314.52
298.748
283.948
270.098
257.166
245.117
233.909
223.499
213.842
204.891
196.601
188.927
181.826
175.256
169.178
163.553
158.344
153.516
149.034
144.865
140.974
137.33
133.901
130.657
127.568
124.606
121.746
118.963
116.236
113.544
110.872
108.206
105.533
102.845
100.136
97.4035
94.6444
91.8597
89.0517
86.2238
83.3813
80.53
77.6762
74.8269
71.9891
69.17
66.3762
63.6162
60.8949
58.2251
55.9711
54.0196
52.0114
49.9262
47.8696
45.5677
43.8482
40.6614
41.0458
33.5737
43.4997
18.4058
61.3856
277.653
274.868
273.276
271.828
270.019
267.738
264.809
261.013
256.195
250.279
243.237
235.085
225.88
215.704
204.657
192.843
180.373
167.361
153.917
140.156
126.188
112.123
98.0606
84.0973
70.3224
56.8145
43.6432
30.8664
18.5373
6.69803
-4.61451
-15.368
-25.5356
-35.087
-43.9958
-52.2425
-59.8117
-66.6944
-72.8849
-78.3821
-83.189
-87.3141
-90.7699
-93.5719
-95.7425
-97.3077
-98.2959
-98.7401
-98.6758
-98.1412
-97.176
-95.8203
-94.1152
-92.1011
-89.8176
-87.3027
-84.593
-81.7225
-78.7228
-75.6231
-72.45
-69.2268
-65.9749
-62.7122
-59.4562
-56.2178
-53.0133
-50.2657
-47.8005
-45.3361
-42.5942
-40.2033
-36.8266
-35.3151
-29.9864
-31.8414
-20.6381
-32.3765
-6.03916
-41.5344
279.096
280.027
283.249
286.234
288.483
289.96
290.613
290.418
289.389
287.56
284.965
281.644
277.65
273.035
267.865
262.205
256.129
249.709
243.026
236.156
229.174
222.151
215.153
208.24
201.464
194.869
188.489
182.353
176.478
170.878
165.557
160.515
155.748
151.247
147.001
142.995
139.213
135.64
132.255
129.041
125.977
123.043
120.221
117.491
114.833
112.232
109.669
107.132
104.606
102.081
99.5471
96.9983
94.4292
91.8369
89.2205
86.5804
83.9188
81.2393
78.5462
75.845
73.1415
70.4423
67.7543
65.084
62.4398
59.8263
57.2572
55.0842
53.2005
51.2606
49.2398
47.249
45.0081
43.3471
40.2344
40.6316
33.363
42.9329
18.8658
59.9056
137.249
135.383
133.595
131.708
129.679
127.575
125.418
123.222
121.002
118.767
116.502
114.161
111.681
108.988
106.012
102.683
98.9465
94.7588
90.0878
84.9164
79.2416
73.0747
66.4383
59.3692
51.9136
44.1272
36.0754
27.8286
19.4624
11.0514
2.66986
-5.60869
-13.7179
-21.5955
-29.1843
-36.4331
-43.2949
-49.7288
-55.6994
-61.1776
-66.1408
-70.5732
-74.4643
-77.8085
-80.608
-82.8699
-84.6059
-85.8329
-86.5721
-86.8488
-86.6912
-86.1299
-85.1978
-83.9284
-82.3562
-80.5155
-78.4399
-76.1621
-73.713
-71.122
-68.4164
-65.6213
-62.7598
-59.8519
-56.9171
-53.9695
-51.025
-48.4852
-46.1915
-43.9
-41.3154
-39.0799
-35.8628
-34.4413
-29.3726
-31.0668
-20.5438
-31.3932
-6.80116
-40.0126
138.467
139.452
140.835
142.196
143.763
145.557
147.534
149.656
151.882
154.161
156.44
158.662
160.773
162.721
164.455
165.929
167.104
167.944
168.425
168.53
168.25
167.587
166.551
165.162
163.447
161.435
159.166
156.68
154.016
151.216
148.318
145.36
142.371
139.382
136.414
133.486
130.611
127.799
125.054
122.379
119.772
117.23
114.745
112.311
109.919
107.559
105.221
102.897
100.576
98.2499
95.9127
93.5579
91.181
88.779
86.3504
83.8953
81.4148
78.9115
76.389
73.8517
71.305
68.7549
66.208
63.6709
61.1516
58.6548
56.1946
54.1101
52.3015
50.4364
48.4884
46.5673
44.4035
42.7878
39.8004
40.1164
33.2468
42.1177
19.5648
58.184
139.829
138.778
137.561
136.107
134.321
132.146
129.538
126.489
123.037
119.259
115.241
111.043
106.698
102.225
97.6396
92.9516
88.1693
83.2957
78.3257
73.2509
68.0604
62.7407
57.2781
51.6619
45.8844
39.9426
33.8404
27.5867
21.2003
14.7051
8.13355
1.52499
-5.07852
-11.6313
-18.0852
-24.3921
-30.5036
-36.3735
-41.9577
-47.2154
-52.1112
-56.6144
-60.6997
-64.3465
-67.5413
-70.2758
-72.5474
-74.3594
-75.7195
-76.641
-77.141
-77.2402
-76.9625
-76.3343
-75.3837
-74.1401
-72.6331
-70.8926
-68.9478
-66.8269
-64.5571
-62.1638
-59.671
-57.1
-54.4717
-51.803
-49.1091
-46.769
-44.6363
-42.5056
-40.0687
-37.981
-34.9097
-33.5907
-28.7274
-30.3637
-20.3026
-30.6454
-7.12376
-39.0048
140.658
141.403
142.05
142.573
143.012
143.338
143.558
143.691
143.749
143.743
143.688
143.595
143.473
143.331
143.176
143.007
142.826
142.626
142.399
142.133
141.814
141.425
140.951
140.373
139.678
138.853
137.888
136.779
135.524
134.128
132.597
130.943
129.18
127.324
125.391
123.397
121.36
119.292
117.206
115.113
113.019
110.93
108.848
106.774
104.706
102.641
100.576
98.505
96.4237
94.3266
92.2092
90.067
87.8967
85.696
83.4634
81.1987
78.9031
76.5784
74.2279
71.8556
69.4663
67.0657
64.6601
62.2559
59.8611
57.4803
55.1284
53.13
51.3927
49.5987
47.7207
45.8677
43.7758
42.2135
39.3227
39.6164
32.9979
41.4921
19.797
57.0925
124.865
123.886
122.877
121.846
120.717
119.441
117.977
116.284
114.329
112.1
109.603
106.851
103.845
100.576
97.0413
93.2429
89.1874
84.8866
80.3547
75.6085
70.6673
65.5504
60.2776
54.8684
49.3408
43.7118
37.9975
32.2121
26.3713
20.4897
14.5831
8.6711
2.77381
-3.08501
-8.87816
-14.5763
-20.1474
-25.5585
-30.775
-35.7628
-40.4892
-44.9233
-49.0366
-52.8035
-56.2036
-59.2198
-61.8402
-64.0583
-65.8716
-67.283
-68.2999
-68.9336
-69.1993
-69.1155
-68.7036
-67.9867
-66.9897
-65.7384
-64.2589
-62.5774
-60.7194
-58.7098
-56.5723
-54.3288
-52.0006
-49.6069
-47.1618
-45.0199
-43.0473
-41.0766
-38.7878
-36.8499
-33.9192
-32.7202
-28.0265
-29.6803
-19.9453
-30.0069
-7.2057
-38.2441
125.611
126.225
126.879
127.558
128.219
128.839
129.414
129.936
130.394
130.779
131.083
131.298
131.42
131.443
131.368
131.194
130.923
130.561
130.112
129.583
128.981
128.315
127.589
126.81
125.982
125.107
124.186
123.218
122.201
121.134
120.013
118.837
117.603
116.311
114.962
113.559
112.105
110.603
109.059
107.477
105.862
104.218
102.549
100.856
99.1402
97.4023
95.641
93.8548
92.0413
90.198
88.3223
86.4116
84.4639
82.4777
80.452
78.3872
76.2842
74.145
71.9725
69.7705
67.5437
65.2974
63.0376
60.7705
58.5043
56.2435
54.0035
52.0935
50.4293
48.708
46.902
45.119
43.0996
41.5961
38.7918
39.093
32.6558
40.929
19.7836
56.211
97.6789
96.7608
95.8329
94.9226
93.9656
92.9283
91.7939
90.5425
89.1557
87.6238
85.9504
84.1479
82.2229
80.1702
77.9768
75.6284
73.1108
70.4119
67.5209
64.4287
61.1293
57.6196
53.9003
49.9757
45.854
41.5466
37.0686
32.4369
27.672
22.795
17.8283
12.7966
7.72394
2.63558
-2.44196
-7.48193
-12.4564
-17.3373
-22.0951
-26.7006
-31.1246
-35.3386
-39.315
-43.0277
-46.4534
-49.5713
-52.3638
-54.8176
-56.9227
-58.6739
-60.0702
-61.1143
-61.8133
-62.1777
-62.2215
-61.9612
-61.4158
-60.6061
-59.554
-58.2823
-56.8142
-55.1725
-53.3799
-51.4577
-49.427
-47.3083
-45.114
-43.1736
-41.3659
-39.5605
-37.4268
-35.6439
-32.862
-31.7871
-27.273
-28.9436
-19.5499
-29.3123
-7.27115
-37.4012
98.3126
98.7774
99.3141
99.8848
100.47
101.073
101.696
102.336
102.99
103.654
104.323
104.991
105.649
106.291
106.908
107.49
108.027
108.511
108.931
109.281
109.552
109.74
109.84
109.85
109.77
109.6
109.342
109
108.577
108.076
107.502
106.859
106.149
105.375
104.54
103.645
102.692
101.683
100.62
99.5048
98.3389
97.1243
95.8626
94.5556
93.2044
91.8097
90.3718
88.8905
87.3653
85.7953
84.1795
82.5169
80.8067
79.0484
77.2418
75.3877
73.4874
71.5429
69.5571
67.5337
65.4772
63.3927
61.2861
59.1637
57.0334
54.8998
52.7786
50.9633
49.3779
47.7349
46.0068
44.2986
42.3578
40.9151
38.2078
38.5085
32.2775
40.2897
19.7559
55.2089
79.0748
78.3216
77.5554
76.7999
76.0103
75.1614
74.2364
73.2154
72.0792
70.8145
69.4192
67.9039
66.2854
64.5749
62.7741
60.8788
58.8833
56.783
54.5725
52.2458
49.7969
47.2194
44.5065
41.6525
38.6525
35.5035
32.204
28.7553
25.1617
21.4303
17.5716
13.5994
9.53017
5.38298
1.17969
-3.05621
-7.29926
-11.5232
-15.7001
-19.802
-23.8005
-27.6676
-31.3758
-34.8978
-38.2092
-41.2863
-44.1081
-46.6565
-48.9163
-50.8759
-52.5275
-53.8669
-54.8938
-55.6113
-56.0264
-56.1489
-55.9917
-55.5699
-54.9007
-54.0026
-52.8955
-51.5995
-50.135
-48.5225
-46.7814
-44.9332
-42.988
-41.2497
-39.6089
-37.9707
-35.9967
-34.3707
-31.7461
-30.7931
-26.4751
-28.1475
-19.1286
-28.5486
-7.32729
-36.4603
79.6218
80.0646
80.559
81.0669
81.586
82.1192
82.6667
83.228
83.8029
84.3909
84.9919
85.6049
86.2285
86.8616
87.5023
88.1484
88.7962
89.4415
90.0801
90.7062
91.3133
91.8941
92.441
92.9464
93.4024
93.8013
94.136
94.401
94.591
94.7023
94.7321
94.6793
94.5435
94.3256
94.0267
93.6488
93.1939
92.6644
92.0626
91.3907
90.651
89.8452
88.9752
88.0424
87.0482
85.9938
84.88
83.7072
82.4758
81.1859
79.8377
78.431
76.9661
75.4432
73.8628
72.2262
70.535
68.7914
66.9982
65.1592
63.2789
61.3621
59.4147
57.4429
55.4545
53.4543
51.4581
49.7428
48.2409
46.6811
45.0358
43.4068
41.5505
40.17
37.5706
37.8593
31.8655
39.5663
19.719
54.1103
67.5509
66.9287
66.2903
65.6584
65.0075
64.3238
63.594
62.8007
61.9259
60.9524
59.8676
58.668
57.3612
55.9594
54.4695
52.8913
51.2209
49.4542
47.5883
45.6208
43.5501
41.3747
39.0928
36.7033
34.2052
31.5977
28.8804
26.0532
23.1172
20.0741
16.9271
13.6815
10.3439
6.92333
3.43161
-0.117382
-3.70708
-7.31889
-10.9318
-14.5233
-18.0695
-21.5458
-24.9269
-28.1872
-31.3022
-34.2479
-37.0017
-39.5431
-41.8535
-43.9174
-45.722
-47.2577
-48.5186
-49.5014
-50.2071
-50.6395
-50.8054
-50.7146
-50.3791
-49.8129
-49.032
-48.0532
-46.8943
-45.5736
-44.1088
-42.5214
-40.819
-39.2791
-37.8036
-36.3307
-34.5172
-33.047
-30.5837
-29.7505
-25.6358
-27.3068
-18.6671
-27.7498
-7.32522
-35.5005
68.0328
68.454
68.9099
69.3772
69.8587
70.3541
70.8626
71.3839
71.9172
72.4613
73.0154
73.5784
74.1487
74.7252
75.3066
75.8916
76.4783
77.0652
77.6509
78.2335
78.8107
79.3802
79.9389
80.4837
81.011
81.5161
81.9942
82.4402
82.8486
83.2134
83.5291
83.7901
83.9915
84.1289
84.1985
84.1974
84.1235
83.9753
83.7522
83.4538
83.0807
82.6331
82.1119
81.5178
80.8515
80.1142
79.3062
78.4282
77.4808
76.4644
75.3795
74.2264
73.0057
71.7182
70.3648
68.9469
67.4664
65.9255
64.3274
62.6754
60.9741
59.2282
57.4434
55.6258
53.7832
51.9203
50.0531
48.4417
47.0265
45.5527
43.994
42.447
40.6797
39.3625
36.878
37.1496
31.4056
38.7858
19.6206
53.0003
58.2246
57.6931
57.1424
56.5955
56.0359
55.4575
54.8543
54.2136
53.5214
52.7635
51.9259
50.998
49.9771
48.8692
47.6832
46.4237
45.0894
43.6757
42.1776
40.5909
38.9123
37.139
35.2682
33.2978
31.2265
29.0535
26.7789
24.4035
21.929
19.3578
16.6934
13.9402
11.1035
8.18983
5.2073
2.1652
-0.925427
-4.05182
-7.1994
-10.3518
-13.4913
-16.5986
-19.6531
-22.6333
-25.5174
-28.2835
-30.9099
-33.3762
-35.6627
-37.752
-39.6287
-41.2794
-42.6942
-43.8654
-44.7889
-45.4632
-45.8903
-46.0746
-46.0233
-45.7459
-45.2543
-44.5616
-43.6826
-42.6332
-41.4283
-40.0892
-38.6202
-37.273
-35.9591
-34.6483
-32.9944
-31.6776
-29.3778
-28.6626
-24.7542
-26.426
-18.1579
-26.9261
-7.25391
-34.5449
58.6437
59.0153
59.4135
59.8246
60.252
60.6948
61.1534
61.6276
62.1173
62.6218
63.1408
63.6734
64.2188
64.7758
65.3431
65.9191
66.5022
67.0905
67.682
68.2743
68.8653
69.4525
70.0334
70.6055
71.1662
71.7127
72.2421
72.7514
73.2375
73.6968
74.1257
74.5202
74.8764
75.1898
75.4561
75.6712
75.8309
75.9315
75.9694
75.9417
75.8459
75.6799
75.442
75.1311
74.7463
74.287
73.7525
73.1429
72.458
71.6977
70.8623
69.9519
68.9671
67.9087
66.7774
65.5748
64.3026
62.9632
61.5592
60.0944
58.5727
56.9988
55.3783
53.7171
52.0228
50.3001
48.5651
47.0602
45.7341
44.3491
42.8798
41.4174
39.7427
38.49
36.1257
36.3786
30.8897
37.9552
19.4489
51.89
50.1772
49.7217
49.2452
48.7685
48.2794
47.7754
47.2564
46.7156
46.1421
45.5245
44.8512
44.1103
43.2932
42.3982
41.4308
40.3986
39.3059
38.1519
36.9331
35.6449
34.2841
32.8473
31.3318
29.7344
28.0525
26.2837
24.4262
22.4787
20.4409
18.3129
16.096
13.7929
11.4069
8.94249
6.40589
3.80419
1.14596
-1.55888
-4.29897
-7.06156
-9.8326
-12.5968
-15.3376
-18.0371
-20.677
-23.2382
-25.7012
-28.047
-30.2567
-32.3125
-34.198
-35.8982
-37.4004
-38.6941
-39.7712
-40.6265
-41.2573
-41.6638
-41.8489
-41.8178
-41.5782
-41.1396
-40.5132
-39.7125
-38.7493
-37.6441
-36.3975
-35.2355
-34.0787
-32.9256
-31.4297
-30.2634
-28.1283
-27.529
-23.8291
-25.5029
-17.6012
-26.0712
-7.12481
-33.5808
50.5384
50.8609
51.2059
51.5635
51.9366
52.3247
52.7285
53.1481
53.5835
54.0348
54.502
54.985
55.4836
55.9973
56.5257
57.0682
57.6239
58.1915
58.7701
59.3579
59.9532
60.5539
61.1579
61.7625
62.365
62.9627
63.5521
64.1304
64.694
65.2397
65.7639
66.2631
66.7339
67.1724
67.5751
67.9382
68.2579
68.5305
68.752
68.919
69.0278
69.0752
69.058
68.9736
68.8193
68.5933
68.2934
67.9185
67.4671
66.9385
66.3319
65.6471
64.8839
64.0427
63.1241
62.1291
61.0592
59.9165
58.7034
57.4232
56.0796
54.6773
53.2212
51.7173
50.1728
48.5922
46.9916
45.5956
44.3608
43.0669
41.6897
40.3142
38.7354
37.5488
35.3097
35.5424
30.3152
37.0684
19.2144
50.7572
43.5939
43.2054
42.7959
42.3823
41.9551
41.5131
41.0593
40.5921
40.1052
39.5895
39.0357
38.4336
37.7725
37.045
36.2497
35.3913
34.4764
33.5089
32.4887
31.4127
30.2773
29.0799
27.818
26.4895
25.0921
23.6237
22.0823
20.4663
18.7744
17.0058
15.16
13.2377
11.24
9.16874
7.0274
4.8202
2.55273
0.231839
-2.13411
-4.53552
-6.96148
-9.39982
-11.8371
-14.2584
-16.6485
-18.9908
-21.2683
-23.4637
-25.5595
-27.5387
-29.3851
-31.0831
-32.6187
-33.9794
-35.1549
-36.137
-36.9196
-37.4993
-37.8752
-38.0488
-38.0239
-37.8065
-37.4044
-36.8281
-36.0866
-35.1986
-34.1615
-33.1757
-32.17
-31.1691
-29.8281
-28.808
-26.8375
-26.351
-22.8613
-24.5368
-16.9987
-25.181
-6.94551
-32.5969
43.9057
44.1881
44.4899
44.8033
45.1309
45.4725
45.8285
46.1992
46.5848
46.9856
47.4016
47.833
48.2799
48.7421
49.2195
49.712
50.2192
50.7405
51.2756
51.8235
52.3833
52.954
53.5341
54.1222
54.7164
55.3145
55.9142
56.5129
57.1078
57.6956
58.2729
58.8361
59.3819
59.906
60.4047
60.874
61.31
61.7087
62.0661
62.3783
62.6415
62.8519
63.0058
63.0998
63.1306
63.0952
62.9907
62.8145
62.5646
62.239
61.8361
61.3548
60.7943
60.1541
59.4341
58.635
57.7577
56.8037
55.775
54.6743
53.5052
52.2716
50.9783
49.6308
48.236
46.7983
45.3334
44.0476
42.9058
41.7046
40.4218
39.1352
37.6553
36.536
34.4266
34.6384
29.6797
36.1206
18.9234
49.5888
38.2194
37.8878
37.5368
37.1794
36.8073
36.4195
36.0199
35.61
35.1878
34.7481
34.2837
33.7866
33.2475
32.6572
32.0089
31.301
30.5375
29.7241
28.8643
27.9581
27.0028
25.9953
24.933
23.814
22.6364
21.3984
20.0983
18.7345
17.3059
15.8115
14.2506
12.6234
10.9299
9.1711
7.34882
5.46545
3.52436
1.52994
-0.512232
-2.59545
-4.71185
-6.85234
-9.00651
-11.1627
-13.3082
-15.4295
-17.5119
-19.5403
-21.4991
-23.3725
-25.1452
-26.8019
-28.3283
-29.7112
-30.9388
-32.0009
-32.8892
-33.5975
-34.1218
-34.4603
-34.6137
-34.5845
-34.3774
-34.0002
-33.4583
-32.7693
-31.9266
-31.1063
-30.2441
-29.3881
-28.1972
-27.3179
-25.5101
-25.1325
-21.8531
-23.5293
-16.3521
-24.2555
-6.71811
-31.5928
38.4892
38.7369
39.0013
39.2764
39.5644
39.8653
40.1794
40.5071
40.8487
41.2045
41.5747
41.9597
42.3594
42.774
43.2036
43.6482
44.1076
44.5815
45.0698
45.5719
46.0874
46.6155
47.1554
47.7061
48.2665
48.8352
49.4106
49.9908
50.574
51.1578
51.7396
52.3165
52.8856
53.4435
53.9866
54.5111
55.0133
55.4889
55.9338
56.3439
56.7151
57.043
57.3236
57.553
57.7271
57.8424
57.8952
57.8824
57.8008
57.6478
57.4209
57.1181
56.7378
56.2787
55.7401
55.1217
54.4239
53.6473
52.7936
51.8648
50.8637
49.7938
48.6594
47.4656
46.2187
44.923
43.5936
42.4186
41.3703
40.2629
39.0757
37.8794
36.5005
35.4498
33.4738
33.6645
28.9807
35.11
18.5769
48.3789
33.7042
33.4201
33.1188
32.8107
32.4879
32.1489
31.7968
31.4342
31.0616
30.6779
30.2791
29.859
29.4108
28.9263
28.3972
27.8171
27.1846
26.5028
25.7768
25.0098
24.2021
23.3514
22.4547
21.5097
20.5147
19.468
18.3679
17.2128
16.0015
14.7328
13.4057
12.02
10.5753
9.07205
7.51121
5.89423
4.22328
2.50132
0.732216
-1.07929
-2.92749
-4.80573
-6.70615
-8.61972
-10.5365
-12.4455
-14.3346
-16.1911
-18.0014
-19.7517
-21.4277
-23.0153
-24.5008
-25.8707
-27.1128
-28.2158
-29.17
-29.9674
-30.6015
-31.0681
-31.365
-31.4921
-31.4508
-31.2465
-30.8814
-30.3714
-29.7066
-29.0395
-28.3118
-27.5921
-26.5449
-25.7996
-24.1513
-23.8772
-20.807
-22.4822
-15.6629
-23.2955
-6.44766
-30.5689
33.9378
34.1546
34.3857
34.6266
34.8792
35.1435
35.4198
35.7085
36.0101
36.3248
36.653
36.9949
37.3509
37.7211
38.1058
38.505
38.9188
39.3472
39.7902
40.2475
40.7188
41.2038
41.7019
42.2124
42.7346
43.2675
43.8099
44.3604
44.9177
45.48
46.0452
46.6113
47.1759
47.7362
48.2895
48.8325
49.3619
49.8742
50.3654
50.8317
51.269
51.6729
52.0393
52.364
52.6426
52.8709
53.0451
53.161
53.2151
53.204
53.1246
52.9739
52.7495
52.4496
52.0724
51.617
51.0828
50.4699
49.7791
49.0117
48.17
47.2566
46.2753
45.2304
44.128
42.9717
41.7761
40.7111
39.7562
38.7426
37.6515
36.5463
35.2697
34.2886
32.4486
32.6187
28.2154
34.0342
18.176
47.1202
29.8513
29.6071
29.3479
29.0822
28.8032
28.5085
28.2
27.8795
27.5487
27.2085
26.8582
26.4947
26.1129
25.7067
25.2691
24.7923
24.2706
23.7023
23.0899
22.438
21.7496
21.0253
20.2631
19.4605
18.6153
17.7259
16.7909
15.8088
14.7784
13.6982
12.5673
11.3849
10.1505
8.86382
7.52518
6.13527
4.69534
3.20729
1.67374
0.0980395
-1.51569
-3.1625
-4.83643
-6.53053
-8.23699
-9.94702
-11.6508
-13.3377
-14.9964
-16.6147
-18.1803
-19.6803
-21.1018
-22.4322
-23.6592
-24.7714
-25.7583
-26.6106
-27.3204
-27.8816
-28.2898
-28.5426
-28.6388
-28.5815
-28.37
-28.0185
-27.5137
-26.9863
-26.3832
-25.7901
-24.8788
-24.2594
-22.7658
-22.5891
-19.7257
-21.3967
-14.9329
-22.2997
-6.1392
-29.5193
30.0539
30.2436
30.4455
30.6565
30.8778
31.1095
31.3522
31.606
31.8715
32.149
32.4389
32.7414
33.0569
33.3857
33.7281
34.0842
34.4543
34.8385
35.2369
35.6495
36.0762
36.5169
36.9713
37.439
37.9195
38.4123
38.9166
39.4313
39.9554
40.4876
41.0263
41.5699
42.1164
42.6636
43.2093
43.7507
44.285
44.8091
45.3198
45.8136
46.2866
46.735
47.1547
47.5417
47.8916
48.2001
48.463
48.6761
48.8352
48.9366
48.9765
48.9514
48.8583
48.6943
48.4573
48.1454
47.7572
47.2922
46.7503
46.132
45.4387
44.6725
43.8364
42.9341
41.9709
40.9499
39.8851
38.9282
38.0654
37.1449
36.1495
35.1354
33.9616
33.0507
31.3486
31.4989
27.3816
32.889
17.7242
45.798
26.5425
26.3321
26.1086
25.8792
25.6379
25.3826
25.1141
24.8331
24.5404
24.2375
23.9257
23.6049
23.2726
22.9244
22.5551
22.1585
21.7274
21.2564
20.7436
20.1912
19.6029
18.9819
18.3291
17.6428
16.9205
16.1605
15.3612
14.5215
13.6401
12.7159
11.7476
10.7346
9.67598
8.57126
7.42035
6.22339
4.98096
3.69414
2.36459
0.994522
-0.413155
-1.85489
-3.32626
-4.82195
-6.33592
-7.86122
-9.38994
-10.9134
-12.422
-13.9057
-15.3535
-16.7542
-18.0961
-19.3675
-20.557
-21.6531
-22.6453
-23.5237
-24.2797
-24.9058
-25.396
-25.7461
-25.9529
-26.0174
-25.9364
-25.7224
-25.3594
-24.9574
-24.4677
-23.9904
-23.2064
-22.7038
-21.359
-21.272
-18.6131
-20.2737
-14.1668
-21.2646
-5.80218
-28.4336
26.7186
26.8847
27.0613
27.246
27.4399
27.6431
27.8561
28.0792
28.3127
28.5571
28.8127
29.0798
29.3587
29.6499
29.9535
30.27
30.5995
30.9422
31.2983
31.6681
32.0514
32.4484
32.859
33.2831
33.7203
34.1703
34.6326
35.1067
35.5918
36.087
36.5911
37.1028
37.6208
38.1432
38.6682
39.1937
39.7171
40.2359
40.7473
41.2482
41.7353
42.205
42.6536
43.0773
43.472
43.8336
44.1579
44.4406
44.6775
44.8645
44.9976
45.0727
45.0866
45.0357
44.9171
44.7285
44.4678
44.1335
43.7248
43.2415
42.6843
42.0544
41.3539
40.586
39.755
38.8637
37.925
37.0733
36.3005
35.4713
34.5704
33.6465
32.5751
31.7348
30.1717
30.3029
26.4789
31.6682
17.2293
44.3889
23.6794
23.4974
23.3042
23.1055
22.8966
22.6751
22.4419
22.197
21.9401
21.6719
21.3938
21.1073
20.8123
20.5072
20.1883
19.8512
19.4902
19.0992
18.6728
18.2091
17.7096
17.1776
16.6163
16.0266
15.407
14.7552
14.0695
13.3487
12.5918
11.7978
10.9656
10.0942
9.18294
8.23107
7.23829
6.20446
5.12975
4.0147
2.86031
1.66806
0.439878
-0.821709
-2.11348
-3.43145
-4.77102
-6.12679
-7.49247
-8.86103
-10.2247
-11.5748
-12.9023
-14.1973
-15.4496
-16.6486
-17.7837
-18.8442
-19.8198
-20.7007
-21.4777
-22.1428
-22.6887
-23.1103
-23.4024
-23.5647
-23.5917
-23.4942
-23.2541
-22.9627
-22.5747
-22.2018
-21.5354
-21.1391
-19.9365
-19.9297
-17.474
-19.1123
-13.3718
-20.184
-5.44662
-27.2941
23.8326
23.9781
24.1327
24.2944
24.4644
24.6426
24.8296
25.0256
25.2309
25.4459
25.671
25.9066
26.1528
26.4102
26.6789
26.9594
27.2519
27.5566
27.8738
28.2037
28.5465
28.9023
29.271
29.6528
30.0476
30.4551
30.8751
31.3072
31.751
32.2059
32.6709
33.1453
33.628
34.1176
34.6126
35.1114
35.612
36.1123
36.6099
37.1021
37.5862
38.059
38.5172
38.9572
39.3754
39.768
40.1308
40.4597
40.7507
40.9995
41.202
41.3541
41.452
41.492
41.4707
41.3852
41.2327
41.0112
40.7193
40.3559
39.9208
39.4147
38.839
38.1957
37.4886
36.7198
35.9014
35.1504
34.4644
33.724
32.9152
32.0799
31.1098
30.3396
28.9163
29.0271
25.5082
30.3586
16.7055
42.8624
21.1718
21.0141
20.8467
20.6744
20.4931
20.301
20.0983
19.8851
19.6611
19.4259
19.1796
18.9237
18.6596
18.3878
18.107
17.8143
17.5057
17.1762
16.8198
16.4318
16.0106
15.5577
15.0761
14.5683
14.0355
13.4761
12.8876
12.2682
11.6173
10.9339
10.2172
9.4663
8.6803
7.85851
7.00049
6.10591
5.17471
4.20711
3.20365
2.16529
1.09332
-0.0104818
-1.14379
-2.30362
-3.4865
-4.68824
-5.90392
-7.12794
-8.35389
-9.5749
-10.7831
-11.9702
-13.1274
-14.2451
-15.314
-16.3244
-17.2663
-18.1304
-18.9075
-19.5894
-20.1684
-20.6381
-20.9927
-21.2303
-21.3439
-21.3426
-21.2066
-21.0108
-20.7127
-20.4318
-19.8729
-19.5707
-18.5056
-18.5629
-16.3176
-17.9073
-12.5636
-19.037
-5.09659
-26.0697
21.3053
21.4328
21.5681
21.7099
21.8589
22.0153
22.1793
22.3515
22.5319
22.7211
22.9192
23.1267
23.3439
23.5711
23.8086
24.0567
24.3157
24.586
24.8677
25.1612
25.4666
25.7841
26.1139
26.456
26.8104
27.1772
27.5562
27.9472
28.35
28.7641
29.1889
29.6239
30.0683
30.5211
30.9811
31.447
31.9174
32.3905
32.8644
33.3368
33.8055
34.2676
34.7205
35.1609
35.5856
35.991
36.3735
36.7291
37.054
37.344
37.5951
37.8033
37.9644
38.0748
38.1307
38.1287
38.0658
37.9394
37.7472
37.4879
37.1606
36.7649
36.3016
35.7721
35.1793
34.5246
33.8189
33.1637
32.5605
31.9051
31.1852
30.436
29.5652
28.8636
27.5826
27.6646
24.4786
28.9367
16.1918
41.1595
18.9838
18.847
18.7016
18.5519
18.3945
18.2278
18.0518
17.8667
17.6717
17.4654
17.245
17.0077
16.7526
16.4817
16.199
15.9088
15.6153
15.3225
15.0321
14.7393
14.4325
14.0972
13.7204
13.2964
12.8301
12.3339
11.8167
11.2791
10.7167
10.1258
9.50484
8.85382
8.17231
7.45983
6.71568
5.93938
5.13066
4.2895
3.41613
2.5111
1.57526
0.609776
-0.38369
-1.40292
-2.44538
-3.50776
-4.58628
-5.67654
-6.77328
-7.87104
-8.96328
-10.0429
-11.1023
-12.1336
-13.1283
-14.0777
-14.9727
-15.8046
-16.5645
-17.2444
-17.8363
-18.3337
-18.7297
-19.0216
-19.2012
-19.2764
-19.2264
-19.1103
-18.8905
-18.6877
-18.2281
-18.0024
-17.0762
-17.1693
-15.1579
-16.6452
-11.7641
-17.8029
-4.78834
-24.7304
19.1003
19.2119
19.3302
19.4543
19.5847
19.7216
19.8653
20.016
20.1742
20.3401
20.514
20.6962
20.8869
21.0867
21.2957
21.5142
21.7425
21.981
22.2299
22.4895
22.76
23.0416
23.3346
23.6391
23.9552
24.2829
24.6222
24.973
25.3352
25.7088
26.0932
26.4879
26.8925
27.3064
27.7285
28.1578
28.5932
29.0336
29.4771
29.922
30.3664
30.8079
31.2443
31.6728
32.0906
32.4945
32.8812
33.2471
33.5887
33.9022
34.1836
34.4292
34.6346
34.7962
34.9104
34.9732
34.9815
34.9325
34.8231
34.6517
34.4168
34.1172
33.7531
33.3253
32.8357
32.2854
31.6837
31.1177
30.5925
30.0173
29.3821
28.7153
27.9417
27.3035
26.1725
26.2033
23.4048
27.3681
15.7346
39.2375
16.419
16.3059
16.1854
16.0612
15.9306
15.7924
15.6464
15.4923
15.3299
15.1591
14.98
14.7929
14.5974
14.3926
14.179
13.9578
13.7295
13.4925
13.244
12.9813
12.701
12.3984
12.0712
11.7205
11.3467
10.9488
10.5269
10.0824
9.6162
9.12761
8.61511
8.07763
7.51418
6.92429
6.30733
5.66291
4.99057
4.29008
3.56131
2.80448
2.01992
1.2083
0.370543
-0.491908
-1.37745
-2.28374
-3.20815
-4.14751
-5.09798
-6.05531
-7.01454
-7.97004
-8.91584
-9.84531
-10.7513
-11.6262
-12.4622
-13.2513
-13.9853
-14.6563
-15.2565
-15.7788
-16.2161
-16.564
-16.8144
-16.9715
-17.0178
-16.9872
-16.8603
-16.7367
-16.4042
-16.2422
-15.5113
-15.5914
-13.9252
-15.1951
-10.9716
-16.3772
-4.57151
-23.2315
16.5161
16.6095
16.7085
16.8124
16.9217
17.0364
17.157
17.2837
17.4166
17.5562
17.7028
17.8564
18.0174
18.1862
18.3631
18.5482
18.7419
18.9446
19.1564
19.3777
19.6087
19.8497
20.101
20.3625
20.6346
20.9175
21.2112
21.5157
21.831
22.1573
22.4943
22.8415
23.1989
23.5662
23.9425
24.3272
24.7196
25.119
25.5239
25.933
26.3449
26.7577
27.1697
27.5789
27.9825
28.3784
28.7635
29.1346
29.4889
29.8226
30.1324
30.4147
30.6653
30.8806
31.0571
31.1908
31.278
31.3157
31.3006
31.2301
31.1023
30.9153
30.6685
30.3616
29.9956
29.5713
29.0956
28.6387
28.2092
27.733
27.2036
26.6381
25.9907
25.4229
24.5044
24.4321
22.2054
25.4244
15.3779
36.8582
13.8012
13.7125
13.6179
13.5202
13.4177
13.309
13.1943
13.0734
12.9463
12.8133
12.6755
12.5339
12.3896
12.2421
12.0887
11.926
11.7508
11.5607
11.3538
11.1289
10.8866
10.6298
10.3607
10.0798
9.78645
9.47761
9.1493
8.79937
8.42914
8.04054
7.63365
7.20722
6.75981
6.29061
5.79901
5.28461
4.74691
4.18552
3.60007
2.99047
2.3566
1.69877
1.01728
0.312845
-0.413583
-1.16075
-1.92688
-2.71003
-3.50762
-4.31661
-5.13351
-5.95438
-6.77448
-7.58873
-8.39157
-9.17671
-9.93762
-10.6674
-11.3587
-12.0043
-12.5966
-13.1288
-13.5935
-13.9856
-14.2961
-14.5278
-14.6627
-14.7182
-14.6773
-14.6437
-14.4217
-14.3596
-13.7738
-13.9409
-12.4821
-13.7735
-9.88805
-15.1495
-3.96237
-22.2758
13.8781
13.9527
14.0317
14.1146
14.2019
14.2937
14.3902
14.4917
14.5983
14.7104
14.8281
14.9517
15.0814
15.2176
15.3604
15.5101
15.6671
15.8315
16.0038
16.184
16.3724
16.5696
16.7755
16.9904
17.2145
17.4482
17.6916
17.9447
18.2077
18.4808
18.7639
19.0568
19.3598
19.6726
19.9948
20.3261
20.666
21.0141
21.3696
21.7315
22.0989
22.4706
22.8453
23.2213
23.5969
23.9702
24.3388
24.7002
25.052
25.3912
25.7146
26.0194
26.3017
26.558
26.7851
26.9792
27.1364
27.2535
27.327
27.3537
27.3314
27.2574
27.1304
26.9491
26.7135
26.4236
26.0851
25.748
25.4244
25.0598
24.6487
24.2029
23.6903
23.2335
22.4989
22.4594
20.5997
23.6007
14.2937
35.4614
11.6281
11.5572
11.4817
11.4037
11.3217
11.2348
11.143
11.0462
10.9443
10.8367
10.7232
10.6036
10.4779
10.3461
10.208
10.0631
9.90991
9.74803
9.57845
9.40267
9.22134
9.03356
8.83749
8.63
8.40701
8.16604
7.90687
7.63
7.33554
7.024
6.69659
6.35372
5.99449
5.61772
5.22257
4.80845
4.37499
3.92179
3.44854
2.95489
2.4406
1.90573
1.35026
0.774556
0.179076
-0.435461
-1.06796
-1.71721
-2.38145
-3.05865
-3.7463
-4.44163
-5.14113
-5.84094
-6.53682
-7.22382
-7.89665
-8.54966
-9.17673
-9.77151
-10.3273
-10.8379
-11.296
-11.697
-12.0316
-12.3017
-12.4895
-12.6016
-12.6209
-12.6526
-12.5146
-12.5319
-12.0621
-12.3094
-11.017
-12.3576
-8.7357
-13.9562
-3.23958
-21.3878
11.6902
11.7507
11.8147
11.882
11.9528
12.0274
12.1058
12.1882
12.2749
12.366
12.4617
12.5622
12.6679
12.7788
12.8952
13.0173
13.1455
13.2798
13.4207
13.5682
13.7226
13.8842
14.0533
14.23
14.4147
14.6073
14.8083
15.0179
15.236
15.4629
15.6987
15.9433
16.1971
16.4598
16.7313
17.0115
17.3002
17.5969
17.9014
18.213
18.5311
18.855
19.1836
19.5157
19.8503
20.1859
20.5206
20.8525
21.1798
21.5002
21.8109
22.1095
22.3931
22.6583
22.9024
23.1218
23.3132
23.4734
23.5988
23.6865
23.7338
23.7379
23.6967
23.6088
23.4732
23.2894
23.062
22.8245
22.5905
22.3217
22.0141
21.6753
21.2839
20.9335
20.3657
20.3793
18.8389
21.7451
13.0233
34.1475
9.7073
9.65072
9.59049
9.52815
9.46264
9.39327
9.31997
9.24265
9.16121
9.07531
8.98468
8.88909
8.78842
8.6824
8.57096
8.4543
8.33214
8.20366
8.06786
7.92436
7.77436
7.61926
7.45941
7.29363
7.11962
6.93423
6.73436
6.51891
6.28817
6.04213
5.78092
5.50555
5.21692
4.91481
4.59827
4.26625
3.91818
3.55374
3.17263
2.77456
2.35924
1.92652
1.47628
1.00866
0.523834
0.0222054
-0.495565
-1.02872
-1.57607
-2.1363
-2.70754
-3.28792
-3.87485
-4.46539
-5.05646
-5.64413
-6.22431
-6.79253
-7.34381
-7.87286
-8.37395
-8.84177
-9.2699
-9.65396
-9.9854
-10.2658
-10.4777
-10.6213
-10.679
-10.7536
-10.6776
-10.7517
-10.3785
-10.6835
-9.54659
-10.9099
-7.55972
-12.6981
-2.49986
-20.3271
9.75717
9.8059
9.85754
9.91175
9.96888
10.0291
10.0924
10.1589
10.229
10.3027
10.3801
10.4615
10.547
10.637
10.7314
10.8306
10.9347
11.0439
11.1585
11.2787
11.4046
11.5365
11.6747
11.8193
11.9706
12.1287
12.2938
12.4662
12.646
12.8333
13.0284
13.2312
13.442
13.6607
13.8871
14.1216
14.3637
14.6134
14.8705
15.1345
15.4051
15.6818
15.9637
16.2503
16.5406
16.8336
17.1279
17.4221
17.7147
18.004
18.2878
18.5642
18.8308
19.085
19.3243
19.5457
19.7463
19.9233
20.0736
20.1943
20.2828
20.3364
20.3528
20.3306
20.2681
20.1647
20.0238
19.8663
19.7057
19.5172
19.2975
19.052
18.7677
18.5139
18.1005
18.164
16.9385
19.7311
11.6752
32.4427
7.95404
7.90966
7.86243
7.81349
7.76202
7.70758
7.65007
7.58939
7.52547
7.45805
7.38693
7.31189
7.23278
7.14937
7.06148
6.96909
6.87216
6.77069
6.66436
6.55215
6.43306
6.30718
6.17598
6.04069
5.90132
5.75664
5.60422
5.44108
5.26518
5.07603
4.8737
4.65826
4.43034
4.1911
3.94096
3.67913
3.40469
3.1169
2.81545
2.50013
2.17065
1.82684
1.4685
1.09558
0.708128
0.306306
-0.109519
-0.53889
-0.981091
-1.4352
-1.90002
-2.37414
-2.8558
-3.34282
-3.83288
-4.32308
-4.81025
-5.29092
-5.76111
-6.21666
-6.65278
-7.06511
-7.44814
-7.79819
-8.10749
-8.3776
-8.5921
-8.74783
-8.8267
-8.92614
-8.89328
-9.00558
-8.70979
-9.05429
-8.05519
-9.42357
-6.33423
-11.3641
-1.70329
-19.0996
7.99333
8.03184
8.07265
8.11554
8.16072
8.2083
8.25839
8.31107
8.36649
8.42487
8.48628
8.55087
8.61876
8.69012
8.76514
8.84401
8.92683
9.01376
9.10504
9.20087
9.30144
9.40684
9.51733
9.63307
9.75431
9.8812
10.0138
10.1525
10.2974
10.4487
10.6064
10.7707
10.9418
11.1197
11.3043
11.4958
11.6943
11.8995
12.1114
12.3297
12.5542
12.7845
13.0203
13.2611
13.506
13.7544
14.0055
14.2582
14.5111
14.7631
15.0126
15.2579
15.4973
15.7286
15.9498
16.1586
16.3524
16.5289
16.6855
16.8195
16.9286
17.0105
17.0628
17.0842
17.0732
17.0287
16.9534
16.8583
16.7565
16.6334
16.4868
16.3205
16.1281
15.9597
15.683
15.7908
14.8564
17.5206
10.1461
30.3872
6.35756
6.32353
6.28726
6.24963
6.21007
6.16825
6.12406
6.07741
6.02827
5.97642
5.92171
5.864
5.80313
5.73888
5.67117
5.59986
5.52477
5.44581
5.36315
5.27671
5.18589
5.08959
4.9871
4.87896
4.76663
4.65121
4.53237
4.40856
4.2774
4.13646
3.98457
3.82154
3.64731
3.46239
3.26789
3.06455
2.85211
2.62972
2.3967
2.15272
1.89761
1.63118
1.35322
1.06361
0.76226
0.449199
0.124612
-0.211256
-0.558008
-0.91503
-1.28161
-1.65671
-2.03919
-2.42749
-2.81994
-3.21448
-3.60871
-4
-4.38536
-4.76158
-5.12491
-5.47183
-5.79784
-6.10008
-6.37174
-6.61469
-6.81382
-6.96526
-7.0501
-7.15846
-7.15153
-7.28506
-7.04789
-7.41532
-6.53348
-7.89307
-5.0374
-9.94319
-0.804965
-17.6898
6.38782
6.41748
6.44888
6.4819
6.51669
6.55333
6.59191
6.63247
6.67518
6.72016
6.76746
6.81722
6.86954
6.92456
6.98244
7.04327
7.10717
7.17425
7.24475
7.31878
7.39647
7.47797
7.56345
7.65303
7.74696
7.84531
7.94818
8.05586
8.16846
8.28615
8.40899
8.53711
8.67076
8.80995
8.95462
9.10502
9.26116
9.42296
9.59042
9.7635
9.94189
10.1256
10.3143
10.5076
10.7051
10.9063
11.1107
11.3173
11.5255
11.7343
11.9423
12.1486
12.3517
12.55
12.7418
12.9255
13.0989
13.2602
13.4071
13.5377
13.6499
13.7416
13.8111
13.8567
13.8775
13.8723
13.843
13.7941
13.7367
13.6642
13.5752
13.4726
13.3548
13.2572
13.0944
13.2356
12.557
15.0821
8.35206
27.985
4.76133
4.73648
4.70998
4.68242
4.65351
4.62295
4.59067
4.55663
4.52076
4.48291
4.443
4.40092
4.35655
4.30978
4.26048
4.20851
4.15373
4.09608
4.03551
3.97209
3.90582
3.83656
3.76354
3.68563
3.6025
3.51519
3.42523
3.3334
3.23914
3.14084
3.03636
2.92397
2.80291
2.67289
2.53404
2.38722
2.23335
2.07238
1.90344
1.72577
1.53905
1.34327
1.13847
0.924598
0.701582
0.469408
0.228151
-0.0220224
-0.28083
-0.547884
-0.82268
-1.10454
-1.39265
-1.68598
-1.98335
-2.28333
-2.58423
-2.88414
-3.18094
-3.47232
-3.75549
-4.02787
-4.28596
-4.52786
-4.74781
-4.94806
-5.11524
-5.24715
-5.32387
-5.42636
-5.42921
-5.5676
-5.37081
-5.74422
-4.95839
-6.29158
-3.64608
-8.38619
0.209026
-15.9044
4.78357
4.80539
4.82851
4.85283
4.87847
4.90553
4.93403
4.96402
4.99562
5.0289
5.06391
5.10078
5.13962
5.18049
5.22352
5.26877
5.31633
5.36635
5.41898
5.47426
5.53228
5.59325
5.6573
5.72445
5.7949
5.86876
5.94611
6.02712
6.11192
6.20062
6.29329
6.39002
6.49101
6.59624
6.70574
6.81972
6.93814
7.06096
7.18818
7.31988
7.45582
7.59596
7.74012
7.888
8.03949
8.19411
8.35157
8.51133
8.67277
8.83528
8.99797
9.1601
9.32069
9.47851
9.63248
9.78129
9.92342
10.0575
10.1818
10.295
10.3952
10.481
10.5511
10.6041
10.639
10.6552
10.654
10.6354
10.6089
10.5725
10.5256
10.4709
10.4097
10.3657
10.2903
10.4443
9.96911
12.3332
6.16753
24.9562
3.42005
3.40309
3.38503
3.36628
3.34657
3.32568
3.3036
3.28033
3.25576
3.22975
3.20234
3.1734
3.14282
3.11057
3.07654
3.04055
3.00254
2.96246
2.92019
2.87568
2.82896
2.78013
2.72914
2.67558
2.61844
2.55675
2.49069
2.42177
2.35113
2.27869
2.20318
2.12276
2.03592
1.9423
1.84213
1.73572
1.62389
1.50795
1.38853
1.26497
1.13621
1.00155
0.860808
0.713967
0.561037
0.40199
0.23679
0.0654942
-0.111776
-0.294824
-0.483351
-0.676969
-0.875168
-1.0773
-1.28259
-1.49016
-1.69888
-1.90747
-2.11453
-2.31856
-2.51764
-2.71008
-2.89343
-3.06669
-3.22525
-3.37185
-3.49497
-3.59629
-3.6539
-3.73867
-3.73758
-3.86727
-3.69357
-4.05954
-3.34576
-4.63681
-2.17523
-6.6752
1.30388
-13.5169
3.43507
3.44964
3.46511
3.48136
3.49846
3.51645
3.53536
3.55526
3.57622
3.59825
3.62138
3.64568
3.67125
3.69814
3.72638
3.756
3.78712
3.81985
3.85419
3.8902
3.92795
3.96758
4.00921
4.0528
4.09846
4.14631
4.19644
4.24891
4.30383
4.36129
4.42134
4.48409
4.54964
4.61798
4.68922
4.76349
4.84087
4.92126
5.00468
5.0913
5.18095
5.27359
5.36919
5.46764
5.56881
5.67244
5.77834
5.88622
5.99571
6.10633
6.21762
6.32905
6.43991
6.5495
6.65715
6.76183
6.86256
6.9585
7.04844
7.13145
7.20633
7.27193
7.32762
7.37223
7.4052
7.42626
7.43633
7.43446
7.42545
7.41028
7.38896
7.36394
7.33754
7.32538
7.30682
7.45006
7.11852
9.2956
3.64133
21.0149
1.47641
1.46569
1.4542
1.44225
1.42968
1.41637
1.40233
1.38751
1.37184
1.35528
1.3378
1.31936
1.29984
1.2792
1.25741
1.23435
1.20992
1.18408
1.15672
1.12775
1.09711
1.06466
1.03018
0.993392
0.954037
0.912169
0.869164
0.829645
0.802151
0.796842
0.820418
0.871805
0.940799
1.00968
1.05868
1.07311
1.04815
0.989675
0.910435
0.823094
0.734858
0.647126
0.558534
0.467823
0.374659
0.279219
0.181701
0.0821966
-0.0192761
-0.122676
-0.227922
-0.334877
-0.443386
-0.553215
-0.664043
-0.775536
-0.88723
-0.998557
-1.10886
-1.21746
-1.3234
-1.42594
-1.52366
-1.61648
-1.70102
-1.78057
-1.84551
-1.903
-1.93033
-1.98595
-1.96897
-2.0761
-1.91533
-2.24838
-1.61945
-2.77365
-0.650742
-4.45766
2.10666
-9.36827
1.4861
1.49572
1.50595
1.51672
1.52809
1.54008
1.55267
1.56599
1.58008
1.59491
1.6105
1.62691
1.64424
1.66248
1.68166
1.70182
1.72304
1.74539
1.76882
1.7934
1.81924
1.84634
1.87474
1.90447
1.93558
1.96809
2.00208
2.03754
2.07449
2.11303
2.15309
2.19474
2.23795
2.28272
2.32905
2.37696
2.42645
2.4774
2.52986
2.58379
2.63903
2.69558
2.75341
2.81241
2.87245
2.93348
2.9953
3.0578
3.12084
3.18417
3.24764
3.31092
3.37374
3.43568
3.49644
3.5555
3.6124
3.66689
3.71831
3.76625
3.81012
3.84942
3.88382
3.91255
3.93543
3.95226
3.96354
3.96682
3.96647
3.96364
3.95862
3.9536
3.95107
3.95858
3.97042
4.07303
3.75973
5.59876
0.622527
14.5556
1.16364
1.16353
1.16348
1.16343
1.16333
1.16321
1.16308
1.16291
1.1627
1.16249
1.16228
1.16208
1.16189
1.16171
1.16161
1.1616
1.16171
1.16199
1.16239
1.16285
1.16323
1.16355
1.16458
1.16843
1.17892
1.20056
1.23517
1.2771
1.30989
1.30845
1.24731
1.11149
0.905176
0.654651
0.402851
0.194948
0.0606495
0.00254259
-0.00128752
0.018477
0.0389279
0.0510324
0.0552901
0.0547658
0.0511962
0.044699
0.0349044
0.0216968
0.00522563
-0.0142505
-0.0364522
-0.0610945
-0.0878663
-0.116455
-0.146499
-0.17766
-0.209607
-0.24199
-0.274447
-0.30668
-0.338281
-0.369085
-0.398438
-0.426928
-0.452589
-0.478864
-0.498964
-0.523324
-0.527273
-0.55486
-0.529394
-0.602126
-0.479779
-0.718032
-0.287878
-1.04879
0.272468
-1.9219
1.7633
-3.95441
1.1636
1.1634
1.16316
1.16284
1.16247
1.16203
1.16148
1.16084
1.16011
1.15927
1.15829
1.15717
1.15593
1.15453
1.15297
1.15123
1.14932
1.14723
1.14493
1.14242
1.13975
1.13685
1.13373
1.13043
1.12694
1.12326
1.11943
1.11544
1.11134
1.10717
1.10294
1.09872
1.09452
1.09042
1.08648
1.08275
1.07929
1.07618
1.07352
1.07136
1.0697
1.06865
1.06829
1.0686
1.06962
1.07139
1.07384
1.07696
1.08069
1.085
1.08989
1.09521
1.10096
1.10701
1.11329
1.1196
1.12578
1.13173
1.13704
1.14157
1.14513
1.14768
1.14926
1.14968
1.14925
1.14805
1.14726
1.15124
1.14921
1.14426
1.13663
1.12681
1.11467
1.1016
1.10098
1.15539
1.00669
2.06543
-0.565994
6.36738
)
;

boundaryField
{
    inlet
    {
        type            freestreamPressure;
        freestreamValue uniform 0;
        value           nonuniform List<scalar> 
134
(
4.06473
0.776875
-2.69521
-5.75102
-7.99709
-9.41685
-9.73827
-8.9257
-6.98622
-3.33486
-0.653214
-1.05343
-1.7699
-2.45603
-3.15415
-3.88649
-4.65912
-5.47576
-6.34758
-7.29483
7.23646
-8.34497
-9.51045
-10.7342
-11.8752
-12.6887
-13.0734
-13.7529
-13.7613
-14.0148
-16.6316
-15.3131
-15.3486
-15.6202
-15.8184
-15.9073
-15.9919
-16.2411
-16.8915
-17.6872
10.1857
13.1693
15.6011
16.8014
16.2624
13.1526
6.67893
-19.4229
-18.965
-18.2708
-17.8117
-17.4656
-17.082
-16.6536
-16.2166
-15.7815
-15.3425
-14.8943
-14.4369
-13.9703
-13.4918
-12.9966
-12.4767
-11.9178
-11.3061
-10.6212
-10.1845
-9.77852
-9.29332
-8.73156
-8.08622
-7.26894
-6.1763
-4.27947
-1.80555
2.10201
4.77327
7.81193
10.8578
13.8502
16.7143
19.1565
21.0187
22.337
23.1535
23.5869
23.771
23.8215
23.831
23.9339
24.3483
25.1628
26.0634
26.801
27.4024
27.9211
28.3676
28.7252
28.9846
29.1509
29.2411
29.2954
29.3959
29.7495
30.674
32.6841
33.5547
32.7459
31.805
31.2082
30.7261
30.178
29.5771
28.97
28.3627
27.7431
27.1042
26.4426
25.7544
25.0317
24.2617
23.4277
22.4975
21.4477
20.1479
19.3855
18.669
17.7393
16.6183
15.308
13.6551
11.5028
7.9704
3.48907
)
;
    }
    outlet
    {
        type            freestreamPressure;
        freestreamValue uniform 0;
        value           nonuniform List<scalar> 
160
(
0.00179187
0.00179195
0.00179156
0.0017918
0.00179132
0.0017916
0.00179107
0.00179129
0.00179074
0.00179091
0.00179036
0.00179044
0.00178994
0.0017898
0.00178946
0.00178905
0.00178892
0.00178818
0.00178834
0.00178714
0.00178776
0.00178592
0.00178717
0.00178451
0.00178657
0.00178293
0.00178598
0.00178113
0.00178547
0.0017791
0.00178509
0.00177682
0.00178488
0.0017743
0.00178491
0.00177155
0.00178515
0.00176849
0.00178551
0.00176517
0.00178574
0.00176161
0.00178576
0.00175775
0.00178648
0.00175361
0.00179079
0.00174921
0.00180433
0.00174457
0.00183418
0.0017397
0.0018839
0.00173465
0.00194628
0.00172943
0.00199776
0.00172408
0.00200069
0.0017187
0.00191478
0.00171331
0.00171362
0.001708
0.00140011
0.0017028
0.00101381
0.00169786
0.000623103
0.00169327
0.000300597
0.0016891
9.31485e-05
0.00168549
3.89057e-06
0.00168253
-1.9647e-06
0.00168042
2.81505e-05
0.00167922
5.92691e-05
0.00167899
7.76851e-05
0.00167987
8.41636e-05
0.00168203
8.33615e-05
0.00168547
7.79218e-05
0.00169025
6.80276e-05
0.00169647
5.31188e-05
0.00170405
3.30191e-05
0.00171299
7.95301e-06
0.00172326
-2.16909e-05
0.00173484
-5.54954e-05
0.00174774
-9.30387e-05
0.00176181
-0.000133863
0.00177706
-0.000177511
0.00179334
-0.000223461
0.00181057
-0.000271224
0.00182852
-0.000320331
0.00184693
-0.000370289
0.00186574
-0.000420588
0.0018843
-0.000470821
0.0019024
-0.000520415
0.00191979
-0.000569161
0.00193643
-0.000616124
0.00195242
-0.000662221
0.00196747
-0.000704547
0.00198214
-0.000748304
0.0019966
-0.000783344
0.00201295
-0.000824732
0.00203619
-0.000834866
0.00204742
-0.00088128
0.00205516
-0.000847469
0.00205979
-0.000964525
0.00206236
-0.000780941
0.00206268
-0.00115721
0.00206348
-0.000482306
0.00209015
-0.00167995
0.00222465
0.000483556
0.00198092
-0.00293902
0.00405592
0.00355145
-0.00122631
-0.00511776
0.0116805
)
;
    }
    walls
    {
        type            zeroGradient;
    }
    frontAndBack
    {
        type            empty;
    }
}


// ************************************************************************* //
