/*--------------------------------*- C++ -*----------------------------------*\
| =========                 |                                                 |
| \\      /  F ield         | OpenFOAM: The Open Source CFD Toolbox           |
|  \\    /   O peration     | Version:  v1806                                 |
|   \\  /    A nd           | Web:      www.OpenFOAM.com                      |
|    \\/     M anipulation  |                                                 |
\*---------------------------------------------------------------------------*/
FoamFile
{
    version     2.0;
    format      ascii;
    class       volScalarField;
    location    "301";
    object      p;
}
// * * * * * * * * * * * * * * * * * * * * * * * * * * * * * * * * * * * * * //

dimensions      [0 2 -2 0 0 0 0];


internalField   nonuniform List<scalar> 
10720
(
21.0253
-358.914
-810.846
-1264.13
-1693.05
-2135.89
-2536.82
-2882.97
-3191.43
-3442.28
-3644.11
-3803.01
-3921.17
-4002.54
-4050.98
-4064.88
-4049.65
-3997.12
-3913.07
-3789.65
-3632.28
-3436.3
-3213.86
-2969.86
-2724.03
-2505.35
-2308.6
-2113.79
-1919.39
-1726.7
-1534.83
-1343.15
-1151.14
-957.673
-761.29
-556.108
-338.345
-75.0643
210.574
394.787
730.948
1079.77
1396.9
1656.59
1835.09
1916.06
1925.63
1875.98
1763.84
1621.47
1474.85
1332.32
1198.14
1075.95
963.084
858.973
760.581
666.217
572.732
479.874
385.727
290.954
198.065
118.509
58.4818
11.4096
-25.1892
-51.3543
-66.8732
-72.2987
-68.208
-55.0659
-32.8484
-1.37896
41.8399
100.651
196.303
355.698
493.334
207.014
-117.745
-467.63
-831.651
-1208.49
-1579.19
-1932.02
-2262.71
-2561.14
-2824.66
-3051.88
-3242.21
-3396.41
-3514.24
-3593.9
-3635.71
-3637.39
-3601.83
-3525.53
-3411.33
-3257.58
-3073.27
-2864.5
-2648.44
-2449.25
-2264.66
-2079.26
-1892.12
-1705.1
-1517.82
-1329.86
-1140.88
-949.837
-755.343
-551.612
-334.98
-72.3594
208.597
748.279
988.77
1224.84
1447.13
1635.55
1774.9
1850.97
1866.56
1825.46
1736.49
1620.33
1493.43
1363.99
1237.17
1116.89
1003.42
896.679
795.178
697.581
601.764
507.122
412.378
318.087
226.773
147.297
84.9411
35.1546
-4.17846
-33.0286
-51.1248
-58.883
-56.9005
-45.6454
-25.0909
4.99527
47.1277
105.081
200.178
353.496
549.284
293.366
1.69968
-323.28
-664.315
-1018.27
-1376.28
-1724.03
-2052.71
-2356.14
-2627.03
-2862.78
-3062.08
-3223.99
-3347.49
-3433.47
-3482.41
-3493.84
-3468.39
-3404.42
-3303.23
-3164.9
-2996.12
-2803.87
-2602.41
-2411.48
-2232.01
-2052.15
-1870.07
-1687.34
-1503.72
-1318.8
-1132.27
-943.188
-750.219
-547.689
-332.046
-70.661
206.32
777.406
995.554
1208.72
1406.23
1570.64
1692.64
1764.21
1785.62
1758.51
1689.76
1592.56
1479.58
1359.71
1239
1121.81
1009.91
903.697
802.465
705.113
610.001
516.251
422.963
330.53
241.229
162.05
98.1898
47.0289
6.52741
-23.4171
-42.5726
-51.3504
-50.3357
-39.9746
-20.229
9.18206
50.7771
108.308
202.63
349.865
629.888
414.82
166.655
-109.196
-401.752
-711.156
-1028.57
-1344.27
-1651.1
-1942.48
-2211.92
-2455.3
-2669.5
-2852.26
-3001.45
-3116.32
-3196.58
-3239.96
-3245.54
-3212.02
-3139.82
-3029.73
-2887.04
-2718.93
-2537.65
-2360.08
-2189.76
-2018.04
-1842.76
-1665.54
-1486.51
-1305.37
-1121.93
-935.336
-744.326
-543.379
-329.098
-69.6841
203.06
820.626
1001.53
1180.14
1348.65
1491.04
1599.99
1668.67
1695.04
1679.49
1627.46
1548.39
1452.11
1346.24
1236.46
1126.98
1020.12
916.847
817.206
720.598
625.968
532.61
440.007
348.579
260.445
181.321
116.102
63.4266
21.3958
-10.1444
-30.9495
-41.3522
-41.8669
-32.8804
-14.3335
14.091
54.8958
111.749
204.842
345.984
640.978
450.169
228.947
-18.3311
-281.15
-562.107
-853.849
-1147.76
-1438.43
-1719.37
-1984.18
-2228.22
-2447.4
-2638.35
-2798.33
-2925.52
-3018.22
-3074.49
-3093.26
-3073.9
-3016.68
-2922.89
-2796.93
-2645.59
-2479.44
-2312.51
-2149.53
-1984.43
-1814.98
-1642.71
-1468.01
-1290.61
-1110.35
-926.428
-737.617
-538.538
-325.985
-69.1323
198.539
810.572
970.587
1129.22
1279.22
1406.5
1506
1572.35
1602.52
1596.36
1558.27
1494.99
1414.03
1321.57
1222.68
1121.38
1020.28
920.832
823.681
728.743
635.469
543.379
452.207
362.417
275.948
197.498
131.535
77.6908
34.4221
1.5798
-20.5744
-32.2823
-34.0182
-26.1368
-8.58019
18.9972
59.081
115.228
206.906
341.869
639.222
470.143
273.265
53.3358
-180.299
-431.793
-694.411
-961.268
-1228.47
-1490.2
-1741.05
-1976.67
-2192.73
-2385.44
-2551.61
-2688.64
-2794
-2866.17
-2903.23
-2904.01
-2868.03
-2796.15
-2691.76
-2560.95
-2412.77
-2259.06
-2105.35
-1948.06
-1785.31
-1618.56
-1448.49
-1275.02
-1098.07
-916.923
-730.433
-533.41
-322.871
-69.1833
192.776
789.623
931.11
1072.5
1207.29
1322.47
1414.56
1478.81
1511.62
1512.77
1485.8
1435.76
1368.5
1288.93
1201.34
1109.35
1015.49
921.426
828.172
736.055
644.957
554.686
465.224
377.123
292.21
214.453
147.906
92.9591
48.4886
14.3478
-9.19225
-22.2983
-25.3884
-18.7686
-2.35527
24.2338
63.4637
118.757
208.734
337.416
621.671
469.223
291.301
92.479
-118.22
-346.116
-585.218
-829.539
-1076.51
-1321.01
-1558.39
-1784.8
-1995.9
-2187.74
-2356.87
-2500.07
-2614.44
-2697.61
-2747.22
-2761.69
-2740.38
-2684.23
-2596.15
-2481.58
-2348.35
-2206.3
-2061.16
-1911.21
-1754.94
-1593.67
-1428.27
-1258.79
-1085.21
-906.932
-722.878
-528.069
-319.824
-69.8787
185.849
757.473
884.9
1013.02
1135.81
1241.36
1327.45
1389.69
1424.2
1431.01
1412.88
1373.8
1318.4
1250.55
1173.75
1091.13
1004.96
916.958
828.343
739.757
651.437
563.486
476.121
389.992
306.827
230.044
163.314
107.569
62.1034
26.8155
1.99495
-12.4335
-16.8171
-11.4085
3.89888
29.5155
67.869
122.232
210.259
332.658
597.6
459.192
297.397
116.787
-74.0093
-280.942
-498.516
-721.51
-948.293
-1174.52
-1396.2
-1610.14
-1812.39
-1999.14
-2166.87
-2312.17
-2431.75
-2522.84
-2583.15
-2610.84
-2604.68
-2565.12
-2494.32
-2396.8
-2279.2
-2149.73
-2014.1
-1872.12
-1722.8
-1567.39
-1406.96
-1241.7
-1071.71
-896.462
-714.99
-522.555
-316.841
-71.1508
177.891
721.132
836.852
953.934
1066.78
1164.36
1245.38
1305.61
1341.16
1352.24
1341.1
1310.97
1265.64
1208.18
1141.41
1067.94
989.712
908.325
825.067
740.76
655.893
570.822
485.965
402.076
320.808
245.194
178.57
122.242
75.9157
39.5706
13.526
-2.20136
-7.88327
-3.71891
10.4328
35.0098
72.396
125.696
211.498
327.638
569.257
442.525
294.258
128.923
-45.124
-234.132
-433.127
-637.394
-846.065
-1055.36
-1261.96
-1463.3
-1655.83
-1836.04
-2000.54
-2145.85
-2268.5
-2365.55
-2434.22
-2472.45
-2478.48
-2452.51
-2396.25
-2313.52
-2209.93
-2092.28
-1965.95
-1831.85
-1689.48
-1540.04
-1384.69
-1223.82
-1057.58
-885.521
-706.79
-516.905
-313.923
-72.9204
169.077
682.576
788.622
896.513
1001.01
1091.84
1168.44
1226.71
1262.81
1277.08
1271.44
1248.6
1211.71
1163.3
1105.6
1040.76
970.355
895.795
818.308
738.778
657.868
576.127
494.145
412.76
333.585
259.364
193.157
136.513
89.5145
52.2538
25.0887
8.12627
1.18226
4.11463
17.1056
40.6166
76.9738
129.097
212.432
322.358
539.038
422.297
285.667
133.53
-26.053
-199.435
-381.986
-569.441
-761.471
-954.759
-1146.59
-1334.94
-1516.66
-1688.72
-1847.93
-1990.86
-2114.12
-2214.57
-2289.29
-2336.12
-2352.98
-2339.59
-2297.09
-2228.53
-2138.55
-2032.7
-1915.93
-1789.93
-1654.72
-1511.45
-1361.39
-1205.09
-1042.76
-874.076
-698.265
-511.136
-311.087
-75.1595
159.572
643.642
741.451
841.501
938.824
1023.86
1096.5
1152.84
1189.13
1205.75
1204.44
1187.51
1157.67
1117.02
1067.4
1010.51
947.613
879.875
808.387
734.013
657.493
579.5
500.747
422.149
345.278
272.675
207.177
150.484
103.003
64.9659
36.7797
18.6429
10.4659
12.1654
23.973
46.3721
81.6203
132.441
213.067
316.831
508.153
400.034
273.479
132.78
-14.2442
-173.987
-342.089
-514.661
-691.679
-870.271
-1048.23
-1223.99
-1394.81
-1558.07
-1710.91
-1850.11
-1972.37
-2074.55
-2153.57
-2207.18
-2233
-2230.3
-2199.81
-2143.94
-2066.45
-1971.84
-1864.52
-1746.63
-1618.64
-1481.67
-1337.07
-1185.49
-1027.26
-862.119
-689.414
-505.25
-308.363
-77.8595
149.465
605.227
695.951
789.205
880.284
960.265
1029.33
1083.75
1119.96
1138.29
1140.37
1128.22
1104.25
1070.24
1027.69
978.019
922.163
861.052
795.601
726.594
654.766
580.852
505.642
430.089
355.731
284.972
220.464
163.993
116.236
77.5783
48.4888
29.2563
19.8914
20.3737
30.9898
52.2427
86.3092
135.704
213.403
311.079
477.439
376.871
259.159
128.502
-7.52024
-155.245
-310.537
-469.799
-633.267
-798.389
-963.357
-1127
-1286.98
-1441.09
-1586.76
-1721.07
-1840.89
-1943.18
-2024.82
-2083.45
-2116.68
-2123.25
-2103.51
-2059.24
-1993.42
-1909.64
-1811.69
-1701.95
-1581.25
-1450.72
-1311.72
-1165.03
-1011.07
-849.647
-680.236
-499.259
-305.775
-81.0215
138.811
567.941
652.477
739.766
825.33
900.844
966.617
1019.15
1055.07
1074.61
1079.35
1071.08
1051.96
1023.58
987.201
943.981
894.617
839.815
780.3
716.731
649.791
580.215
508.815
436.547
364.917
296.223
232.976
176.996
129.177
90.066
60.2003
39.96
29.4589
28.7426
38.158
58.2266
91.0334
138.878
213.45
305.124
447.42
353.512
243.63
121.861
-4.44353
-141.513
-285.413
-432.768
-584.018
-736.892
-889.849
-1042.08
-1191.57
-1336.48
-1474.6
-1603.3
-1719.7
-1820.88
-1903.79
-1965.99
-2005.12
-2019.49
-2009.07
-1975.15
-1920.02
-1846.45
-1757.64
-1656
-1542.61
-1418.61
-1285.34
-1143.71
-994.17
-836.654
-670.733
-493.169
-303.34
-84.6345
127.646
532.092
611.194
693.166
773.817
845.312
908.065
958.754
994.2
1014.58
1021.37
1016.25
1001.16
977.545
946.501
908.989
865.529
816.629
762.838
704.67
642.705
577.633
510.242
441.468
372.77
306.357
244.624
189.398
141.742
102.352
71.8486
50.7
39.1251
37.2387
45.4511
64.3022
95.7749
141.947
213.211
298.989
418.413
330.436
227.549
113.713
-3.93455
-131.496
-265.215
-401.882
-542.109
-683.826
-825.723
-967.252
-1106.72
-1242.6
-1373.03
-1495.67
-1607.87
-1706.93
-1789.93
-1854.38
-1898.04
-1918.88
-1916.52
-1891.81
-1846.43
-1782.46
-1702.51
-1608.87
-1502.77
-1385.36
-1257.96
-1121.51
-976.567
-823.135
-660.905
-486.986
-301.071
-88.6824
116.009
497.878
572.127
649.354
725.563
793.413
853.356
902.258
937.104
958.006
966.408
963.826
952.071
932.48
906.028
873.539
835.393
791.944
743.583
690.674
633.673
573.189
509.949
444.843
379.261
315.329
255.349
201.132
153.864
114.38
83.3867
61.4395
48.8621
45.8419
52.853
70.4551
100.519
144.899
212.702
292.697
390.6
307.958
211.362
104.661
-5.23009
-124.264
-248.82
-375.875
-506.121
-637.663
-769.4
-900.988
-1030.99
-1158.17
-1280.94
-1397.26
-1504.76
-1600.96
-1683.11
-1748.74
-1795.68
-1821.76
-1826.25
-1809.59
-1773
-1717.96
-1646.5
-1560.69
-1461.83
-1351.04
-1229.58
-1098.45
-958.258
-809.091
-650.753
-480.711
-298.968
-93.146
103.951
465.385
535.268
608.198
680.382
744.887
802.203
849.379
883.522
904.714
914.339
913.817
904.825
888.634
866.13
838.035
804.64
766.172
722.884
675.011
622.88
566.992
507.99
446.681
384.368
323.097
265.091
212.126
165.471
126.082
94.7548
72.1284
58.6292
54.5205
60.3381
76.664
105.249
147.723
211.934
286.277
364.084
286.28
195.379
95.139
-7.76077
-119.088
-235.365
-353.731
-474.924
-597.193
-719.619
-842.003
-963.122
-1081.98
-1197.26
-1307.19
-1409.67
-1502.44
-1582.97
-1648.86
-1698
-1728.2
-1738.4
-1728.73
-1700
-1653.19
-1589.79
-1511.6
-1419.87
-1315.68
-1200.24
-1074.54
-939.249
-794.523
-640.279
-474.348
-297.033
-97.9892
91.5225
434.631
500.56
569.568
638.073
699.49
754.337
799.852
833.222
854.516
865.07
866.211
859.51
846.187
827.066
802.804
773.62
739.663
701.069
657.956
610.534
559.181
504.435
447.004
388.087
329.64
273.806
222.318
176.497
137.396
105.896
82.7183
68.3866
63.2435
67.8812
82.9077
109.947
150.407
210.923
279.756
338.921
265.519
179.806
85.4557
-11.1071
-115.434
-224.208
-334.681
-447.638
-561.463
-675.347
-789.209
-902.031
-1013
-1121.05
-1224.65
-1321.94
-1410.91
-1489.22
-1554.6
-1605
-1638.32
-1653.19
-1649.5
-1627.71
-1588.41
-1532.6
-1461.74
-1376.99
-1279.37
-1169.98
-1049.81
-919.551
-779.435
-629.487
-467.9
-295.259
-103.174
78.7774
405.597
467.925
533.332
598.452
657.009
709.519
753.428
785.982
807.226
818.47
820.948
816.146
805.247
789.03
768.1
742.64
712.736
678.444
639.783
596.854
549.916
499.391
445.869
390.433
334.942
281.456
231.653
186.876
148.256
116.75
93.1562
78.0895
71.9744
75.4527
89.1617
114.595
152.943
209.687
273.162
315.12
245.748
164.802
75.8269
-14.9437
-112.901
-214.826
-318.116
-423.56
-529.659
-635.7
-741.711
-846.81
-950.372
-1051.5
-1148.89
-1240.95
-1325.85
-1401.49
-1465.74
-1516.61
-1552.15
-1570.76
-1572.09
-1556.39
-1523.87
-1475.13
-1411.28
-1333.33
-1242.18
-1138.85
-1024.28
-899.181
-763.837
-618.383
-461.364
-293.639
-108.656
65.784
378.238
437.262
499.353
561.341
617.226
667.534
709.882
741.586
762.674
774.411
777.965
774.742
765.891
752.162
734.125
711.943
685.662
655.282
620.744
582.054
539.363
492.971
443.347
391.442
339.007
288.017
240.085
196.552
158.601
127.257
103.387
87.6912
80.6741
83.0208
95.4002
119.174
155.322
208.248
266.529
292.663
227.005
150.442
66.4227
-19.0518
-111.163
-206.827
-303.54
-402.121
-501.143
-599.984
-698.748
-796.681
-893.282
-987.838
-1079.23
-1166.08
-1246.78
-1319.42
-1382.06
-1432.74
-1469.72
-1491.22
-1496.72
-1486.26
-1459.81
-1417.6
-1360.39
-1289
-1204.21
-1106.92
-998.002
-878.161
-747.743
-606.972
-454.742
-292.16
-114.385
52.6072
352.5
408.475
467.498
526.571
579.946
628.173
669.01
699.845
720.685
732.761
737.174
735.264
728.149
716.555
701.029
681.727
658.672
631.825
601.075
566.348
527.694
485.302
439.516
391.157
341.852
293.478
247.578
205.471
168.373
137.357
113.356
97.142
89.3001
90.551
101.596
123.664
157.538
206.626
259.889
271.521
209.301
136.791
57.3447
-23.2494
-109.992
-199.896
-290.585
-382.866
-475.393
-567.606
-659.682
-750.956
-841.05
-929.395
-1015.04
-1096.79
-1173.24
-1242.67
-1303.3
-1353.28
-1391.01
-1414.65
-1423.53
-1417.54
-1396.46
-1360.21
-1309.25
-1244.15
-1165.56
-1074.25
-971.015
-856.523
-731.168
-595.261
-448.029
-290.805
-120.312
39.3158
328.314
381.466
437.636
493.985
545.002
591.249
630.626
660.581
681.107
693.398
698.498
697.679
692.033
682.275
668.929
652.153
631.96
608.289
580.992
549.936
515.085
476.527
434.485
389.648
343.508
297.838
254.105
213.59
177.515
146.992
123.005
106.391
97.8077
98.0061
107.718
128.046
159.585
204.844
253.272
251.652
192.625
123.881
48.6756
-27.4131
-109.196
-193.797
-278.939
-365.424
-451.974
-538.093
-623.991
-709.1
-793.124
-875.616
-955.777
-1032.58
-1104.78
-1170.87
-1229.21
-1278.07
-1315.97
-1341.1
-1352.65
-1350.41
-1334.03
-1303.19
-1258.04
-1198.93
-1126.36
-1040.94
-943.379
-834.303
-714.133
-583.261
-441.22
-289.55
-126.378
25.985
305.616
356.137
409.643
463.435
512.231
556.599
594.563
623.64
643.799
656.2
661.841
661.933
657.538
649.357
637.903
623.339
605.681
584.855
560.69
533.008
501.709
466.79
428.367
386.989
344.015
301.11
259.653
220.873
185.981
156.108
132.279
115.385
106.15
105.347
113.736
132.299
161.459
202.924
246.711
233.009
176.958
111.721
40.4637
-31.4453
-108.636
-188.33
-268.355
-349.485
-430.528
-511.024
-591.221
-670.612
-748.983
-825.99
-900.942
-972.974
-1041.01
-1103.68
-1159.53
-1206.93
-1244.52
-1270.58
-1284.18
-1285.04
-1272.73
-1246.73
-1206.95
-1153.5
-1086.72
-1007.08
-915.16
-811.543
-696.665
-570.98
-434.309
-288.37
-132.521
12.6932
284.33
332.395
383.399
434.786
481.485
524.068
560.667
588.865
608.62
621.054
627.12
627.966
624.636
617.815
608.007
595.383
579.964
561.676
540.335
515.738
487.732
456.239
421.275
383.265
343.431
303.32
264.218
227.293
193.726
164.653
141.123
124.071
114.278
112.533
119.619
136.405
163.157
200.89
240.239
215.541
162.269
100.313
32.7428
-35.2872
-108.204
-183.349
-258.634
-334.821
-410.767
-486.069
-560.987
-635.078
-708.188
-780.055
-850.092
-917.56
-981.524
-1040.78
-1094
-1139.7
-1176.59
-1203.09
-1218.2
-1221.56
-1212.72
-1191.03
-1156.15
-1108.02
-1046.78
-972.768
-886.434
-788.295
-678.791
-558.43
-427.288
-287.233
-138.684
-0.486874
264.382
310.152
358.805
407.919
452.634
493.516
528.795
556.122
575.44
587.847
594.24
595.716
593.296
587.652
579.275
568.349
554.908
538.877
520.075
498.282
473.309
445.015
413.333
378.573
341.821
304.502
267.81
232.834
200.716
172.58
149.485
132.397
122.143
119.521
125.333
140.342
164.678
198.764
233.885
199.193
148.527
89.646
25.5275
-38.8816
-107.82
-178.733
-249.621
-321.22
-392.456
-462.949
-532.98
-602.151
-670.362
-737.419
-802.826
-865.953
-925.977
-981.841
-1032.36
-1076.18
-1112.06
-1138.6
-1154.73
-1160.06
-1154.15
-1136.24
-1105.83
-1062.65
-1006.68
-938.117
-857.28
-764.618
-660.549
-545.624
-420.147
-286.102
-144.8
-13.4751
245.705
289.315
335.755
382.724
425.556
464.81
498.813
525.281
544.15
556.477
563.118
565.118
563.476
558.848
551.719
542.285
530.587
516.562
500.035
480.78
458.583
433.256
404.666
373.015
339.26
304.705
270.443
237.488
206.924
179.847
157.316
140.311
129.695
126.268
130.844
144.092
166.021
196.566
227.677
183.908
135.695
79.7036
18.8226
-42.197
-107.421
-174.386
-241.18
-308.522
-375.385
-441.42
-506.916
-571.524
-635.183
-697.743
-758.796
-817.802
-874.043
-926.59
-974.377
-1016.18
-1050.81
-1077.06
-1093.8
-1100.65
-1097.16
-1082.55
-1056.16
-1017.55
-966.566
-903.24
-827.794
-740.572
-641.972
-532.577
-412.873
-284.942
-150.805
-26.1953
228.229
269.806
314.155
359.089
400.128
437.829
470.603
496.232
514.637
526.843
533.665
536.104
535.129
531.385
525.346
517.22
507.06
494.815
480.319
463.351
443.681
421.09
395.39
366.692
335.827
303.982
272.148
241.258
212.33
186.421
164.571
147.764
136.886
132.732
136.119
147.634
167.185
194.317
221.641
169.634
123.733
70.4627
12.6254
-45.2165
-106.962
-170.238
-233.215
-296.593
-359.389
-421.287
-482.572
-542.936
-602.358
-660.722
-717.686
-772.792
-825.42
-874.742
-919.808
-959.508
-992.736
-1018.4
-1035.41
-1043.37
-1041.87
-1030.09
-1007.28
-972.877
-926.568
-868.269
-798.066
-716.226
-623.11
-519.301
-405.458
-283.707
-156.631
-38.5715
211.888
251.544
293.916
336.914
376.249
412.465
444.052
468.861
486.796
498.851
505.803
508.606
508.206
505.229
500.145
493.167
484.363
473.694
461.01
446.097
428.72
408.636
385.618
359.703
331.606
302.393
272.962
244.156
216.925
192.272
171.209
154.71
143.668
138.869
141.125
150.95
168.171
192.035
215.8
156.32
112.599
61.8994
6.92859
-47.9267
-106.407
-166.23
-225.641
-285.32
-344.327
-402.377
-459.75
-516.173
-571.645
-626.095
-679.225
-730.652
-779.835
-826.042
-868.431
-905.985
-937.681
-962.556
-979.539
-988.262
-988.349
-978.991
-959.351
-928.777
-886.834
-833.318
-768.203
-691.654
-604
-505.822
-397.888
-282.358
-162.222
-50.5313
196.616
234.457
274.953
316.115
353.821
388.62
419.061
443.067
460.531
472.411
479.449
482.557
482.649
480.343
476.096
470.13
462.523
453.251
442.179
429.105
413.797
396.001
375.461
352.153
326.683
300.007
272.927
246.203
220.707
197.381
177.197
161.106
149.998
144.639
145.829
154.021
168.979
189.734
210.173
143.912
102.255
53.9824
1.72152
-50.3253
-105.736
-162.317
-218.393
-274.614
-330.088
-384.553
-438.288
-491.039
-542.836
-593.628
-643.167
-691.13
-737.043
-780.259
-820.028
-855.434
-885.517
-909.436
-926.161
-935.353
-936.68
-929.354
-912.506
-885.397
-847.505
-798.515
-738.299
-666.938
-584.696
-492.15
-390.152
-280.856
-167.511
-62.0091
182.353
218.475
257.193
296.604
332.757
366.198
395.534
418.757
435.75
447.44
454.53
457.889
458.41
456.689
453.178
448.102
441.552
433.516
423.877
412.446
398.999
383.283
365.021
344.136
321.144
296.893
272.094
247.427
223.682
201.735
182.508
166.915
155.832
150.003
150.202
156.83
169.609
187.429
204.775
132.36
92.6586
46.6849
-3.01359
-52.4126
-104.935
-158.467
-211.415
-264.399
-316.575
-367.692
-418.035
-467.37
-515.738
-563.118
-609.299
-654.004
-696.821
-737.179
-774.403
-807.675
-836.106
-858.938
-875.229
-884.646
-886.908
-881.276
-866.855
-842.869
-808.714
-763.986
-708.467
-642.149
-565.252
-478.311
-382.239
-279.148
-172.445
-72.9389
169.043
203.533
240.558
278.3
312.971
345.11
373.383
395.843
412.37
423.855
430.969
434.538
435.429
434.223
431.358
427.067
421.45
414.509
406.142
396.176
384.402
370.566
354.384
335.743
315.071
293.12
270.518
247.863
225.866
205.331
187.12
172.107
161.135
154.925
154.212
159.36
170.061
185.127
199.615
121.617
83.7698
39.9773
-7.29603
-54.1937
-103.99
-154.653
-204.662
-254.613
-303.7
-351.692
-398.869
-445.018
-490.192
-534.386
-577.424
-619.071
-658.962
-696.6
-731.375
-762.551
-789.316
-810.976
-826.684
-836.124
-839.067
-834.823
-822.506
-801.31
-770.583
-729.848
-678.808
-617.378
-545.716
-464.329
-374.139
-277.203
-176.964
-83.2602
156.628
189.567
224.981
261.132
294.386
325.275
352.524
374.243
390.31
401.581
408.695
412.439
413.649
412.897
410.603
407.007
402.215
396.241
389.001
380.341
370.062
357.922
343.633
327.057
308.546
288.763
268.258
247.552
227.28
208.171
191.023
176.656
165.875
159.372
157.834
161.595
170.334
182.838
194.699
111.636
75.551
33.8282
-11.1447
-55.6777
-102.899
-150.859
-198.103
-245.206
-291.401
-336.47
-380.69
-423.866
-466.056
-507.277
-547.375
-586.154
-623.29
-658.342
-690.768
-719.905
-745.01
-765.445
-780.464
-789.765
-793.17
-790.05
-779.541
-760.829
-733.23
-696.216
-649.423
-592.702
-526.151
-450.225
-365.845
-274.98
-181.02
-92.9209
145.058
176.522
210.398
245.03
276.929
306.619
332.879
353.883
369.496
380.547
387.64
391.528
393.018
392.664
390.875
387.892
383.832
378.714
372.473
364.973
356.031
345.414
332.842
318.155
301.645
283.892
265.372
246.54
227.953
210.267
194.21
180.544
170.027
163.315
161.045
163.522
170.427
180.563
190.028
102.374
67.9633
28.2084
-14.5814
-56.8762
-101.663
-147.071
-191.714
-236.141
-279.621
-321.955
-363.408
-403.806
-443.211
-481.655
-519.005
-555.093
-589.637
-622.242
-652.428
-679.591
-703.062
-722.245
-736.495
-745.532
-749.22
-746.993
-738.028
-721.516
-696.76
-663.198
-620.417
-568.204
-506.608
-436.028
-357.355
-272.445
-184.57
-101.875
134.281
164.341
196.751
229.928
260.53
289.07
314.377
334.687
349.855
360.683
367.742
371.749
373.481
373.476
372.135
369.696
366.281
361.922
356.567
350.096
342.344
333.092
322.071
309.107
294.44
278.574
261.923
244.875
227.918
211.635
196.683
183.761
173.571
166.731
163.823
165.128
170.338
178.304
185.599
93.787
60.9703
23.0881
-17.6278
-57.8009
-100.283
-143.28
-185.469
-227.378
-268.309
-308.08
-346.945
-384.747
-421.553
-457.4
-492.181
-525.747
-557.856
-588.153
-616.206
-641.474
-663.348
-681.279
-694.71
-703.384
-707.208
-705.68
-698.021
-683.449
-661.267
-630.893
-591.877
-543.964
-487.146
-421.767
-348.664
-269.57
-187.573
-110.082
124.251
152.972
183.981
215.768
245.127
272.563
296.953
316.589
331.323
341.925
348.936
353.038
354.982
355.288
354.342
352.385
349.542
345.853
341.282
335.724
329.031
321
311.373
299.975
286.995
272.874
257.969
242.608
227.215
212.3
198.452
186.302
176.495
169.603
166.152
166.402
170.062
176.06
181.402
85.8346
54.5368
18.438
-20.3056
-58.4653
-98.765
-139.48
-179.355
-218.89
-257.425
-294.791
-331.232
-366.604
-400.981
-434.405
-466.784
-497.992
-527.816
-555.936
-581.969
-605.424
-625.751
-642.445
-655.025
-663.267
-667.112
-666.118
-659.561
-646.693
-626.831
-599.388
-563.895
-520.056
-467.82
-407.471
-339.778
-266.33
-189.999
-117.516
114.922
142.366
172.037
202.493
230.661
257.035
280.541
299.525
313.835
324.209
331.162
335.341
337.467
338.048
337.453
335.924
333.587
330.492
326.614
321.865
316.111
309.168
300.793
290.809
279.37
266.855
253.569
239.792
225.884
212.292
199.532
188.172
178.792
171.918
168.02
167.335
169.597
173.824
177.424
78.4792
48.6287
14.2297
-22.6372
-58.8855
-97.1151
-135.672
-173.359
-210.659
-246.94
-282.046
-316.216
-349.316
-381.42
-412.578
-442.712
-471.712
-499.393
-525.468
-549.593
-571.323
-590.162
-605.648
-617.369
-625.125
-628.9
-628.305
-622.674
-611.296
-593.519
-568.762
-536.548
-496.553
-448.686
-393.171
-330.701
-262.711
-191.826
-124.153
106.252
132.475
160.866
190.048
217.073
242.428
265.081
283.435
297.33
307.477
314.364
318.601
320.888
321.711
321.429
320.278
318.389
315.82
312.554
308.519
303.598
297.623
290.367
281.658
271.617
260.571
248.78
236.478
223.972
211.644
199.947
189.381
180.465
173.672
169.419
167.921
168.939
171.589
173.651
71.6826
43.2139
10.4354
-24.6443
-59.0761
-95.3412
-131.853
-167.473
-202.664
-236.822
-269.807
-301.846
-332.816
-362.796
-391.837
-419.872
-446.808
-472.482
-496.637
-518.962
-539.059
-556.475
-570.793
-581.657
-588.9
-592.535
-592.229
-587.369
-577.295
-561.385
-539.083
-509.907
-473.52
-429.796
-378.903
-321.445
-258.704
-193.037
-129.979
98.201
123.258
150.424
178.384
204.314
228.688
250.518
268.26
281.753
291.673
298.487
302.769
305.194
306.23
306.224
305.409
303.919
301.813
299.087
295.683
291.498
286.381
280.125
272.561
263.784
254.075
243.655
232.719
221.523
210.395
199.724
189.947
181.52
174.865
170.346
168.155
168.082
169.346
170.062
65.4107
38.261
7.02835
-26.3487
-59.0532
-93.4536
-128.027
-161.693
-194.891
-227.05
-258.038
-288.078
-317.053
-345.045
-372.106
-398.182
-423.189
-446.985
-469.34
-489.976
-508.529
-524.592
-537.787
-547.813
-554.528
-557.973
-557.865
-553.648
-544.711
-530.474
-510.404
-484.033
-451.015
-411.199
-364.696
-312.023
-254.305
-193.625
-134.989
90.7303
114.673
140.665
167.454
192.332
215.762
236.8
253.95
267.048
276.744
283.478
287.792
290.336
291.561
291.799
291.282
290.142
288.446
286.198
283.35
279.814
275.457
270.089
263.55
255.91
247.413
238.244
228.564
218.586
208.586
198.896
189.893
181.972
175.503
170.801
168.036
167.024
167.084
166.636
59.63
33.7406
3.98305
-27.7705
-58.8324
-91.4607
-124.197
-156.012
-187.327
-217.602
-246.714
-274.876
-301.982
-328.113
-353.324
-377.567
-400.773
-422.814
-443.485
-462.535
-479.638
-494.42
-506.546
-515.759
-521.941
-525.164
-525.183
-521.5
-513.555
-500.812
-482.77
-458.978
-429.093
-392.941
-350.586
-302.457
-249.519
-193.59
-139.183
83.8024
106.679
131.546
157.213
181.08
203.603
223.874
240.453
253.166
262.64
269.287
273.622
276.267
277.657
278.112
277.858
277.029
275.694
273.865
271.506
268.544
264.857
260.277
254.652
248.033
240.629
232.595
224.062
215.207
206.26
197.501
189.248
181.841
175.6
170.792
167.564
165.759
164.791
163.35
54.3091
29.623
1.27504
-28.9302
-58.4297
-89.3725
-120.365
-150.429
-179.967
-208.465
-235.81
-262.208
-287.561
-311.951
-335.432
-357.963
-379.488
-399.89
-418.988
-436.554
-452.293
-465.871
-476.983
-485.415
-491.075
-494.054
-494.146
-490.906
-483.826
-472.417
-456.21
-434.783
-407.798
-375.065
-336.607
-292.766
-244.358
-192.94
-142.571
77.3842
99.2407
123.03
147.618
170.515
192.164
211.696
227.719
240.059
249.311
255.867
260.212
262.942
264.477
265.123
265.101
264.546
263.528
262.069
260.14
257.68
254.585
250.701
245.888
240.182
233.758
226.749
219.259
211.434
203.462
195.577
188.045
181.153
175.173
170.328
166.744
164.285
162.453
160.179
49.4179
25.8823
-1.1199
-29.848
-57.8593
-87.2005
-116.538
-144.942
-172.799
-199.621
-225.303
-250.045
-273.755
-296.513
-318.377
-339.311
-359.267
-378.141
-395.77
-411.95
-426.414
-438.862
-449.019
-456.709
-461.862
-464.584
-464.709
-461.838
-455.515
-445.294
-430.747
-411.479
-387.165
-357.608
-322.79
-282.978
-238.84
-191.692
-145.17
71.4428
92.3227
115.078
138.632
160.596
181.403
200.222
215.706
227.681
236.713
243.173
247.518
250.319
251.98
252.793
252.976
252.662
251.923
250.786
249.234
247.215
244.639
241.37
237.276
232.382
226.835
220.747
214.2
207.313
200.238
193.167
186.321
179.938
174.245
169.425
165.583
162.601
160.059
157.099
44.9278
22.4922
-3.22388
-30.5426
-57.1374
-84.955
-112.721
-139.554
-165.821
-191.061
-215.178
-238.362
-260.53
-281.763
-302.114
-321.557
-340.049
-357.499
-373.76
-388.647
-401.922
-413.314
-422.577
-429.565
-434.233
-436.698
-436.826
-434.261
-428.6
-419.439
-406.39
-389.088
-367.226
-340.603
-309.17
-273.12
-232.989
-189.867
-147.002
65.9478
85.8915
107.656
130.216
151.283
171.278
189.407
204.37
215.988
224.802
231.162
235.498
238.357
240.125
241.085
241.447
241.343
240.849
239.995
238.772
237.139
235.018
232.287
228.83
224.655
219.89
214.624
208.926
202.887
196.632
190.315
184.117
178.23
172.843
168.102
164.089
160.705
157.595
154.086
40.8116
19.4283
-5.05865
-31.0323
-56.2772
-82.646
-108.919
-134.263
-159.027
-182.774
-205.417
-227.137
-247.86
-267.662
-286.602
-304.653
-321.78
-337.903
-352.891
-366.577
-378.745
-389.151
-397.582
-403.912
-408.121
-410.334
-410.443
-408.136
-403.055
-394.839
-383.139
-367.623
-348.003
-324.078
-295.774
-263.222
-226.834
-187.495
-148.097
60.8693
79.9167
100.73
122.336
142.539
161.752
179.215
193.671
204.94
213.538
219.794
224.112
227.015
228.875
229.962
230.48
230.561
230.28
229.672
228.736
227.438
225.714
223.457
220.558
217.02
212.947
208.414
203.474
198.2
192.689
187.065
181.473
176.067
170.997
166.38
162.277
158.599
155.052
151.116
37.0441
16.667
-6.64428
-31.3346
-55.2927
-80.2834
-105.14
-129.073
-152.414
-174.751
-196.005
-216.35
-235.717
-254.182
-271.8
-288.553
-304.41
-319.3
-333.104
-345.673
-356.813
-366.306
-373.962
-379.68
-383.459
-385.428
-385.505
-383.417
-378.844
-371.472
-360.986
-347.088
-329.51
-308.056
-282.634
-253.315
-220.407
-184.611
-148.491
56.1798
74.3686
94.2682
114.957
134.33
152.789
169.607
183.571
194.499
202.882
209.03
213.321
216.258
218.195
219.39
220.044
220.285
220.189
219.795
219.107
218.101
216.722
214.877
212.469
209.491
206.029
202.146
197.881
193.291
188.453
183.462
178.434
173.488
168.742
164.285
160.16
156.287
152.418
148.168
33.6009
14.1868
-8.00092
-31.4657
-54.1984
-77.8773
-101.387
-123.982
-145.978
-166.985
-186.931
-205.983
-224.079
-241.291
-257.676
-273.218
-287.893
-301.636
-314.342
-325.875
-336.062
-344.71
-351.65
-356.802
-360.18
-361.919
-361.956
-360.053
-355.931
-349.311
-339.918
-327.481
-311.756
-292.556
-269.773
-243.432
-213.745
-181.252
-148.222
51.8536
69.2192
88.242
108.049
126.622
144.353
160.547
174.033
184.627
192.797
198.833
203.09
206.049
208.048
209.336
210.107
210.486
210.549
210.34
209.867
209.113
208.034
206.548
204.568
202.081
199.157
195.846
192.18
188.2
183.965
179.55
175.042
170.532
166.112
161.845
157.756
153.774
149.688
145.223
30.4591
11.9666
-9.14691
-31.4414
-53.0067
-75.4365
-97.6682
-118.994
-139.718
-159.469
-178.182
-196.019
-212.923
-228.963
-244.198
-258.611
-272.186
-284.864
-296.551
-307.126
-316.434
-324.3
-330.58
-335.209
-338.218
-339.742
-339.736
-337.994
-334.271
-328.323
-319.91
-308.791
-294.744
-277.592
-257.217
-233.604
-206.887
-177.463
-147.335
47.8659
64.4422
82.623
101.581
119.385
136.414
152.004
165.024
175.29
183.248
189.169
193.384
196.355
198.404
199.769
200.64
201.137
201.337
201.286
200.998
200.462
199.64
198.465
196.857
194.8
192.346
189.539
186.4
182.962
179.267
175.371
171.34
167.243
163.144
159.088
155.085
151.067
146.854
142.262
27.5971
9.98679
-10.0994
-31.2766
-51.729
-72.9704
-93.9876
-114.112
-133.631
-152.196
-169.749
-186.444
-202.229
-217.174
-231.334
-244.697
-257.249
-268.939
-279.683
-289.372
-297.867
-305.015
-310.689
-314.839
-317.51
-318.836
-318.787
-317.185
-313.816
-308.469
-300.936
-291.003
-278.47
-263.172
-244.984
-223.862
-199.87
-173.289
-145.876
44.1933
60.0127
77.3848
95.5278
112.59
128.94
143.945
156.512
166.458
174.204
180.005
184.173
187.144
189.232
190.66
191.614
192.211
192.528
192.613
192.482
192.132
191.532
190.626
189.34
187.655
185.613
183.246
180.571
177.61
174.395
170.966
167.372
163.659
159.875
156.045
152.168
148.176
143.915
139.273
24.9946
8.22864
-10.8753
-30.9856
-50.3772
-70.4881
-90.3513
-109.336
-127.715
-145.161
-161.622
-177.244
-191.981
-205.901
-219.057
-231.442
-243.044
-253.818
-263.69
-272.562
-280.31
-286.798
-291.916
-295.629
-297.992
-299.138
-299.049
-297.569
-294.517
-289.709
-282.964
-274.095
-262.926
-249.3
-233.093
-214.234
-192.736
-168.775
-143.896
40.8141
55.9074
72.5029
89.8611
106.208
121.904
136.34
148.467
158.097
165.633
171.311
175.424
178.388
180.502
181.981
183.003
183.685
184.1
184.299
184.303
184.111
183.701
183.024
182.017
180.655
178.97
176.986
174.716
172.176
169.386
166.375
163.177
159.823
156.343
152.748
149.027
145.113
140.869
136.242
22.6323
6.67464
-11.4898
-30.5815
-48.9621
-67.9971
-86.7646
-104.669
-121.97
-138.36
-153.791
-168.405
-182.16
-195.122
-207.342
-218.817
-229.537
-239.464
-248.529
-256.648
-263.708
-269.591
-274.204
-277.52
-279.604
-280.587
-280.46
-279.091
-276.322
-271.997
-265.958
-258.045
-248.1
-235.978
-221.558
-204.75
-185.523
-163.969
-141.444
37.7075
52.1044
67.9533
84.5562
100.214
115.277
129.163
140.861
150.181
157.507
163.059
167.11
170.058
172.189
173.707
174.783
175.534
176.032
176.327
176.443
176.385
176.136
175.656
174.888
173.805
172.428
170.777
168.86
166.687
164.273
161.635
158.794
155.772
152.583
149.228
145.686
141.891
137.719
133.162
20.4924
5.30825
-11.9577
-30.0765
-47.4937
-65.5046
-83.2316
-100.112
-116.393
-131.786
-146.249
-159.916
-172.75
-184.817
-196.164
-206.792
-216.694
-225.836
-234.158
-241.584
-248.014
-253.344
-257.495
-260.453
-262.286
-263.123
-262.963
-261.694
-259.18
-255.287
-249.881
-242.824
-233.975
-223.204
-210.389
-195.433
-178.267
-158.918
-138.573
34.8539
48.5826
63.7143
79.5908
94.5844
109.035
122.387
133.665
142.681
149.798
155.222
159.205
162.129
164.266
165.811
166.932
167.738
168.303
168.678
168.889
168.943
168.829
168.516
167.952
167.107
165.996
164.633
163.023
161.171
159.086
156.779
154.262
151.544
148.631
145.516
142.168
138.524
134.468
130.026
18.5575
4.11404
-12.2926
-29.4829
-45.9818
-63.0181
-79.7562
-95.6659
-110.983
-125.436
-138.986
-151.763
-163.735
-174.965
-185.5
-195.34
-204.484
-212.9
-220.536
-227.325
-233.179
-238.004
-241.737
-244.371
-245.979
-246.686
-246.499
-245.321
-243.036
-239.532
-234.693
-228.401
-220.532
-210.97
-199.596
-186.306
-171.005
-153.668
-135.332
32.235
45.3227
59.7654
74.942
89.2948
103.154
115.987
126.857
135.574
142.482
147.773
151.683
154.575
156.71
158.273
159.426
160.277
160.896
161.336
161.624
161.771
161.771
161.598
161.208
160.567
159.684
158.568
157.223
155.65
153.854
151.84
149.612
147.174
144.522
141.642
138.499
135.028
131.122
126.832
16.8118
3.07732
-12.5073
-28.811
-44.4349
-60.5437
-76.3428
-91.3329
-105.739
-119.303
-131.995
-143.937
-155.101
-165.548
-175.326
-184.435
-192.876
-200.622
-207.627
-213.831
-219.157
-223.523
-226.876
-229.219
-230.627
-231.221
-231.011
-229.917
-227.84
-224.685
-220.354
-214.745
-207.752
-199.268
-189.183
-177.388
-163.769
-148.262
-131.774
29.8338
42.3062
56.0864
70.5896
84.3243
97.6104
109.941
120.411
128.834
135.534
140.69
144.522
147.375
149.499
151.072
152.247
153.131
153.793
154.285
154.636
154.86
154.954
154.899
154.654
154.187
153.498
152.594
151.477
150.146
148.603
146.847
144.878
142.694
140.286
137.635
134.701
131.42
127.689
123.579
15.2403
2.18468
-12.6143
-28.0714
-42.8611
-58.0876
-72.9949
-87.1135
-100.656
-113.383
-125.267
-136.425
-146.833
-156.55
-165.622
-174.052
-181.841
-188.969
-195.393
-201.06
-205.904
-209.854
-212.864
-214.946
-216.176
-216.67
-216.444
-215.427
-213.539
-210.697
-206.82
-201.822
-195.609
-188.088
-179.153
-168.695
-156.59
-142.742
-127.945
27.6338
39.5158
52.6595
66.5139
79.6522
92.3843
104.226
114.306
122.439
128.932
133.95
137.699
140.507
142.614
144.186
145.376
146.284
146.978
147.511
147.912
148.198
148.369
148.411
148.289
147.968
147.444
146.722
145.8
144.679
143.354
141.826
140.088
138.136
135.955
133.523
130.798
127.716
124.18
120.27
13.8288
1.42311
-12.6243
-27.2733
-41.2682
-55.6552
-69.7156
-83.008
-95.7353
-107.672
-118.795
-129.217
-138.917
-147.952
-156.366
-164.166
-171.353
-177.909
-183.799
-188.975
-193.379
-196.95
-199.653
-201.501
-202.573
-202.982
-202.743
-201.799
-200.082
-197.522
-194.052
-189.598
-184.081
-177.415
-169.505
-160.242
-149.495
-137.147
-123.893
25.6201
36.9354
49.4672
62.697
75.2596
87.4552
98.821
108.521
116.368
122.655
127.533
131.195
133.952
136.034
137.6
138.795
139.718
140.436
140.999
141.44
141.775
142.009
142.131
142.11
141.912
141.528
140.959
140.205
139.263
138.13
136.801
135.269
133.526
131.555
129.331
126.813
123.935
120.604
116.908
12.5643
0.780724
-12.548
-26.4256
-39.6631
-53.251
-66.5076
-79.0169
-90.9729
-102.163
-112.571
-122.302
-131.339
-139.737
-147.54
-154.754
-161.383
-167.413
-172.812
-177.538
-181.542
-184.77
-187.195
-188.835
-189.769
-190.103
-189.857
-188.981
-187.419
-185.114
-182.008
-178.039
-173.14
-167.235
-160.236
-152.038
-142.507
-131.511
-119.661
23.7782
34.5496
46.4933
59.1214
71.128
82.8045
93.708
103.036
110.603
116.683
121.42
124.99
127.692
129.743
131.295
132.489
133.421
134.154
134.739
135.209
135.582
135.866
136.053
136.116
136.02
135.753
135.314
134.703
133.915
132.947
131.793
130.444
128.89
127.112
125.086
122.767
120.093
116.973
113.5
11.4343
0.246393
-12.3953
-25.5365
-38.0521
-50.8799
-63.3725
-75.1399
-86.3663
-96.8534
-106.587
-115.669
-124.085
-131.889
-139.122
-145.793
-151.906
-157.451
-162.399
-166.715
-170.354
-173.271
-175.446
-176.901
-177.714
-177.985
-177.735
-176.924
-175.504
-173.427
-170.647
-167.111
-162.762
-157.533
-151.342
-144.091
-135.646
-125.867
-115.29
22.0949
32.3442
43.7227
55.7711
67.241
78.4146
88.8685
97.8331
105.123
110.998
115.592
119.068
121.709
123.724
125.257
126.444
127.376
128.118
128.717
129.209
129.611
129.933
130.172
130.303
130.292
130.122
129.793
129.303
128.648
127.823
126.821
125.634
124.25
122.65
120.808
118.681
116.208
113.3
110.054
10.4275
-0.190314
-12.1751
-24.6132
-36.4409
-48.5456
-60.3128
-71.3769
-81.9132
-91.7364
-100.836
-109.309
-117.143
-124.392
-131.095
-137.262
-142.898
-147.995
-152.529
-156.469
-159.777
-162.414
-164.365
-165.656
-166.362
-166.58
-166.33
-165.58
-164.289
-162.418
-159.93
-156.78
-152.919
-148.289
-142.816
-136.407
-128.93
-120.243
-110.817
20.5577
30.3058
41.1409
52.631
63.5824
74.2689
84.2855
92.8949
99.9118
105.583
110.033
113.411
115.988
117.962
119.471
120.645
121.573
122.316
122.924
123.43
123.853
124.204
124.483
124.669
124.727
124.639
124.401
124.014
123.472
122.77
121.902
120.858
119.626
118.188
116.518
114.573
112.295
109.598
106.577
9.53293
-0.539187
-11.8959
-23.6629
-34.8352
-46.2516
-57.3297
-67.7273
-77.6107
-86.8072
-95.309
-103.21
-110.5
-117.23
-123.44
-129.138
-134.334
-139.018
-143.172
-146.769
-149.776
-152.16
-153.911
-155.056
-155.669
-155.842
-155.596
-154.903
-153.73
-152.046
-149.818
-147.013
-143.586
-139.487
-134.65
-128.988
-122.374
-114.664
-106.276
19.1549
28.422
38.7348
49.6869
60.1373
70.3522
79.943
88.205
94.9527
100.422
104.726
108.004
110.514
112.442
113.923
115.079
115.998
116.739
117.349
117.863
118.3
118.672
118.982
119.212
119.326
119.304
119.143
118.842
118.397
117.802
117.05
116.133
115.037
113.746
112.234
110.462
108.37
105.878
103.079
8.74068
-0.809189
-11.5655
-22.6921
-33.2398
-44.0012
-54.4247
-64.1902
-73.4556
-82.0603
-89.9995
-97.3628
-104.143
-110.389
-116.139
-121.403
-126.19
-130.494
-134.3
-137.583
-140.316
-142.472
-144.043
-145.059
-145.593
-145.729
-145.488
-144.85
-143.785
-142.269
-140.276
-137.777
-134.736
-131.108
-126.835
-121.834
-115.987
-109.151
-101.698
17.8756
26.681
36.4919
46.9256
56.892
66.6496
75.8258
83.7483
90.2301
95.4983
99.6576
102.835
105.273
107.153
108.601
109.736
110.642
111.375
111.983
112.5
112.945
113.332
113.665
113.928
114.087
114.12
114.022
113.794
113.43
112.927
112.277
111.471
110.498
109.341
107.975
106.363
104.449
102.153
99.5696
8.04131
-1.00887
-11.1913
-21.7068
-31.6591
-41.7971
-51.5985
-60.7643
-69.4446
-77.4903
-84.8993
-91.7573
-98.0593
-103.853
-109.174
-114.035
-118.444
-122.398
-125.884
-128.881
-131.365
-133.314
-134.726
-135.629
-136.093
-136.198
-135.966
-135.379
-134.414
-133.05
-131.267
-129.042
-126.343
-123.133
-119.358
-114.944
-109.778
-103.724
-97.1081
16.7097
25.0721
34.4007
44.3349
53.8335
63.1479
71.9201
79.5102
85.7292
90.7986
94.8136
97.8879
100.253
102.082
103.494
104.604
105.493
106.215
106.818
107.332
107.781
108.177
108.526
108.815
109.009
109.086
109.041
108.873
108.58
108.155
107.593
106.886
106.022
104.985
103.754
102.291
100.544
98.4366
96.0593
7.42614
-1.14618
-10.7802
-20.7125
-30.0974
-39.642
-48.852
-57.449
-65.5747
-73.0918
-80.0006
-86.3831
-92.2366
-97.607
-102.529
-107.015
-111.074
-114.705
-117.896
-120.632
-122.891
-124.654
-125.923
-126.726
-127.131
-127.212
-126.99
-126.451
-125.577
-124.351
-122.757
-120.776
-118.382
-115.542
-112.209
-108.315
-103.754
-98.3953
-92.5313
15.6475
23.585
32.4504
41.9034
50.95
59.8349
68.213
75.4779
81.4357
86.3087
90.1811
93.1519
95.4419
97.2163
98.59
99.6727
100.542
101.25
101.844
102.354
102.802
103.202
103.562
103.869
104.091
104.203
104.201
104.085
103.85
103.493
103.008
102.388
101.621
100.694
99.584
98.2589
96.6681
94.7389
92.5577
6.88723
-1.22818
-10.3382
-19.7142
-28.5583
-37.5383
-46.1858
-54.2427
-61.8424
-68.8595
-75.2958
-81.2298
-86.6623
-91.6369
-96.1865
-100.323
-104.058
-107.391
-110.312
-112.809
-114.863
-116.459
-117.6
-118.316
-118.669
-118.731
-118.521
-118.029
-117.239
-116.138
-114.714
-112.951
-110.828
-108.317
-105.376
-101.942
-97.917
-93.1789
-87.9872
14.6806
22.2103
30.6309
39.6198
48.2297
56.698
64.6919
71.6385
77.3367
82.0165
85.7484
88.6151
90.828
92.5464
93.8798
94.9327
95.7796
96.4723
97.054
97.5562
98.0004
98.4011
98.767
99.0877
99.3303
99.4706
99.5037
99.4295
99.2453
98.9468
98.5287
97.9845
97.3046
96.4756
95.4775
94.2793
92.8336
91.0714
89.0752
6.41728
-1.26113
-9.87099
-18.7158
-27.0446
-35.4867
-43.5992
-51.1435
-58.2438
-64.7878
-70.7772
-76.2881
-81.3252
-85.9292
-90.1302
-93.9412
-97.3751
-100.433
-103.106
-105.384
-107.251
-108.697
-109.725
-110.363
-110.674
-110.721
-110.525
-110.076
-109.363
-108.377
-107.106
-105.539
-103.658
-101.439
-98.8439
-95.8178
-92.2694
-88.0838
-83.4931
13.801
20.9393
28.9326
37.4736
45.6611
53.725
61.343
67.9789
73.4191
77.9115
81.5058
84.2672
86.4009
88.0617
89.3531
90.3747
91.1979
91.8726
92.4408
92.9332
93.371
93.7693
94.1374
94.4665
94.7245
94.8869
94.9487
94.9099
94.7683
94.5201
94.1606
93.6838
93.0814
92.3409
91.4441
90.3622
89.0508
87.4444
85.6216
6.00868
-1.25194
-9.38447
-17.7225
-25.5601
-33.4893
-41.0922
-48.1492
-54.774
-60.8702
-66.4358
-71.5475
-76.2148
-80.4718
-84.3456
-87.852
-91.0058
-93.8082
-96.2525
-98.3299
-100.029
-101.339
-102.265
-102.837
-103.111
-103.148
-102.966
-102.56
-101.919
-101.036
-99.904
-98.5125
-96.8472
-94.8879
-92.6012
-89.9366
-86.811
-83.1172
-79.0631
13.0004
19.7642
27.3482
35.4569
43.236
50.9064
58.1556
64.4862
69.6673
73.9821
77.4442
80.0984
82.1508
83.753
85.0015
85.9905
86.7885
87.4438
87.9969
88.4777
88.9072
89.3006
89.668
90.0018
90.2708
90.4503
90.5355
90.5263
90.4211
90.2164
89.9082
89.4912
88.9578
88.2972
87.4924
86.517
85.3294
83.8676
82.2068
5.65399
-1.20921
-8.88706
-16.7426
-24.1115
-31.5526
-38.669
-45.261
-51.431
-57.1039
-62.2615
-66.9936
-71.3163
-75.2493
-78.8152
-82.0362
-84.9295
-87.4958
-89.7292
-91.6229
-93.1675
-94.355
-95.1917
-95.705
-95.9485
-95.9785
-95.8132
-95.4472
-94.8732
-94.0855
-93.079
-91.8456
-90.3736
-88.6457
-86.6326
-84.2893
-81.5393
-78.2837
-74.709
12.2715
18.6778
25.8707
33.5646
40.951
48.2401
55.128
61.1555
66.0618
70.2093
73.5484
76.0954
78.0653
79.6093
80.8153
81.7713
82.5434
83.1783
83.7154
84.1835
84.6032
84.9898
85.3542
85.6899
85.9664
86.1592
86.2633
86.2791
86.2049
86.0381
85.775
85.4111
84.9396
84.3508
83.6296
82.7514
81.6777
80.3495
78.8394
5.34788
-1.13721
-8.38267
-15.7796
-22.703
-29.6807
-36.3332
-42.4824
-48.2178
-53.4919
-58.2482
-62.6131
-66.6145
-70.2442
-73.519
-76.4718
-79.1228
-81.4708
-83.5099
-85.2357
-86.6405
-87.7183
-88.4762
-88.9391
-89.158
-89.1845
-89.0363
-88.7093
-88.1977
-87.498
-86.6057
-85.5152
-84.2167
-82.6956
-80.9265
-78.8686
-76.4525
-73.5874
-70.4408
11.6083
17.6729
24.4931
31.7878
38.7974
45.7178
52.2577
57.9869
62.5947
66.5825
69.8064
72.2455
74.1324
75.619
76.783
77.7062
78.4522
79.0668
79.5875
80.0424
80.4516
80.8306
81.1907
81.5262
81.8076
82.0111
82.1311
82.168
82.1209
81.9875
81.7647
81.448
81.0322
80.5085
79.8631
79.0736
78.1044
76.8996
75.5291
5.09074
-1.03175
-7.86277
-14.8219
-21.3212
-27.8575
-34.0713
-39.8023
-45.1272
-50.0204
-54.3928
-58.4199
-62.1238
-65.4609
-68.4537
-71.1513
-73.5741
-75.7166
-77.5734
-79.1436
-80.4205
-81.3996
-82.0876
-82.5075
-82.7065
-82.7327
-82.6028
-82.3138
-81.8611
-81.2426
-80.4552
-79.4941
-78.3523
-77.0169
-75.4656
-73.6627
-71.5445
-69.0279
-66.2633
11.0078
16.7437
23.2002
30.1051
36.7467
43.3036
49.5078
54.9494
59.2848
63.1337
66.2355
68.5544
70.3548
71.7832
72.9033
73.7913
74.5101
75.1032
75.6069
76.048
76.446
76.8165
77.1715
77.5056
77.7901
78.0021
78.1353
78.1908
78.1675
78.0639
77.8771
77.6031
77.2379
76.7732
76.197
75.4887
74.6153
73.5237
72.282
4.87972
-0.894499
-7.32468
-13.8637
-19.9543
-26.0659
-31.8578
-37.1932
-42.129
-46.6568
-50.6606
-54.418
-57.8671
-60.9086
-63.6164
-66.0702
-68.2785
-70.2258
-71.9096
-73.333
-74.4916
-75.3802
-76.0048
-76.3882
-76.5722
-76.6012
-76.4913
-76.2398
-75.843
-75.301
-74.61
-73.7665
-72.7664
-71.5981
-70.2415
-68.6657
-66.8134
-64.6087
-62.187
10.4669
15.8843
21.9846
28.5026
34.7769
40.9631
46.8315
51.9717
56.0923
59.8822
62.8539
65.023
66.7308
68.1036
69.1795
70.0308
70.721
71.292
71.7782
72.2046
72.5908
72.9519
73.3002
73.6313
73.9176
74.1359
74.2804
74.352
74.3501
74.2732
74.1185
73.8836
73.5641
73.153
72.6397
72.0055
71.22
70.2331
69.1105
4.72111
-0.780478
-6.90024
-13.085
-18.8128
-24.5173
-29.8507
-34.7117
-39.1094
-43.1506
-46.4753
-50.1522
-53.6305
-56.5492
-59.1228
-61.4919
-63.6355
-65.5184
-67.143
-68.5178
-69.6387
-70.4999
-71.1063
-71.4809
-71.6646
-71.7026
-71.6129
-71.3907
-71.037
-70.5534
-69.9217
-69.1576
-68.2555
-67.2029
-65.9812
-64.5627
-62.896
-60.9113
-58.7331
10.0527
15.2133
21.0323
27.2015
33.1148
38.8743
44.2526
48.8005
52.427
56.6014
59.6662
61.7861
63.4902
64.8864
65.976
66.8326
67.5267
68.1026
68.5928
69.0231
69.4135
69.7797
70.1344
70.4741
70.7714
71.0017
71.1594
71.246
71.2613
71.2039
71.072
70.8634
70.5742
70.1989
69.7272
69.1419
68.4151
67.4982
66.4558
4.5989
-0.67836
-6.534
-12.4096
-17.8005
-23.1007
-27.9588
-32.2904
-36.0559
-39.5071
-41.9421
-45.721
-49.4208
-52.3364
-54.8785
-57.2672
-59.4444
-61.3514
-62.9941
-64.386
-65.5233
-66.3996
-67.0203
-67.4088
-67.6071
-67.6621
-67.5947
-67.3972
-67.0776
-66.64
-66.0407
-65.3275
-64.4926
-63.5189
-62.389
-61.0794
-59.5425
-57.7117
-55.7031
9.71837
14.6638
20.2297
26.07
31.6141
36.8952
41.6839
45.5213
48.5244
53.2983
56.6208
58.7726
60.5295
61.9985
63.1423
64.0343
64.7556
65.3545
65.8643
66.3116
66.7175
67.0993
67.4703
67.8276
68.1431
68.3902
68.5634
68.6651
68.6954
68.6533
68.5379
68.347
68.0779
67.726
67.2815
66.7283
66.0399
65.1681
64.1782
4.48675
-0.563843
-6.15256
-11.7165
-16.7707
-21.6675
-26.0612
-29.8755
-33.0447
-35.9212
-37.5281
-41.3393
-45.2131
-48.1139
-50.6042
-52.9886
-55.1841
-57.1052
-58.7581
-60.1613
-61.3126
-62.2025
-62.8382
-63.2411
-63.4548
-63.5284
-63.4857
-63.3159
-63.034
-62.6471
-62.0852
-61.4273
-60.6649
-59.7737
-58.7379
-57.538
-56.1314
-54.4553
-52.6307
9.39064
14.1196
19.4292
24.9394
30.1197
34.9218
39.1428
42.3116
44.7029
49.9507
53.5383
55.725
57.5149
59.0447
60.2402
61.1661
61.9126
62.5324
63.0605
63.524
63.9447
64.3413
64.7285
65.1035
65.4369
65.7009
65.8905
66.008
66.054
66.0285
65.9302
65.7579
65.51
65.1818
64.7649
64.2444
63.595
62.7695
61.8337
4.38386
-0.439884
-5.76075
-11.0144
-15.7345
-20.232
-24.1752
-27.484
-30.0963
-32.3912
-33.263
-37.0265
-41.0035
-43.8823
-46.3107
-48.6678
-50.8636
-52.7884
-54.444
-55.8528
-57.014
-57.9164
-58.567
-58.9842
-59.2138
-59.3055
-59.2863
-59.1415
-58.8943
-58.5533
-58.0242
-57.4158
-56.7199
-55.906
-54.9597
-53.8659
-52.5853
-51.0536
-49.3713
9.07076
13.5845
18.6366
23.819
28.6432
32.9663
36.6477
39.1715
40.9883
46.5635
50.4088
52.6486
54.4585
56.0343
57.2761
58.2353
59.006
59.6457
60.1908
60.6694
61.1042
61.5148
61.9172
62.3094
62.6607
62.9418
63.1481
63.2821
63.345
63.3371
63.2575
63.1059
62.8809
62.5785
62.1909
61.704
61.0938
60.3145
59.4302
4.29111
-0.307784
-5.36242
-10.3098
-14.7017
-18.8076
-22.3162
-25.1325
-27.2274
-28.9264
-29.1646
-32.802
-36.7992
-39.639
-41.9982
-44.308
-46.4848
-48.4024
-50.0537
-51.4628
-52.6299
-53.5442
-54.2101
-54.6461
-54.8996
-55.0207
-55.0383
-54.9345
-54.7395
-54.4621
-53.9865
-53.4456
-52.8307
-52.1059
-51.2568
-50.2721
-49.1196
-47.749
-46.2952
8.76186
13.0629
17.8586
22.7186
27.1958
31.0396
34.2108
36.0905
37.3769
43.1426
47.2211
49.5352
51.3652
52.977
54.2573
55.2445
56.036
56.6948
57.2579
57.7528
58.2026
58.628
59.0457
59.4558
59.8261
60.1259
60.3498
60.5011
60.5816
60.5914
60.5307
60.3999
60.1981
59.9225
59.5663
59.116
58.5492
57.8222
57.0011
4.20845
-0.17037
-4.96448
-9.61248
-13.6854
-17.4107
-20.504
-22.8433
-24.4582
-25.5427
-25.2428
-28.6777
-32.606
-35.3822
-37.6651
-39.9105
-42.0489
-43.9468
-45.5875
-46.9935
-48.1651
-49.0901
-49.7674
-50.2134
-50.474
-50.6028
-50.6317
-50.5407
-50.3661
-50.1172
-49.6634
-49.1605
-48.6004
-47.9442
-47.1791
-46.2958
-45.2578
-43.9943
-42.557
8.4675
12.5615
17.1039
21.6508
25.7889
29.1533
31.8426
33.0594
33.8483
39.6922
43.9681
46.3688
48.2259
49.8769
51.1999
52.2145
53.0199
53.6888
54.2635
54.7718
55.2361
55.6767
56.1117
56.541
56.9322
57.2542
57.5007
57.6753
57.7799
57.8142
57.7785
57.6727
57.4963
57.2466
56.9184
56.4992
55.9672
55.2765
54.4805
4.1356
-0.0343103
-4.57953
-8.94035
-12.7049
-16.0627
-18.7578
-20.635
-21.8004
-22.251
-21.5023
-24.6603
-28.4312
-31.1124
-33.3075
-35.4717
-37.5533
-39.4173
-41.0383
-42.4363
-43.6142
-44.5607
-45.2762
-45.7787
-46.1092
-46.3137
-46.4256
-46.4236
-46.3495
-46.211
-45.8563
-45.4577
-45.007
-44.4595
-43.8026
-43.0338
-42.1407
-41.1081
-40.1307
8.19417
12.0916
16.3882
20.6346
24.4331
27.308
29.5321
30.0457
30.3536
36.2084
40.6586
43.1449
45.017
46.6972
48.0742
49.1415
49.9827
50.6697
51.2522
51.7647
52.2342
52.6829
53.1302
53.5749
53.9832
54.3221
54.5861
54.7796
54.9057
54.9655
54.9604
54.8912
54.7576
54.5569
54.283
53.9239
53.4616
52.8639
52.212
4.07126
0.0920897
-4.2241
-8.31658
-11.7869
-14.7911
-17.0965
-18.5156
-19.2517
-19.0561
-17.9386
-20.7511
-24.2806
-26.8288
-28.9171
-30.9815
-32.9896
-34.8091
-36.4029
-37.7816
-38.9429
-39.8679
-40.5467
-40.9881
-41.2447
-41.3828
-41.4368
-41.3827
-41.2631
-41.0824
-40.6955
-40.2907
-39.86
-39.359
-38.7746
-38.0979
-37.278
-36.2018
-34.7859
7.94684
11.6631
15.7281
19.6915
23.1406
25.5101
27.2736
27.0132
26.8115
32.6468
37.2973
39.9127
41.8025
43.4612
44.8277
45.9149
46.8041
47.551
48.1881
48.7418
49.2399
49.7099
50.1768
50.6454
51.084
51.4552
51.7484
51.966
52.1092
52.1785
52.1754
52.1019
51.9606
51.7524
51.4755
51.1192
50.6573
50.0205
49.2102
4.01452
0.20962
-3.89829
-7.74777
-10.9475
-13.6244
-15.5534
-16.526
-16.8555
-16.0004
-14.5485
-16.945
-20.1589
-22.5321
-24.4876
-26.4242
-28.3297
-30.0903
-31.6718
-33.0828
-34.3217
-35.3767
-36.2484
-36.9482
-37.4822
-37.8723
-38.1653
-38.3462
-38.4781
-38.5608
-38.3985
-38.1925
-37.9423
-37.5981
-37.1522
-36.6199
-36.0399
-35.4895
-35.3421
7.72136
11.27
15.1218
18.8302
21.9328
23.8284
25.1588
23.9797
23.1479
28.9009
33.7598
36.6119
38.6808
40.4295
41.7742
42.7578
43.5258
44.1897
44.7976
45.3636
45.8962
46.4087
46.9184
47.4282
47.91
48.336
48.7017
49.0111
49.2647
49.4616
49.6001
49.6773
49.6889
49.6295
49.493
49.2746
48.9829
48.6496
48.4662
3.96728
0.324867
-3.59158
-7.22338
-10.187
-12.5862
-14.1856
-14.781
-14.7522
-13.1763
-11.3378
-13.2525
-16.075
-18.2149
-20.0171
-21.8131
-23.5716
-25.1822
-26.6099
-27.8559
-28.9049
-29.7166
-30.2533
-30.514
-30.6112
-30.6634
-30.6805
-30.6151
-30.4912
-30.3076
-29.9567
-29.6307
-29.3163
-28.9698
-28.5732
-28.0987
-27.4338
-26.3416
-24.4295
7.5164
10.9096
14.5688
18.0545
20.8402
22.379
23.3101
20.9475
19.3536
24.9543
29.8368
32.7849
35.0836
37.2061
38.9637
40.2538
41.1433
41.7555
42.212
42.6019
42.9808
43.383
43.8293
44.3041
44.7409
45.0883
45.3403
45.504
45.5881
45.6001
45.5483
45.4434
45.2962
45.115
44.8985
44.6214
44.2021
43.4386
42.0842
3.93117
0.399283
-3.37523
-6.82787
-9.58634
-11.7345
-13.0212
-13.293
-12.881
-10.4689
-8.24985
-9.72374
-12.0705
-13.8545
-15.4383
-17.1267
-18.888
-20.6199
-22.2818
-23.872
-25.3951
-26.8619
-28.2762
-29.5971
-30.6681
-31.4388
-32.0576
-32.5652
-33.091
-33.6139
-33.7828
-33.8104
-33.7983
-33.714
-33.5381
-33.3148
-33.2078
-33.5079
-34.9752
7.37627
10.6623
14.1717
17.4511
19.9119
21.1156
21.3945
17.5074
15.3505
21.1183
26.0116
28.7147
30.5779
32.2829
33.9291
35.5266
37.0501
38.4201
39.5758
40.5096
41.2554
41.8667
42.4204
43.0265
43.7602
44.5519
45.3066
45.9968
46.6161
47.16
47.6173
47.9727
48.2148
48.3387
48.3567
48.3143
48.3526
48.7763
50.183
3.89574
0.322279
-3.45441
-6.82318
-9.4012
-11.2331
-12.0499
-11.7815
-10.6156
-7.27105
-5.04945
-6.31697
-8.26098
-9.60559
-10.661
-11.6866
-12.7003
-13.659
-14.5338
-15.2947
-15.8726
-16.1569
-16.0676
-15.6529
-15.2689
-15.1045
-15.0322
-14.874
-14.5787
-14.373
-14.019
-13.7089
-13.4861
-13.2833
-13.0617
-12.7729
-12.166
-10.7915
-7.6415
7.38408
10.6892
14.1496
17.2323
19.2562
19.7873
18.5342
12.864
10.655
17.269
23.2395
27.084
29.4611
30.6649
30.8412
30.39
29.7405
29.2402
29.0306
29.1183
29.4538
29.9873
30.6302
31.1679
31.3741
31.355
31.2971
31.2261
31.135
31.0214
30.9051
30.8121
30.7604
30.7542
30.7664
30.6994
30.2666
28.8888
25.6341
3.8454
0.101717
-3.81282
-7.21361
-9.66963
-11.1644
-11.404
-10.36
-8.04837
-3.79363
-1.63591
-2.63836
-4.4115
-6.08835
-7.78269
-9.55273
-11.4142
-13.3764
-15.4672
-17.7361
-20.251
-23.0448
-25.9838
-28.7313
-30.6956
-31.8805
-33.0416
-33.9635
-35.5074
-37.7541
-37.0841
-37.1777
-37.8494
-38.3403
-38.5652
-38.7811
-39.4
-41.0027
-44.6985
7.49206
10.9174
14.4298
17.3757
18.9555
18.581
15.259
7.99963
4.69646
10.5563
17.1575
23.7501
30.2091
36.3724
41.6252
45.6464
48.5196
50.3349
51.3419
51.8213
52.0173
52.127
52.4379
53.4123
55.2319
57.2256
58.8671
60.2164
61.3875
62.4018
63.2233
63.8328
64.2414
64.485
64.6493
64.9082
65.7011
67.6989
71.9855
697.389
683.066
665.127
644.249
619.816
591.866
560.765
527.263
492.467
457.493
423.114
389.704
357.381
326.167
296.07
267.111
239.307
212.67
187.206
162.909
139.761
117.743
96.8304
76.9958
58.2113
40.4497
23.6862
7.89789
-6.92894
-20.8111
-33.7634
-45.8002
-56.9367
-67.179
-76.5319
-85.0015
-92.5931
-99.3153
-105.179
-110.2
-114.396
-117.792
-120.415
-122.298
-123.479
-123.997
-123.896
-123.223
-122.025
-120.352
-118.254
-115.779
-112.976
-109.891
-106.569
-103.051
-99.377
-95.5818
-91.6981
-87.7553
-83.7793
-79.7925
-75.8148
-71.8626
-67.9518
-64.0907
-60.2977
-57.058
-54.1687
-51.2631
-48.0984
-45.2503
-41.4527
-39.5047
-33.6519
-35.3751
-22.9411
-36.0442
-5.64836
-47.2596
695.895
673.811
649.551
624.765
599.562
574.343
549.459
525.086
501.318
478.228
455.878
434.326
413.627
393.823
374.95
357.031
340.08
324.103
309.091
295.03
281.896
269.657
258.275
247.709
237.913
228.842
220.447
212.682
205.499
198.854
192.706
187.011
181.729
176.823
172.256
167.992
163.995
160.232
156.669
153.276
150.022
146.877
143.816
140.812
137.845
134.893
131.94
128.972
125.977
122.948
119.878
116.764
113.608
110.409
107.172
103.903
100.607
97.2939
93.9711
90.6479
87.3335
84.0369
80.7675
77.5336
74.3457
71.2098
68.1419
65.5586
63.3283
61.0344
58.6775
56.3094
53.8052
51.6758
48.4991
48.3251
40.9211
51.1576
23.4323
73.8223
280.52
277.837
276.166
274.628
272.77
270.515
267.683
264.022
259.329
253.501
246.502
238.34
229.058
218.737
207.477
195.39
182.594
169.209
155.356
141.157
126.728
112.184
97.632
83.1691
68.887
54.8651
41.1749
27.8758
15.0216
2.65588
-9.17629
-20.4296
-31.0696
-41.0651
-50.3916
-59.0312
-66.9687
-74.1941
-80.7004
-86.4846
-91.5485
-95.8989
-99.5471
-102.508
-104.802
-106.456
-107.499
-107.963
-107.885
-107.304
-106.261
-104.798
-102.958
-100.783
-98.3144
-95.5931
-92.6576
-89.5443
-86.2868
-82.9167
-79.4623
-75.949
-72.4
-68.8348
-65.2726
-61.7249
-58.2111
-55.1922
-52.4846
-49.767
-46.7613
-44.0964
-40.4256
-38.653
-32.9283
-34.7226
-22.6408
-35.3132
-6.19447
-46.1841
281.986
283.176
286.497
289.506
291.836
293.45
294.294
294.348
293.624
292.149
289.952
287.068
283.544
279.429
274.781
269.664
264.145
258.293
252.184
245.891
239.485
233.034
226.601
220.242
214.008
207.938
202.067
196.419
191.011
185.852
180.947
176.293
171.883
167.707
163.752
160.001
156.439
153.045
149.801
146.687
143.682
140.767
137.921
135.127
132.366
129.621
126.879
124.126
121.352
118.547
115.706
112.825
109.9
106.934
103.926
100.882
97.806
94.7047
91.5854
88.456
85.325
82.2013
79.094
76.0116
72.9647
69.9591
67.012
64.5254
62.3756
60.1618
57.8811
55.5896
53.1555
51.1017
47.9925
47.8685
40.6378
50.5365
23.9351
72.0685
144.138
142.104
140.132
138.086
135.873
133.536
131.091
128.549
125.933
123.267
120.563
117.799
114.92
111.854
108.526
104.863
100.806
96.3051
91.3216
85.8325
79.83
73.322
66.3297
58.89
51.0511
42.8713
34.4184
25.7642
16.9871
8.16493
-0.626951
-9.31591
-17.8349
-26.1178
-34.103
-41.7355
-48.9654
-55.7492
-62.0496
-67.835
-73.0813
-77.7706
-81.8911
-85.4355
-88.405
-90.8059
-92.6492
-93.9516
-94.7343
-95.0233
-94.8472
-94.2377
-93.229
-91.8561
-90.1551
-88.1622
-85.913
-83.442
-80.7823
-77.9652
-75.0201
-71.9738
-68.8515
-65.6745
-62.4645
-59.2363
-56.0086
-53.2185
-50.7007
-48.1735
-45.3427
-42.8497
-39.3553
-37.6869
-32.242
-33.8775
-22.523
-34.2479
-7.02885
-44.5321
145.54
146.769
148.321
149.835
151.553
153.475
155.566
157.794
160.121
162.5
164.883
167.218
169.456
171.546
173.441
175.098
176.478
177.547
178.278
178.656
178.67
178.319
177.611
176.563
175.199
173.547
171.64
169.517
167.213
164.766
162.213
159.586
156.914
154.222
151.53
148.854
146.206
143.591
141.014
138.474
135.968
133.492
131.039
128.6
126.166
123.729
121.279
118.807
116.307
113.771
111.193
108.572
105.904
103.189
100.428
97.6245
94.7819
91.9057
89.0023
86.0788
83.1431
80.2037
77.2698
74.3499
71.4544
68.5894
65.7729
63.3916
61.3306
59.2049
57.0091
54.8012
52.4508
50.4653
47.4697
47.3025
40.4549
49.6352
24.7135
70.0393
146.584
145.424
144.134
142.661
140.886
138.728
136.124
133.035
129.471
125.491
121.19
116.659
111.956
107.108
102.132
97.0399
91.8413
86.5429
81.1433
75.6377
70.0177
64.2719
58.3877
52.3546
46.1647
39.8142
33.3068
26.6514
19.8671
12.9782
6.01646
-0.979948
-7.96942
-14.9052
-21.7374
-28.4157
-34.8895
-41.11
-47.0304
-52.6077
-57.8042
-62.5871
-66.9292
-70.808
-74.2087
-77.1216
-79.5431
-81.4756
-82.9268
-83.9095
-84.4413
-84.5431
-84.2398
-83.5586
-82.5289
-81.1818
-79.5482
-77.6599
-75.5478
-73.242
-70.7716
-68.1636
-65.4442
-62.636
-59.762
-56.8399
-53.8881
-51.3178
-48.9779
-46.6278
-43.9611
-41.6313
-38.2987
-36.7466
-31.5245
-33.1085
-22.2486
-33.4406
-7.37942
-43.4492
147.529
148.4
149.172
149.832
150.414
150.889
151.269
151.567
151.792
151.957
152.074
152.152
152.202
152.232
152.248
152.253
152.247
152.226
152.182
152.106
151.984
151.802
151.544
151.193
150.736
150.158
149.45
148.605
147.621
146.498
145.243
143.863
142.37
140.775
139.093
137.338
135.521
133.656
131.751
129.814
127.85
125.862
123.852
121.819
119.76
117.672
115.551
113.392
111.191
108.944
106.647
104.298
101.894
99.4374
96.927
94.3659
91.7575
89.1065
86.4186
83.7005
80.9597
78.2043
75.4431
72.6847
69.9396
67.2142
64.5271
62.2483
60.272
58.2301
56.1166
53.9898
51.7195
49.8044
46.9027
46.7366
40.138
48.9333
24.9607
68.7496
129.957
128.848
127.722
126.606
125.42
124.103
122.61
120.892
118.903
116.612
114.014
111.127
107.967
104.536
100.83
96.8449
92.5864
88.0642
83.2921
78.2869
73.068
67.6558
62.0714
56.3356
50.4685
44.4887
38.4142
32.2614
26.0476
19.7892
13.5041
7.21359
0.939617
-5.29241
-11.4539
-17.5143
-23.4402
-29.197
-34.7482
-40.0581
-45.0919
-49.8168
-54.2022
-58.221
-61.8507
-65.0731
-67.8748
-70.2481
-72.1897
-73.702
-74.7922
-75.4715
-75.7553
-75.6628
-75.2161
-74.4395
-73.3589
-72.0016
-70.3953
-68.5677
-66.5462
-64.357
-62.026
-59.5763
-57.0315
-54.4113
-51.7333
-49.3812
-47.2183
-45.0445
-42.5424
-40.3777
-37.2019
-35.7838
-30.7481
-32.3589
-21.8507
-32.7509
-7.46779
-42.6394
130.817
131.541
132.304
133.086
133.853
134.589
135.295
135.957
136.569
137.119
137.6
138.004
138.325
138.559
138.703
138.757
138.723
138.602
138.4
138.123
137.776
137.367
136.901
136.382
135.815
135.203
134.545
133.84
133.087
132.283
131.423
130.504
129.525
128.482
127.374
126.202
124.967
123.671
122.316
120.905
119.44
117.923
116.356
114.739
113.072
111.354
109.583
107.758
105.876
103.935
101.933
99.8687
97.7412
95.5508
93.2982
90.986
88.6173
86.1966
83.729
81.2209
78.6796
76.1127
73.5288
70.9365
68.3464
65.7649
63.2114
61.0378
59.1481
57.1922
55.1632
53.1194
50.931
49.0893
46.2767
46.1353
39.7216
48.2912
24.9275
67.7019
102.458
101.431
100.391
99.3866
98.3566
97.2609
96.0754
94.7747
93.3316
91.7248
89.947
88.0058
85.9165
83.6881
81.3163
78.7881
76.0878
73.2017
70.1184
66.8279
63.3232
59.5999
55.6574
51.4991
47.1323
42.5678
37.8204
32.9074
27.8496
22.6691
17.3896
12.0375
6.63855
1.22013
-4.18929
-9.56096
-14.865
-20.0712
-25.1481
-30.0647
-34.7897
-39.2927
-43.5441
-47.5159
-51.1831
-54.5232
-57.5169
-60.1497
-62.4103
-64.2925
-65.7947
-66.9193
-67.673
-68.0663
-68.1139
-67.8327
-67.2426
-66.3652
-65.224
-63.8428
-62.2464
-60.4591
-58.5051
-56.4073
-54.1887
-51.8704
-49.4684
-47.338
-45.3573
-43.3656
-41.0358
-39.042
-36.0322
-34.7523
-29.9145
-31.5506
-21.4121
-31.9989
-7.54069
-41.7371
103.188
103.756
104.391
105.052
105.731
106.436
107.165
107.917
108.688
109.476
110.275
111.08
111.885
112.682
113.462
114.218
114.939
115.615
116.239
116.802
117.296
117.714
118.053
118.308
118.478
118.562
118.562
118.478
118.314
118.073
117.756
117.366
116.906
116.376
115.778
115.112
114.378
113.576
112.707
111.771
110.767
109.696
108.557
107.351
106.078
104.736
103.325
101.844
100.293
98.6694
96.9732
95.2038
93.3612
91.446
89.4594
87.4039
85.2825
83.0994
80.8597
78.5692
76.2349
73.8643
71.4656
69.0475
66.6205
64.1912
61.7793
59.7179
57.9214
56.058
54.1201
52.1649
50.0654
48.3
45.5878
45.4631
39.2613
47.5576
24.877
66.5096
84.0785
83.2332
82.3662
81.518
80.6492
79.7383
78.7659
77.7068
76.5353
75.2274
73.7679
72.1552
70.4031
68.5314
66.5542
64.4749
62.2894
59.9917
57.5759
55.0364
52.368
49.5647
46.6201
43.5288
40.2861
36.889
33.3359
29.6281
25.7698
21.768
17.6331
13.3793
9.02313
4.5845
0.0860746
-4.44751
-8.98943
-13.5118
-17.9851
-22.3795
-26.6647
-30.8107
-34.7882
-38.568
-42.1237
-45.43
-48.464
-51.2062
-53.6397
-55.752
-57.5341
-58.981
-60.0919
-60.8696
-61.321
-61.4562
-61.2883
-60.8332
-60.1089
-59.135
-57.9325
-56.5227
-54.9277
-53.1689
-51.2679
-49.2466
-47.1187
-45.2105
-43.4142
-41.6066
-39.454
-37.6334
-34.7983
-33.6548
-29.0324
-30.6779
-20.9456
-31.1715
-7.60493
-40.7253
84.7075
85.2365
85.8124
86.3991
87.0035
87.6264
88.2673
88.9258
89.6018
90.2948
91.0047
91.7306
92.4716
93.2263
93.9933
94.7706
95.5548
96.3422
97.1288
97.9093
98.6775
99.4264
100.149
100.837
101.483
102.078
102.617
103.091
103.495
103.825
104.076
104.245
104.332
104.335
104.255
104.091
103.843
103.514
103.102
102.609
102.036
101.381
100.646
99.8307
98.934
97.9562
96.8969
95.7554
94.5313
93.2243
91.8341
90.3607
88.8048
87.167
85.4489
83.653
81.7823
79.8406
77.8327
75.7644
73.6421
71.4731
69.2655
67.0278
64.7703
62.4996
60.236
58.2931
56.5951
54.8295
52.9884
51.1269
49.1226
47.4357
44.8354
44.7159
38.7601
46.724
24.8151
65.203
72.398
71.6944
70.9635
70.2403
69.5025
68.7425
67.9524
67.113
66.2025
65.1988
64.0797
62.8293
61.4439
59.9328
58.3102
56.5861
54.7631
52.8379
50.8057
48.6628
46.4074
44.0381
41.5534
38.9524
36.2343
33.3989
30.4461
27.3766
24.1919
20.8943
17.4877
13.9779
10.372
6.67976
2.91359
-0.911939
-4.77943
-8.66932
-12.5595
-16.4261
-20.2441
-23.9871
-27.6283
-31.1404
-34.4972
-37.673
-40.6435
-43.3866
-45.8822
-48.1134
-50.0661
-51.7297
-53.0974
-54.1654
-54.9341
-55.4072
-55.5917
-55.4976
-55.1373
-54.5256
-53.6794
-52.6164
-51.3556
-49.9166
-48.3186
-46.5836
-44.7227
-43.0328
-41.419
-39.7935
-37.8188
-36.1701
-33.5141
-32.5046
-28.1056
-29.7568
-20.4357
-30.3057
-7.60648
-39.6914
72.9486
73.4372
73.9588
74.4933
75.0471
75.6185
76.207
76.8124
77.4337
78.0702
78.7212
79.3854
80.0616
80.7485
81.445
82.1495
82.8605
83.5763
84.2955
85.016
85.7358
86.4523
87.1626
87.8636
88.5516
89.222
89.8701
90.4906
91.0777
91.6253
92.1272
92.5774
92.9703
93.3002
93.5625
93.7529
93.8679
93.9046
93.8606
93.7342
93.5239
93.2285
92.847
92.3785
91.8223
91.1778
90.444
89.6206
88.7068
87.7023
86.607
85.4209
84.1445
82.7788
81.3251
79.7858
78.1636
76.4622
74.686
72.8404
70.9315
68.9661
66.9522
64.898
62.8137
60.7059
58.5949
56.7744
55.1784
53.514
51.7735
50.0092
48.1047
46.4979
44.0175
43.8966
38.2029
45.8201
24.6822
63.8819
62.7535
62.1544
61.5249
60.8954
60.251
59.5898
58.9134
58.2134
57.4743
56.6793
55.8103
54.8486
53.78
52.6009
51.3177
49.9409
48.4784
46.9314
45.2963
43.5671
41.7392
39.8092
37.7745
35.6327
33.3822
31.0221
28.5524
25.9737
23.2882
20.4984
17.6081
14.6223
11.547
8.38922
5.15808
1.86366
-1.48207
-4.86533
-8.27051
-11.6801
-15.0751
-18.435
-21.7379
-24.9607
-28.0801
-31.0728
-33.9154
-36.586
-39.0633
-41.3286
-43.365
-45.1581
-46.6967
-47.9724
-48.9802
-49.7185
-50.1887
-50.3953
-50.3457
-50.0498
-49.5199
-48.7701
-47.8158
-46.674
-45.3613
-43.8989
-42.2949
-40.8169
-39.3816
-37.9346
-36.1368
-34.6575
-32.1828
-31.3053
-27.133
-28.792
-19.8748
-29.4122
-7.53339
-38.661
63.228
63.6537
64.1074
64.5763
65.0652
65.5727
66.0994
66.6451
67.21
67.7936
68.3955
69.0152
69.652
70.305
70.9729
71.6542
72.3475
73.051
73.7627
74.4803
75.2015
75.9239
76.6449
77.3616
78.0714
78.7714
79.4582
80.1286
80.7792
81.4062
82.0053
82.5723
83.1028
83.5915
84.0336
84.4242
84.758
85.0303
85.2364
85.3721
85.4333
85.4167
85.319
85.1375
84.8697
84.5136
84.0671
83.5288
82.8975
82.172
81.3517
80.4361
79.4253
78.32
77.1212
75.8307
74.4509
72.9849
71.4369
69.8117
68.1149
66.353
64.5334
62.6642
60.7551
58.8128
56.8575
55.1622
53.6707
52.1105
50.4737
48.8095
47.0087
45.4833
43.1291
43.0035
37.5808
44.853
24.465
62.5578
54.4728
53.9631
53.4236
52.8782
52.3142
51.7309
51.1344
50.5247
49.8944
49.2312
48.5215
47.7504
46.9014
45.9621
44.9289
43.8074
42.6065
41.3335
39.9908
38.5756
37.0829
35.5083
33.8487
32.1012
30.2631
28.3319
26.3056
24.1829
21.9634
19.6472
17.2356
14.7314
12.138
9.46042
6.70516
3.87989
0.99382
-1.94231
-4.91626
-7.91426
-10.9212
-13.9205
-16.8944
-19.8238
-22.6888
-25.4689
-28.1433
-30.6914
-33.0926
-35.3281
-37.3798
-39.2315
-40.8694
-42.2817
-43.4597
-44.3973
-45.0914
-45.5418
-45.7512
-45.725
-45.4712
-44.9997
-44.3225
-43.4535
-42.4062
-41.2007
-39.8416
-38.5674
-37.3056
-36.0324
-34.4096
-33.0965
-30.8043
-30.0566
-26.1134
-27.7811
-19.2628
-28.4844
-7.39828
-37.6196
54.8799
55.2485
55.6419
56.0501
56.4767
56.921
57.3837
57.865
58.3653
58.8846
59.4231
59.9808
60.5577
61.1533
61.7676
62.3999
63.0494
63.7152
64.3962
65.091
65.7979
66.515
67.24
67.9703
68.7034
69.4362
70.1652
70.8873
71.5988
72.2961
72.975
73.6318
74.2625
74.8626
75.4278
75.9538
76.4359
76.8695
77.2498
77.5721
77.8318
78.0244
78.1455
78.191
78.1571
78.0404
77.8375
77.5457
77.1626
76.6862
76.1147
75.447
74.6825
73.8209
72.8627
71.809
70.6616
69.4231
68.0968
66.687
65.1987
63.6379
62.0115
60.3271
58.5941
56.8188
55.0212
53.4534
52.0687
50.615
49.0848
47.5233
45.8299
44.3875
42.1653
42.0329
36.89
43.8164
24.175
61.2043
47.6986
47.2653
46.8054
46.337
45.848
45.3363
44.8086
44.2689
43.7166
43.1462
42.5483
41.9113
41.2222
40.4662
39.6319
38.7152
37.7204
36.6552
35.5263
34.3366
33.0845
31.766
30.3772
28.9157
27.3794
25.7662
24.0741
22.3015
20.4472
18.5102
16.4904
14.3884
12.2054
9.94374
7.60688
5.19946
2.72744
0.19817
-2.37938
-4.99491
-7.63668
-10.2916
-12.9452
-15.5815
-18.1839
-20.7346
-23.2153
-25.6073
-27.8916
-30.05
-32.0648
-33.919
-35.5975
-37.0866
-38.3749
-39.4533
-40.315
-40.9562
-41.3754
-41.574
-41.5558
-41.3271
-40.896
-40.2735
-39.4697
-38.5031
-37.3746
-36.2945
-35.1996
-34.094
-32.6426
-31.4913
-29.3813
-28.76
-25.0479
-26.7236
-18.6017
-27.5176
-7.20935
-36.5549
48.0496
48.3722
48.7161
49.0737
49.4478
49.8382
50.2455
50.67
51.112
51.5719
52.05
52.5465
53.0615
53.595
54.147
54.7175
55.3062
55.9126
56.5364
57.1769
57.8332
58.5042
59.1887
59.8852
60.5919
61.3067
62.0271
62.7505
63.474
64.1943
64.9075
65.6101
66.2979
66.9667
67.612
68.2293
68.814
69.3612
69.8662
70.3242
70.7304
71.0799
71.3679
71.5898
71.7412
71.8176
71.815
71.7297
71.5582
71.2974
70.9449
70.4983
69.9561
69.3173
68.5814
67.7486
66.8201
65.7974
64.6832
63.481
62.1951
60.8308
59.3942
57.8926
56.3345
54.7262
53.0871
51.6481
50.3716
49.0262
47.6047
46.1481
44.5651
43.2073
41.122
40.9813
36.1272
42.7053
23.8193
59.8057
42.1209
41.7511
41.358
40.9561
40.5347
40.0902
39.6266
39.148
38.6572
38.1547
37.6371
37.0965
36.5234
35.9062
35.2322
34.49
33.6753
32.7909
31.8433
30.8385
29.7798
28.6663
27.4943
26.2603
24.9621
23.5978
22.1659
20.6647
19.093
17.4497
15.7344
13.9471
12.0882
10.1587
8.16072
6.09693
3.97102
1.78781
-0.446666
-2.72513
-5.03909
-7.37875
-9.73288
-12.0889
-14.4331
-16.7509
-19.0265
-21.2434
-23.3849
-25.4339
-27.3736
-29.1877
-30.8604
-32.3774
-33.7257
-34.8942
-35.8737
-36.6572
-37.2401
-37.6204
-37.7983
-37.7766
-37.5599
-37.1561
-36.572
-35.8241
-34.9099
-34.0119
-33.0756
-32.1298
-30.8445
-29.8489
-27.919
-27.4198
-23.9387
-25.6211
-17.893
-26.512
-6.96883
-35.4667
42.4245
42.7071
43.0079
43.3213
43.6497
43.9928
44.3514
44.7258
45.1165
45.5237
45.948
46.3896
46.8487
47.3256
47.8203
48.3332
48.8639
49.4125
49.9787
50.5623
51.1626
51.7791
52.411
53.0574
53.7171
54.3887
55.0706
55.761
56.4579
57.1588
57.8609
58.5614
59.2569
59.9438
60.6182
61.2759
61.9125
62.5234
63.1037
63.6487
64.1532
64.6122
65.0206
65.3734
65.6655
65.8922
66.0488
66.1308
66.134
66.0546
65.889
65.6343
65.2878
64.8477
64.3124
63.6814
62.9548
62.1332
61.2185
60.2131
59.1207
57.9455
56.6931
55.3699
53.9838
52.5406
51.0591
49.7489
48.5809
47.3446
46.0331
44.6828
43.2122
41.9404
39.996
39.8464
35.289
41.5173
23.3984
58.3549
37.3996
37.0824
36.7453
36.3995
36.0364
35.6523
35.249
34.8281
34.3918
33.9432
33.4839
33.0117
32.5205
32.002
31.4466
30.8427
30.1797
29.4525
28.663
27.8166
26.9187
25.973
24.9792
23.934
22.8342
21.6775
20.4623
19.1871
17.8506
16.4514
14.9887
13.4621
11.8714
10.217
8.49998
6.72205
4.88562
2.99392
1.05122
-0.9373
-2.96541
-5.02586
-7.11011
-9.20837
-11.3099
-13.4027
-15.4737
-17.5092
-19.4944
-21.4143
-23.2535
-24.9966
-26.6286
-28.135
-29.5024
-30.7184
-31.7723
-32.6552
-33.36
-33.8818
-34.2181
-34.3684
-34.3343
-34.1209
-33.7314
-33.1807
-32.4625
-31.7334
-30.9457
-30.1503
-29.0241
-28.1767
-26.4231
-26.0402
-22.7888
-24.4758
-17.1385
-25.4683
-6.68208
-34.3552
37.6626
37.9097
38.1724
38.4466
38.7342
39.0352
39.3502
39.6795
40.0237
40.3831
40.7583
41.1495
41.5572
41.9817
42.4231
42.8819
43.358
43.8517
44.3628
44.8914
45.4372
45.9998
46.5789
47.1738
47.7837
48.4076
49.0445
49.693
50.3515
51.0183
51.6912
52.368
53.046
53.7225
54.3943
55.0578
55.7094
56.345
56.9603
57.5508
58.1118
58.6382
59.1251
59.5672
59.9595
60.2967
60.5739
60.7859
60.9281
60.9959
60.9852
60.8922
60.7134
60.446
60.0878
59.637
59.0928
58.4551
57.7246
56.9028
55.9923
54.9967
53.9204
52.7691
51.5501
50.2683
48.9417
47.7589
46.6988
45.5714
44.37
43.1265
41.7694
40.5846
38.7839
38.6259
34.3717
40.2502
22.9131
56.8434
33.3502
33.0773
32.787
32.489
32.1756
31.8436
31.4941
31.1276
30.7441
30.345
29.9335
29.5118
29.079
28.6303
28.1586
27.6559
27.1119
26.5164
25.8638
25.1551
24.3946
23.5875
22.7376
21.8452
20.9078
19.9221
18.8861
17.7982
16.6574
15.4622
14.2116
12.9048
11.5411
10.1205
8.64324
7.11015
5.52262
3.88273
2.19338
0.458238
-1.3182
-3.13053
-4.97223
-6.83576
-8.71257
-10.5931
-12.4667
-14.3219
-16.1462
-17.9265
-19.6494
-21.3007
-22.8666
-24.3331
-25.687
-26.9158
-28.0077
-28.9528
-29.7422
-30.3692
-30.8286
-31.1178
-31.2354
-31.184
-30.9638
-30.5877
-30.0461
-29.4711
-28.821
-28.1653
-27.1895
-26.4816
-24.899
-24.6257
-21.6011
-23.289
-16.3401
-24.3853
-6.35457
-33.2141
33.5785
33.7946
34.0241
34.264
34.5158
34.7796
35.0559
35.3451
35.6478
35.9643
36.2951
36.6406
37.0012
37.3774
37.7693
38.1774
38.602
39.0432
39.5013
39.9762
40.468
40.9768
41.5022
42.0439
42.6015
43.1745
43.7621
44.3633
44.977
45.6019
46.2364
46.8786
47.5267
48.1782
48.8305
49.4807
50.1259
50.7623
51.3865
51.9944
52.5818
53.144
53.6765
54.1744
54.6326
55.046
55.4094
55.7176
55.9657
56.1487
56.2619
56.3009
56.2617
56.1406
55.9346
55.6412
55.2585
54.7855
54.2219
53.5683
52.8263
51.9984
51.0883
50.1005
49.0415
47.9156
46.7396
45.6815
44.7275
43.7076
42.6155
41.4785
40.2353
39.1381
37.4825
37.3171
33.3722
38.8993
22.3667
55.2537
29.8523
29.6166
29.366
29.1084
28.8376
28.5504
28.2474
27.9291
27.5951
27.2448
26.8791
26.5009
26.1126
25.7143
25.3027
24.872
24.4152
23.9232
23.3863
22.7985
22.1597
21.4735
20.7446
19.9769
19.1716
18.3264
17.4385
16.5058
15.5271
14.5013
13.4272
12.3039
11.1307
9.90702
8.63281
7.30826
5.93404
4.51135
3.04203
1.52854
-0.0259426
-1.61753
-3.24137
-4.89167
-6.56184
-8.24428
-9.93037
-11.6106
-13.2747
-14.9114
-16.509
-18.0552
-19.5372
-20.9423
-22.2578
-23.4714
-24.5714
-25.5471
-26.3888
-27.0884
-27.639
-28.036
-28.2759
-28.359
-28.2829
-28.0585
-27.6733
-27.2368
-26.7121
-26.1844
-25.3493
-24.7709
-23.3524
-23.1805
-20.3799
-22.062
-15.5028
-23.2593
-5.99652
-32.0323
30.0507
30.2398
30.4405
30.6504
30.8709
31.1021
31.3445
31.5984
31.8644
32.1429
32.4342
32.7389
33.0573
33.3899
33.7369
34.0988
34.476
34.8687
35.2771
35.7016
36.1421
36.5989
37.0719
37.561
38.066
38.5867
39.1226
39.673
40.2373
40.8146
41.4036
42.003
42.6114
43.2269
43.8474
44.4706
45.0939
45.7144
46.3289
46.934
47.526
48.1008
48.6541
49.1816
49.6784
50.1398
50.5607
50.9361
51.2609
51.53
51.7385
51.8816
51.9549
51.9542
51.8757
51.7163
51.4732
51.1447
50.7295
50.2272
49.6384
48.9648
48.2089
47.3744
46.4666
45.4894
44.4581
43.5206
42.6698
41.755
40.7704
39.7387
38.6083
37.5989
36.0892
35.9178
32.2887
37.4581
21.7673
53.5588
26.8045
26.6003
26.3832
26.16
25.9252
25.6763
25.4134
25.1366
24.8456
24.5401
24.2194
23.8839
23.5354
23.1766
22.8086
22.4292
22.0338
21.6164
21.1691
20.683
20.1519
19.5749
18.9545
18.2952
17.6008
16.8728
16.1092
15.3073
14.4651
13.5816
12.6559
11.6872
10.6746
9.61736
8.5151
7.36775
6.17551
4.93903
3.65944
2.33836
0.977946
-0.419018
-1.84899
-3.30759
-4.78979
-6.28966
-7.80033
-9.31411
-10.8225
-12.3161
-13.7849
-15.2182
-16.6048
-17.9331
-19.1914
-20.3682
-21.4521
-22.4322
-23.2987
-24.0423
-24.6554
-25.1319
-25.4664
-25.6577
-25.701
-25.6052
-25.3559
-25.0415
-24.6293
-24.217
-23.5118
-23.0517
-21.7897
-21.7089
-19.1303
-20.794
-14.6342
-22.0836
-5.61889
-30.79
26.9773
27.1428
27.3184
27.5022
27.6954
27.898
28.1106
28.3336
28.5672
28.812
29.0685
29.3369
29.6176
29.9112
30.2179
30.5382
30.8725
31.221
31.5841
31.962
32.355
32.7633
33.187
33.6261
34.0806
34.5504
35.0353
35.5349
36.0488
36.5764
37.1168
37.6691
38.2323
38.8049
39.3853
39.9717
40.5621
41.154
41.7448
42.3317
42.9114
43.4805
44.0352
44.5714
45.0849
45.5713
46.0259
46.4437
46.82
47.1496
47.4277
47.6494
47.81
47.9048
47.9299
47.8814
47.7561
47.5513
47.265
46.896
46.4441
45.9097
45.2946
44.6015
43.8346
42.9971
42.103
41.2807
40.529
39.7159
38.8356
37.907
36.8877
35.9656
34.6014
34.4241
31.1211
35.9127
21.1302
51.7238
24.1139
23.9367
23.7483
23.5544
23.3505
23.1344
22.9061
22.6655
22.412
22.1454
21.8654
21.5715
21.2632
20.9416
20.6093
20.2684
19.9179
19.554
19.1715
18.7633
18.321
17.8384
17.3147
16.7526
16.1556
15.5272
14.8691
14.1796
13.4553
12.6943
11.8957
11.0591
10.1839
9.26915
8.31435
7.31914
6.2835
5.20771
4.09242
2.93869
1.74798
0.522259
-0.735885
-2.02317
-3.33576
-4.66904
-6.01763
-7.37535
-8.73521
-10.0896
-11.4301
-12.7474
-14.0319
-15.2733
-16.4611
-17.5848
-18.6335
-19.5969
-20.4649
-21.2283
-21.8788
-22.4092
-22.8132
-23.088
-23.2272
-23.2378
-23.1037
-22.8949
-22.5821
-22.2717
-21.6851
-21.3299
-20.2187
-20.2121
-17.862
-19.4797
-13.7507
-20.8359
-5.24792
-29.4537
24.2647
24.4097
24.5634
24.7245
24.8938
25.0715
25.2581
25.4538
25.6591
25.8743
26.0999
26.3362
26.5837
26.8426
27.1134
27.3965
27.6922
28.0009
28.3229
28.6586
29.0081
29.3718
29.7499
30.1424
30.5495
30.9713
31.4075
31.8581
32.3229
32.8014
33.2931
33.7973
34.3133
34.84
35.3763
35.9206
36.4715
37.0269
37.5849
38.1429
38.6984
39.2484
39.7896
40.3185
40.8314
41.3243
41.7929
42.2327
42.6391
43.0073
43.3326
43.6102
43.8351
44.003
44.1092
44.1496
44.1208
44.0193
43.8423
43.5884
43.2561
42.8451
42.3563
41.7915
41.1538
40.4457
39.6796
38.9662
38.3087
37.5926
36.8125
35.9836
35.0726
34.2364
33.0179
32.8295
29.8764
34.2382
20.497
49.6818
21.7542
21.6003
21.4367
21.2682
21.0911
20.9034
20.7052
20.4963
20.2764
20.045
19.8019
19.5459
19.2736
18.9794
18.659
18.3132
17.9485
17.5737
17.1972
16.8265
16.4659
16.1093
15.74
15.3359
14.8774
14.3551
13.7759
13.1581
12.5161
11.8521
11.1601
10.435
9.67426
8.87806
8.04671
7.18013
6.27793
5.33994
4.36635
3.35782
2.31531
1.24014
0.134131
-1.00026
-2.16024
-3.34216
-4.54186
-5.75451
-6.97431
-8.19528
-9.41022
-10.6113
-11.7904
-12.9385
-14.0466
-15.1048
-16.1035
-17.0328
-17.8831
-18.6455
-19.3113
-19.8729
-20.3233
-20.6584
-20.8708
-20.9662
-20.9271
-20.8067
-20.5803
-20.3567
-19.8789
-19.6105
-18.6496
-18.6886
-16.5892
-18.1055
-12.8757
-19.494
-4.92322
-27.9895
21.8856
22.0124
22.1466
22.2874
22.4354
22.5908
22.754
22.9253
23.105
23.2936
23.4913
23.6985
23.9156
24.143
24.381
24.63
24.8903
25.1623
25.4464
25.7428
26.0519
26.374
26.7093
27.058
27.4203
27.7962
28.1859
28.5891
29.006
29.4364
29.8798
30.3358
30.8038
31.2833
31.7732
32.2723
32.7796
33.2936
33.8126
34.3346
34.8574
35.3784
35.8951
36.4045
36.9032
37.3879
37.8546
38.2992
38.7178
39.1057
39.4586
39.7718
40.0405
40.2602
40.4267
40.5352
40.582
40.5638
40.4767
40.319
40.0887
39.7844
39.4062
38.9553
38.4337
37.8431
37.1945
36.5821
36.0126
35.3876
34.7024
33.969
33.1623
32.4084
31.3385
31.1226
28.5679
32.398
19.9194
47.3843
18.9572
18.8297
18.6937
18.5534
18.4062
18.2503
18.0857
17.912
17.729
17.5358
17.3319
17.1169
16.8915
16.6564
16.4118
16.1563
15.8891
15.611
15.3238
15.0267
14.7167
14.3899
14.0417
13.6665
13.2611
12.8266
12.364
11.8714
11.3484
10.7974
10.2205
9.61736
8.98617
8.32561
7.63468
6.91301
6.16028
5.37635
4.56107
3.71469
2.83759
1.9305
0.994482
0.0311293
-0.957778
-1.96964
-3.00157
-4.05005
-5.11084
-6.17928
-7.24988
-8.31645
-9.37242
-10.4105
-11.4228
-12.4009
-13.3363
-14.2201
-15.0433
-15.7972
-16.4731
-17.0632
-17.5597
-17.9574
-18.2482
-18.4345
-18.5013
-18.4763
-18.3513
-18.2176
-17.8765
-17.6845
-16.9304
-16.9683
-15.2333
-16.5308
-12.0057
-17.9442
-4.6994
-26.3508
19.0669
19.1731
19.2854
19.4034
19.5275
19.6578
19.7948
19.9387
20.0898
20.2484
20.415
20.5897
20.7728
20.965
21.1663
21.377
21.5977
21.8286
22.0701
22.3225
22.586
22.8612
23.1481
23.4471
23.7583
24.0821
24.4185
24.7675
25.1293
25.504
25.8912
26.2907
26.7024
27.126
27.5607
28.0056
28.4601
28.9234
29.3941
29.8706
30.3513
30.8342
31.3175
31.7988
32.2752
32.7441
33.2021
33.6456
34.0713
34.4751
34.8529
35.2007
35.5137
35.7875
36.0182
36.2011
36.3317
36.4067
36.4219
36.3745
36.2621
36.0825
35.8349
35.5192
35.1363
34.6875
34.1811
33.6917
33.2304
32.7178
32.1506
31.5359
30.8618
30.2074
29.3399
29.064
27.0827
30.1304
19.4351
44.5535
16.0755
15.9752
15.8681
15.7576
15.6416
15.5188
15.3891
15.2523
15.1081
14.956
14.7958
14.6275
14.4529
14.2739
14.0927
13.91
13.7229
13.5252
13.3099
13.0724
12.8107
12.5248
12.2168
11.8914
11.5526
11.2014
10.8364
10.4533
10.0463
9.6119
9.15158
8.66867
8.16412
7.63666
7.08449
6.50658
5.9024
5.27169
4.61418
3.92981
3.21839
2.4803
1.71584
0.925853
0.111404
-0.726109
-1.58472
-2.46226
-3.35587
-4.26217
-5.17729
-6.0969
-7.01574
-7.9282
-8.82812
-9.70858
-10.5624
-11.3818
-12.1589
-12.8855
-13.5535
-14.155
-14.6821
-15.1287
-15.486
-15.7546
-15.9191
-15.9893
-15.959
-15.9247
-15.7049
-15.624
-15.0284
-15.1645
-13.6554
-14.9805
-10.8251
-16.6066
-4.04893
-25.3079
16.1626
16.2473
16.337
16.4311
16.5303
16.6345
16.7441
16.8595
16.9806
17.108
17.2418
17.3822
17.5297
17.6847
17.8471
18.0174
18.1961
18.3833
18.5795
18.7848
18.9995
19.2243
19.4592
19.7044
19.9603
20.2272
20.5053
20.7948
21.0958
21.4084
21.7328
22.0688
22.4165
22.7759
23.1464
23.5277
23.9195
24.3212
24.7319
25.1507
25.5765
26.008
26.4439
26.8821
27.321
27.7583
28.1914
28.6174
29.0336
29.4368
29.8232
30.1896
30.5316
30.8452
31.1267
31.3717
31.5758
31.7352
31.8457
31.9038
31.9068
31.8517
31.7368
31.5608
31.3235
31.0254
30.673
30.3185
29.9765
29.5899
29.1554
28.6775
28.1508
27.6302
26.9558
26.7341
25.1552
27.9422
18.1327
42.8145
13.6461
13.5658
13.4801
13.3917
13.2988
13.2004
13.0964
12.9868
12.8713
12.7495
12.621
12.4854
12.3424
12.1918
12.0332
11.8668
11.6926
11.5103
11.3186
11.1154
10.9005
10.6758
10.4442
10.2063
9.96009
9.70139
9.42464
9.12573
8.80385
8.45955
8.09298
7.70481
7.29673
6.86997
6.42406
5.95755
5.46929
4.95865
4.42541
3.86933
3.29023
2.68815
2.06306
1.41536
0.745577
0.0545245
-0.65658
-1.38637
-2.13289
-2.89388
-3.66656
-4.44784
-5.23382
-6.02025
-6.8024
-7.5748
-8.3316
-9.06654
-9.77285
-10.4435
-11.0711
-11.6486
-12.1684
-12.6246
-13.0081
-13.319
-13.5413
-13.6737
-13.7095
-13.7471
-13.6193
-13.6262
-13.1576
-13.3827
-12.0561
-13.4357
-9.57119
-15.3044
-3.27376
-24.3333
13.7164
13.7851
13.8577
13.934
14.0144
14.099
14.188
14.2816
14.38
14.4835
14.5922
14.7064
14.8265
14.9526
15.0848
15.2237
15.3695
15.5223
15.6827
15.8506
16.0264
16.2106
16.4032
16.6047
16.8153
17.0352
17.2646
17.504
17.7532
18.0127
18.2825
18.5626
18.8533
19.1545
19.466
19.7878
20.1197
20.4611
20.8118
21.1712
21.5385
21.9129
22.2934
22.6786
23.0674
23.4582
23.8487
24.2371
24.6211
24.9982
25.3653
25.7197
26.0581
26.3766
26.6722
26.9409
27.1786
27.3819
27.5466
27.6694
27.7471
27.7766
27.7555
27.6822
27.5554
27.3751
27.1462
26.9028
26.6608
26.3816
26.0621
25.7056
25.311
24.9164
24.4175
24.2674
23.0437
25.7008
16.6101
41.1418
11.4635
11.3992
11.3307
11.2599
11.1855
11.1068
11.0236
10.9358
10.8433
10.7458
10.6429
10.5343
10.4199
10.2993
10.172
10.0381
9.89719
9.74947
9.59508
9.43348
9.26327
9.08277
8.89209
8.69343
8.48895
8.27882
8.06032
7.82921
7.58117
7.3138
7.02693
6.72064
6.39492
6.05096
5.69061
5.31432
4.92116
4.50985
4.07958
3.63002
3.16102
2.67253
2.16446
1.63691
1.09009
0.524458
-0.0592578
-0.660191
-1.27703
-1.90829
-2.55191
-3.20577
-3.86701
-4.53238
-5.19841
-5.86078
-6.51493
-7.15589
-7.77816
-8.37585
-8.94267
-9.47258
-9.95873
-10.3958
-10.7752
-11.0967
-11.345
-11.5117
-11.5892
-11.6739
-11.6135
-11.6832
-11.3194
-11.6091
-10.4514
-11.8573
-8.29084
-13.9303
-2.47865
-23.1631
11.52
11.5753
11.6339
11.6954
11.7603
11.8286
11.9005
11.976
12.0556
12.1393
12.2272
12.3197
12.4169
12.5191
12.6264
12.7392
12.8575
12.9818
13.1122
13.2489
13.3923
13.5425
13.6999
13.8646
14.0371
14.2173
14.4057
14.6024
14.8077
15.0216
15.2446
15.4765
15.7177
15.9681
16.2276
16.4964
16.7743
17.0611
17.3566
17.6605
17.9722
18.2913
18.617
18.9484
19.2846
19.6246
19.9667
20.3094
20.6511
20.9898
21.3231
21.6488
21.9644
22.2666
22.5529
22.8199
23.0641
23.2825
23.4715
23.6278
23.7484
23.8303
23.871
23.8687
23.8216
23.7294
23.5956
23.4405
23.2797
23.0894
22.8672
22.6153
22.3362
22.0558
21.7163
21.6365
20.7534
23.2717
14.9776
38.997
9.44433
9.39384
9.34005
9.28435
9.22583
9.1639
9.09849
9.02947
8.95677
8.8801
8.79923
8.71391
8.62394
8.52904
8.42893
8.32347
8.21237
8.09541
7.97257
7.84392
7.70941
7.56835
7.41918
7.26044
7.0927
6.91862
6.74014
6.55666
6.36545
6.16248
5.94428
5.70944
5.45772
5.18908
4.90426
4.60492
4.29238
3.96629
3.62552
3.26907
2.89642
2.50751
2.10223
1.6806
1.24262
0.788487
0.318599
-0.166517
-0.666054
-1.17898
-1.70397
-2.23944
-2.78341
-3.33348
-3.88702
-4.44084
-4.9914
-5.5348
-6.06667
-6.58233
-7.07654
-7.54431
-7.97976
-8.37832
-8.73239
-9.04165
-9.29174
-9.4711
-9.57097
-9.68256
-9.66829
-9.78014
-9.49946
-9.8335
-8.82442
-10.2371
-6.95545
-12.4716
-1.61941
-21.804
9.4889
9.53263
9.57897
9.62766
9.67897
9.733
9.78989
9.84972
9.91268
9.979
10.0488
10.1222
10.1993
10.2805
10.3658
10.4555
10.5497
10.6486
10.7524
10.8615
10.976
11.096
11.2219
11.3537
11.4919
11.6366
11.7879
11.9461
12.1115
12.2842
12.4644
12.6521
12.8478
13.0513
13.2627
13.4821
13.7097
13.9451
14.1884
14.4393
14.6975
14.9628
15.2346
15.5124
15.7955
16.0831
16.3742
16.6677
16.962
17.256
17.5477
17.8355
18.1173
18.3906
18.6532
18.9027
19.1359
19.3503
19.5429
19.7108
19.8514
19.9619
20.0399
20.0836
20.0915
20.0628
20
19.9129
19.8163
19.6977
19.5552
19.3912
19.2099
19.0295
18.8279
18.8123
18.2363
20.6055
13.1131
36.4269
7.59102
7.55222
7.51082
7.46789
7.4228
7.37513
7.32475
7.27157
7.21555
7.15645
7.09409
7.02831
6.95894
6.88574
6.80854
6.72719
6.64138
6.55085
6.45555
6.35539
6.25029
6.14037
6.02554
5.90475
5.77621
5.63908
5.49466
5.3455
5.19305
5.03618
4.87197
4.69684
4.50832
4.30559
4.08847
3.85721
3.61328
3.3583
3.09273
2.81577
2.52638
2.22404
1.90858
1.58004
1.23838
0.883597
0.515841
0.13537
-0.257354
-0.661639
-1.0767
-1.50135
-1.93435
-2.37394
-2.81825
-3.265
-3.71148
-4.15478
-4.59156
-5.01822
-5.43065
-5.8248
-6.19589
-6.54026
-6.85135
-7.12926
-7.36087
-7.53444
-7.6396
-7.76024
-7.77273
-7.90765
-7.68888
-8.0487
-7.16495
-8.56867
-5.54125
-10.916
-0.646323
-20.2366
7.62539
7.65909
7.69476
7.73227
7.77179
7.81343
7.85726
7.90334
7.95188
8.003
8.05676
8.11333
8.17281
8.23537
8.30118
8.37037
8.44306
8.51937
8.59959
8.68385
8.77227
8.86507
8.96241
9.06445
9.17147
9.28354
9.40081
9.5236
9.65204
9.78634
9.92656
10.0729
10.2256
10.3847
10.5501
10.7222
10.901
11.0864
11.2784
11.477
11.6819
11.893
12.1102
12.3328
12.5605
12.7929
13.0292
13.2686
13.5101
13.7529
13.9953
14.2363
14.4744
14.7075
14.934
15.1519
15.3589
15.5529
15.7313
15.892
16.0326
16.1508
16.2446
16.3123
16.3526
16.3647
16.3505
16.3124
16.2633
16.1989
16.1179
16.0231
15.9197
15.8211
15.731
15.7663
15.4528
17.6641
10.9193
33.4301
5.69929
5.67088
5.64053
5.60901
5.57596
5.54102
5.50411
5.46518
5.42416
5.38089
5.33526
5.28714
5.23642
5.18295
5.12661
5.06721
5.00456
4.93851
4.86891
4.79565
4.71859
4.63777
4.55328
4.46518
4.3731
4.27573
4.17138
4.05992
3.94335
3.82416
3.70312
3.57878
3.4484
3.30922
3.15952
2.99845
2.82578
2.64238
2.44983
2.24893
2.03894
1.81864
1.58741
1.34523
1.09236
0.829032
0.555384
0.271567
-0.0221142
-0.325212
-0.637131
-0.957086
-1.28414
-1.61712
-1.9547
-2.29525
-2.63689
-2.97746
-3.3146
-3.6457
-3.96771
-4.27762
-4.57178
-4.84761
-5.09964
-5.32852
-5.52282
-5.67331
-5.7678
-5.88077
-5.90176
-6.04132
-5.86378
-6.23035
-5.44775
-6.8228
-4.02249
-9.2093
0.455926
-18.2387
5.72462
5.74947
5.77581
5.80351
5.83271
5.86354
5.896
5.93017
5.96619
6.00412
6.04402
6.08606
6.13033
6.17695
6.22603
6.27764
6.3319
6.38899
6.44906
6.51217
6.57842
6.64805
6.72123
6.79796
6.87849
6.96293
7.05139
7.14407
7.24112
7.34266
7.44878
7.5596
7.67534
7.79599
7.92161
8.05241
8.18838
8.32947
8.47571
8.62719
8.78365
8.94506
9.11124
9.28185
9.45679
9.63554
9.81779
10.0029
10.1903
10.3792
10.5687
10.758
10.9459
11.1312
11.3125
11.4885
11.6575
11.8178
11.9677
12.1056
12.2295
12.3376
12.4286
12.501
12.5536
12.586
12.5994
12.592
12.5747
12.5477
12.5105
12.4664
12.4198
12.3815
12.3706
12.4293
12.3133
14.3465
8.23866
29.6831
4.12895
4.10951
4.08879
4.0673
4.04471
4.02078
3.99548
3.96882
3.94068
3.91088
3.87947
3.84633
3.8113
3.77436
3.73539
3.69421
3.65072
3.60485
3.55642
3.50526
3.4513
3.39448
3.33476
3.2722
3.20695
3.1389
3.06726
2.99051
2.90734
2.81847
2.72631
2.63262
2.53684
2.43655
2.32896
2.21254
2.08712
1.9531
1.81137
1.66377
1.51203
1.35631
1.19538
1.02797
0.853486
0.67192
0.483403
0.288088
0.0861054
-0.122372
-0.337035
-0.557455
-0.783063
-1.01314
-1.24682
-1.48309
-1.7207
-1.95823
-2.19406
-2.42652
-2.65348
-2.87296
-3.08242
-3.2803
-3.46236
-3.62993
-3.77338
-3.88844
-3.95998
-4.05204
-4.06623
-4.19519
-4.03974
-4.39775
-3.69007
-5.01836
-2.41591
-7.33155
1.6476
-15.5499
4.14608
4.16268
4.18031
4.19882
4.21831
4.23881
4.26035
4.28302
4.3069
4.332
4.35835
4.38603
4.41516
4.44579
4.47796
4.5117
4.54714
4.58443
4.62354
4.66455
4.70755
4.75268
4.8001
4.84974
4.90174
4.95623
5.01333
5.07309
5.13564
5.2011
5.26951
5.34102
5.41572
5.49363
5.57487
5.65959
5.7479
5.83968
5.93499
6.034
6.13654
6.24259
6.35212
6.46504
6.58119
6.7003
6.82219
6.94654
7.07295
7.20088
7.32986
7.45928
7.58836
7.71635
7.84248
7.9656
8.08463
8.19863
8.30626
8.40649
8.49797
8.57946
8.65026
8.70907
8.75528
8.78879
8.81043
8.81801
8.81662
8.80919
8.79584
8.77985
8.76491
8.76091
8.79683
8.85277
8.86357
10.6989
5.13534
24.845
1.78239
1.77031
1.75734
1.74386
1.7297
1.71471
1.69889
1.6822
1.66458
1.64594
1.62628
1.60554
1.58359
1.5604
1.53593
1.51004
1.48262
1.45363
1.42292
1.39036
1.35585
1.31927
1.28052
1.23946
1.19586
1.1493
1.09917
1.04498
0.986762
0.926977
0.873167
0.838429
0.837068
0.876768
0.952708
1.04674
1.13177
1.18142
1.17956
1.12565
1.0331
0.921032
0.804399
0.689505
0.576094
0.461919
0.345615
0.227077
0.106653
-0.0153958
-0.138964
-0.263956
-0.390242
-0.517588
-0.645675
-0.774153
-0.902548
-1.03027
-1.15661
-1.28084
-1.40195
-1.51906
-1.63081
-1.73673
-1.8339
-1.92439
-2.00038
-2.06448
-2.09984
-2.15757
-2.15082
-2.25367
-2.10732
-2.43027
-1.80628
-2.99124
-0.744648
-4.9007
2.50142
-10.8288
1.79325
1.80401
1.81547
1.82753
1.84029
1.85373
1.86786
1.88282
1.89865
1.91533
1.93287
1.95136
1.97089
1.99148
2.01313
2.03591
2.05991
2.08523
2.11179
2.13969
2.16904
2.19987
2.23222
2.26611
2.30163
2.3388
2.37771
2.41835
2.46076
2.50504
2.55114
2.59914
2.64899
2.7007
2.75429
2.80977
2.86715
2.92629
2.98725
3.04998
3.11432
3.18024
3.24775
3.3167
3.38693
3.45841
3.53091
3.60427
3.67833
3.7528
3.8275
3.90205
3.97612
4.04929
4.12123
4.19141
4.25935
4.32478
4.38697
4.44542
4.49946
4.54849
4.59215
4.62956
4.66051
4.68487
4.70304
4.71175
4.71648
4.71957
4.72175
4.72588
4.73261
4.7456
4.79006
4.78688
4.74631
6.27005
1.33522
17.1186
1.42341
1.42268
1.42199
1.42125
1.42041
1.41949
1.4185
1.41741
1.41621
1.41493
1.41358
1.41216
1.41064
1.40904
1.4074
1.40573
1.40405
1.40242
1.40088
1.39951
1.39836
1.39738
1.39638
1.39508
1.39356
1.39319
1.3977
1.41367
1.44827
1.50355
1.56903
1.6175
1.61027
1.51161
1.30576
1.00847
0.667123
0.34711
0.107103
-0.0251178
-0.0617062
-0.0416674
-0.00570646
0.0221205
0.0361014
0.039838
0.0375921
0.0310916
0.020279
0.0048869
-0.0149208
-0.0386874
-0.0658927
-0.0960508
-0.128646
-0.163174
-0.199141
-0.23604
-0.273367
-0.310679
-0.347481
-0.383441
-0.417933
-0.451205
-0.481704
-0.511997
-0.536969
-0.564215
-0.572585
-0.599822
-0.580916
-0.648463
-0.536973
-0.766173
-0.342043
-1.11888
0.274251
-2.1103
2.05209
-4.62638
1.42395
1.42431
1.42465
1.42492
1.42515
1.42532
1.42539
1.42538
1.4253
1.42509
1.42476
1.42428
1.42368
1.42291
1.42196
1.42081
1.41945
1.41791
1.4161
1.41405
1.41178
1.40923
1.4064
1.40331
1.39995
1.39631
1.39244
1.3883
1.38394
1.3794
1.3747
1.36988
1.36495
1.36001
1.35512
1.35032
1.34569
1.3413
1.33728
1.33366
1.33048
1.32782
1.3258
1.32442
1.32371
1.32374
1.32446
1.3259
1.32803
1.33088
1.33445
1.33866
1.34347
1.34874
1.35433
1.35997
1.36545
1.37065
1.37517
1.3789
1.38172
1.38363
1.3847
1.38478
1.38438
1.38361
1.38371
1.39059
1.38876
1.38193
1.37015
1.35488
1.33692
1.32517
1.35585
1.37795
1.41821
2.28097
-0.302425
7.3373
)
;

boundaryField
{
    inlet
    {
        type            freestreamPressure;
        freestreamValue uniform 0;
        value           nonuniform List<scalar> 
134
(
3.83107
0.101338
-3.79861
-7.18673
-9.6336
-11.1228
-11.3615
-10.3214
-8.01838
-3.77949
-0.718702
-1.15968
-1.94048
-2.68038
-3.42957
-4.21388
-5.04046
-5.91374
-6.84616
-7.85995
7.46414
-8.98539
-10.2371
-11.5555
-12.7899
-13.6758
-14.1001
-14.8499
-14.864
-15.1476
-18.0278
-16.588
-16.6385
-16.9476
-17.1755
-17.2839
-17.3883
-17.6737
-18.402
-19.2894
10.8767
14.376
17.311
18.8848
18.5118
15.2022
7.96982
-21.2254
-20.7435
-20.0023
-19.5171
-19.1549
-18.7511
-18.2981
-17.8352
-17.3739
-16.9076
-16.4307
-15.9431
-15.445
-14.9334
-14.4032
-13.8457
-13.2457
-12.5879
-11.8512
-11.3824
-10.9439
-10.4173
-9.80527
-9.09925
-8.19937
-6.98866
-4.86522
-2.07745
2.63222
5.91236
9.60244
13.2825
16.8839
20.3175
23.2413
25.477
27.0718
28.0767
28.6308
28.8907
28.9925
29.0458
29.2106
29.7441
30.7478
31.8482
32.7524
33.494
34.1365
34.6921
35.1406
35.4715
35.691
35.8191
35.9031
36.0397
36.4726
37.5738
39.948
40.9656
39.9931
38.8677
38.1522
37.5709
36.9093
36.1842
35.451
34.7161
33.9649
33.1888
32.3838
31.5453
30.6635
29.7236
28.7062
27.5741
26.3004
24.7307
23.7676
22.8419
21.6547
20.2319
18.5725
16.4965
13.8136
9.52208
4.08445
)
;
    }
    outlet
    {
        type            freestreamPressure;
        freestreamValue uniform 0;
        value           nonuniform List<scalar> 
160
(
0.00306689
0.0030683
0.00306507
0.00306933
0.0030633
0.00307035
0.00306142
0.00307123
0.00305931
0.00307205
0.003057
0.00307278
0.00305451
0.0030733
0.0030518
0.00307368
0.00304883
0.00307391
0.00304566
0.00307393
0.00304232
0.0030737
0.00303878
0.0030732
0.00303502
0.00307245
0.00303105
0.00307139
0.00302696
0.00306998
0.00302278
0.00306819
0.00301854
0.00306602
0.00301435
0.00306348
0.0030103
0.00306043
0.00300658
0.00305693
0.00300334
0.00305301
0.00300049
0.00304856
0.0029977
0.00304358
0.00299429
0.00303811
0.00299015
0.00303215
0.00298766
0.00302569
0.00299414
0.00301881
0.00302327
0.00301147
0.00309078
0.00300375
0.0032027
0.00299578
0.00333938
0.00298757
0.00344589
0.00297925
0.0034407
0.00297086
0.00324393
0.00296259
0.00281453
0.0029546
0.00218017
0.002947
0.00144296
0.00293996
0.000749299
0.00293365
0.00023036
0.00292839
-5.38047e-05
0.00292425
-0.000131726
0.00292134
-8.87463e-05
0.00291989
-1.21405e-05
0.00292015
4.70449e-05
0.00292216
7.67781e-05
0.00292605
8.47283e-05
0.002932
7.99519e-05
0.00293994
6.61257e-05
0.00294998
4.313e-05
0.00296212
1.03943e-05
0.00297648
-3.17405e-05
0.00299314
-8.23161e-05
0.00301196
-0.000140245
0.00303295
-0.00020452
0.00305586
-0.000274077
0.00308045
-0.000347882
0.00310624
-0.000424937
0.00313277
-0.000504216
0.00315991
-0.000584714
0.00318678
-0.00066555
0.0032132
-0.000745748
0.00323897
-0.000824667
0.00326418
-0.000901058
0.00328902
-0.000975497
0.00331327
-0.00104478
0.00333814
-0.00111438
0.00336407
-0.00117358
0.00339419
-0.00123756
0.00343848
-0.00126107
0.00345897
-0.00132528
0.00346994
-0.00129197
0.00347141
-0.00144464
0.00346712
-0.00121177
0.00345922
-0.00171839
0.00347095
-0.000791447
0.00359849
-0.002501
0.00371519
0.000667613
0.00389125
-0.00453311
0.00632813
0.00561316
-0.000903364
-0.00849321
0.0194205
)
;
    }
    walls
    {
        type            zeroGradient;
    }
    frontAndBack
    {
        type            empty;
    }
}


// ************************************************************************* //
