/*--------------------------------*- C++ -*----------------------------------*\
| =========                 |                                                 |
| \\      /  F ield         | OpenFOAM: The Open Source CFD Toolbox           |
|  \\    /   O peration     | Version:  v1806                                 |
|   \\  /    A nd           | Web:      www.OpenFOAM.com                      |
|    \\/     M anipulation  |                                                 |
\*---------------------------------------------------------------------------*/
FoamFile
{
    version     2.0;
    format      ascii;
    class       volScalarField;
    location    "310";
    object      p;
}
// * * * * * * * * * * * * * * * * * * * * * * * * * * * * * * * * * * * * * //

dimensions      [0 2 -2 0 0 0 0];


internalField   nonuniform List<scalar> 
10720
(
-554.682
-977.49
-1475.44
-1962.29
-2408.39
-2862.61
-3262.73
-3596.25
-3885.32
-4109.69
-4280.4
-4404.47
-4487.33
-4535.69
-4550.95
-4530.43
-4479.77
-4391.68
-4272.82
-4115.4
-3925.38
-3698.16
-3446.42
-3175.33
-2904.96
-2664.58
-2448.45
-2235.86
-2025.04
-1817.21
-1611.32
-1406.6
-1202.43
-997.563
-790.434
-574.925
-347.891
-76.2648
206.34
-126.843
262.83
683.741
1080.19
1422.93
1689.79
1859.29
1925.9
1925.75
1868.34
1758.71
1629.45
1497.95
1369.61
1248.21
1133.36
1025.77
923.198
824.222
726.085
628.531
529.77
430.327
332.474
246.903
179.665
124.873
80.3244
46.0111
22.2975
8.65301
4.45169
9.25333
23.0962
46.1167
80.6428
130.228
215.349
362.056
108.639
-213.282
-572.429
-952.247
-1341.09
-1737.91
-2121.75
-2480.74
-2811.4
-3103.75
-3356.08
-3568.75
-3742.28
-3876.69
-3971.53
-4024.6
-4039.18
-4012.9
-3948.87
-3843.64
-3700.53
-3518.16
-3306.16
-3071.08
-2830.66
-2609.68
-2405.56
-2202.21
-1998.51
-1796.22
-1594.82
-1393.75
-1192.56
-990.063
-784.781
-570.691
-344.758
-73.7017
204.415
399.181
677.297
956.316
1227.85
1469.97
1667.95
1804.18
1870.59
1876.42
1828.31
1739.6
1630.31
1513
1393.74
1276.72
1163.61
1055.45
951.431
850.558
751.063
652.451
553.573
454.915
358.807
273.568
204.374
147.209
100.216
63.5085
37.4126
21.5436
15.3596
18.3991
30.681
52.3916
85.8823
134.65
219.264
359.992
205.066
-83.6621
-407.326
-763.523
-1131.51
-1507.32
-1881.97
-2239.97
-2572.28
-2873.4
-3136.32
-3359.38
-3541.13
-3681.51
-3782.13
-3844.04
-3868.21
-3853.59
-3801.34
-3710.19
-3581.89
-3416.84
-3222.28
-3005.53
-2781.25
-2569.66
-2371.46
-2174.23
-1975.99
-1778.25
-1580.68
-1382.73
-1184.04
-983.529
-779.789
-566.916
-341.98
-72.0889
202.668
466.494
721.97
977.521
1221.43
1434.55
1607.69
1728.68
1793.34
1806.58
1772.86
1702.39
1608.5
1501.97
1390
1277.48
1167.09
1060.28
957.049
856.754
758.122
660.477
563.047
466.201
372.058
287.209
216.715
158.345
110.321
72.6304
45.5379
28.7268
21.6517
23.865
35.3938
56.4741
89.4655
137.85
221.747
356.635
353.29
110.78
-165.244
-467.981
-784.917
-1115.57
-1450.34
-1778.91
-2093.65
-2388.12
-2655.96
-2893.4
-3097.66
-3267.4
-3401.47
-3499.95
-3561.08
-3583.04
-3565.48
-3507.73
-3410.76
-3275.83
-3108.83
-2917.41
-2714.26
-2516.64
-2327.99
-2139.25
-1948.1
-1756.1
-1563.3
-1369.27
-1173.76
-975.796
-774.052
-562.791
-339.232
-71.2434
200.011
571.093
781.26
993.068
1198.95
1381.14
1532.56
1642.43
1706.29
1726.12
1704.7
1650.1
1572.14
1479.48
1378.78
1274.78
1170.45
1067.57
966.842
868.087
770.59
673.862
577.513
481.964
389.215
304.687
233.152
173.54
124.215
85.1219
56.558
38.2807
29.8043
30.7352
41.1342
61.2803
93.5245
141.277
224.022
353.11
401.524
185.714
-61.118
-333.776
-620.058
-922.267
-1232.4
-1541.04
-1842.32
-2129.65
-2396.5
-2638.37
-2851.44
-3032.74
-3180.13
-3292.29
-3366.87
-3403.23
-3400.51
-3358.71
-3278.51
-3161.62
-3012.9
-2839.61
-2652.69
-2466.52
-2285.79
-2104.16
-1919.25
-1732.53
-1544.32
-1354.25
-1162.08
-966.906
-767.454
-558.138
-336.35
-70.8789
196.003
595.866
782.371
970.782
1153.82
1315.81
1452.03
1553.75
1616.82
1641.79
1630.73
1589.84
1526.45
1447.2
1357.83
1262.83
1165.23
1067.13
969.702
873.284
777.647
682.55
587.872
494.112
403.134
319.434
247.377
186.808
136.426
96.189
66.4158
46.935
37.3248
37.2214
46.6943
66.0497
97.6249
144.73
226.158
349.382
433.879
242.697
22.8147
-219.953
-475.01
-746.391
-1026.62
-1308.21
-1586.85
-1856.5
-2111.6
-2347.78
-2560.86
-2747.24
-2904.19
-3029.43
-3120.83
-3176.92
-3196.08
-3177.46
-3121
-3028.09
-2902.62
-2751.19
-2583.28
-2411.03
-2240.07
-2066.61
-1888.67
-1707.7
-1524.32
-1338.33
-1149.61
-957.344
-760.327
-553.175
-333.482
-71.1716
190.674
606.02
770.542
937.879
1101.58
1247.19
1371.21
1466.46
1528.59
1557.26
1554.47
1524.9
1474.18
1407.47
1329.48
1244.21
1154.51
1062.52
969.693
876.728
783.806
690.968
598.343
506.54
417.34
334.575
262.218
200.816
149.462
108.124
77.134
56.4
45.5624
44.3005
52.7135
71.1479
101.927
148.242
228.079
345.347
442.061
269.525
70.5313
-149.374
-379.984
-626.714
-882.897
-1141.97
-1401.05
-1654.7
-1898.1
-2127.28
-2337.92
-2526.17
-2688.8
-2822.87
-2925.64
-2994.71
-3028.11
-3024.75
-2984.61
-2909.02
-2801.32
-2667.43
-2515.53
-2355.76
-2193.98
-2028.34
-1857.26
-1682.05
-1503.54
-1321.72
-1136.53
-947.259
-752.801
-547.993
-330.706
-72.1794
184.085
597.564
745.686
897.065
1045.73
1178.41
1292.63
1382.49
1443.42
1474.71
1478.38
1458.03
1418.09
1362.61
1295.37
1219.75
1138.28
1052.99
965.47
876.656
787.052
696.979
606.802
517.24
430.008
348.442
276.163
214.214
162.083
119.786
87.6805
65.7624
53.7494
51.3698
58.7542
76.2824
106.246
151.703
229.713
341.031
439.573
282.938
101.876
-98.0541
-307.181
-531.673
-765.386
-1002.6
-1241.42
-1477.21
-1705.78
-1923.79
-2127.25
-2312.36
-2475.68
-2613.98
-2724.09
-2803.56
-2850.22
-2862.44
-2839.62
-2782.53
-2693.74
-2578.24
-2443.06
-2296.7
-2145.02
-1987.82
-1824.06
-1655
-1481.69
-1304.28
-1122.81
-936.689
-744.932
-542.632
-328.022
-73.8399
176.329
580.944
715.288
853.32
989.496
1111.48
1217.54
1302.68
1362.21
1395.28
1403.89
1390.94
1360.02
1314.34
1256.93
1190.57
1117.39
1039.22
957.605
873.62
787.977
701.223
613.92
526.898
441.821
361.68
289.785
227.525
174.773
131.628
98.4814
75.4191
62.2423
58.7313
65.0507
81.6173
110.685
155.159
231.082
336.473
429.013
285.591
119.586
-63.5857
-254.598
-460.007
-674.248
-892.152
-1112.66
-1331.72
-1545.79
-1752.19
-1947.25
-2127.42
-2289.32
-2429.56
-2544.77
-2632.13
-2689.1
-2713.56
-2704.54
-2662.58
-2589.74
-2490.29
-2370.19
-2236.5
-2094.78
-1945.96
-1789.57
-1626.8
-1458.82
-1286
-1108.44
-925.642
-736.747
-537.13
-325.41
-76.0475
167.578
558.64
681.616
808.559
934.28
1047.21
1146.4
1227.31
1285.28
1319.49
1331.86
1324.81
1301.33
1264.08
1215.44
1157.7
1092.56
1021.6
946.224
867.515
786.311
703.325
619.275
535.078
452.371
373.891
302.693
240.393
187.214
143.368
109.288
85.1518
70.8497
66.2234
71.4742
87.0566
115.172
158.559
232.165
331.672
413.835
281.755
128.752
-39.8707
-215.16
-403.825
-600.684
-801.076
-1004.53
-1207.48
-1407.01
-1600.97
-1786.09
-1959.25
-2117.23
-2256.61
-2374.06
-2466.51
-2531.36
-2566.31
-2569.85
-2542.1
-2484.5
-2400.51
-2295.09
-2174.06
-2042.57
-1902.37
-1753.56
-1597.29
-1434.88
-1266.83
-1093.36
-914.081
-728.236
-531.508
-322.875
-78.7421
158.034
533.413
646.694
764.171
880.932
986.095
1079.32
1156.4
1212.68
1247.55
1262.73
1260.36
1242.99
1212.87
1171.95
1122.05
1064.52
1000.65
931.655
858.531
782.156
703.336
622.891
541.812
461.704
385.126
314.925
252.859
199.453
155.058
120.156
95.018
79.6301
73.9012
78.0699
92.6319
119.725
161.909
232.968
326.643
395.761
273.479
131.752
-24.2371
-185.834
-359.833
-541.357
-726.165
-914.126
-1102.15
-1287.85
-1469.55
-1644.38
-1809.62
-1962.33
-2099.28
-2217.15
-2312.88
-2383.59
-2426.96
-2440.93
-2425.3
-2381.06
-2310.96
-2219.08
-2110.17
-1988.82
-1857.29
-1716.14
-1566.54
-1409.86
-1246.77
-1077.58
-901.995
-719.394
-525.772
-320.441
-81.9013
147.831
506.655
611.6
720.886
829.879
928.278
1016.23
1089.78
1144.35
1179.46
1196.73
1198.04
1185.66
1161.55
1127.31
1084.44
1033.97
976.908
914.24
846.847
775.56
701.213
624.682
546.986
469.701
395.26
326.345
264.789
211.372
166.591
130.995
104.942
88.5203
81.7134
84.7976
98.3116
124.317
165.185
233.492
321.406
376.087
262.395
130.584
-14.287
-163.856
-324.882
-492.749
-663.542
-837.424
-1011.64
-1184.25
-1353.97
-1518.34
-1675.03
-1821.41
-1954.48
-2071.11
-2168.25
-2242.94
-2292.87
-2315.64
-2310.67
-2278.5
-2221.19
-2142.03
-2044.81
-1933.53
-1810.73
-1677.33
-1534.54
-1383.76
-1225.8
-1061.07
-889.38
-710.219
-519.932
-318.138
-85.5224
137.044
479.39
577.056
679.172
781.317
873.763
956.996
1027.25
1080.09
1115.13
1133.91
1138.11
1129.81
1110.72
1082.23
1045.58
1001.54
950.879
894.36
832.702
766.648
697.001
624.638
550.564
476.323
404.251
336.896
276.124
222.92
177.93
141.775
114.905
97.5103
89.655
91.6542
104.091
128.941
168.377
233.744
315.979
355.658
249.549
126.529
-8.48639
-147.407
-296.903
-452.584
-610.786
-771.908
-933.499
-1093.9
-1252.21
-1406.3
-1554.24
-1693.71
-1822
-1936.18
-2033.34
-2110.49
-2165.33
-2195.3
-2199.38
-2177.75
-2131.93
-2064.45
-1978.31
-1876.89
-1762.78
-1637.18
-1501.31
-1356.58
-1203.93
-1043.84
-876.229
-700.713
-513.995
-315.987
-89.5931
125.715
452.228
543.502
639.242
735.291
822.431
901.391
968.563
1019.68
1054.42
1074.25
1080.72
1075.7
1060.8
1037.24
1006.03
967.787
923.05
872.397
816.372
755.587
690.773
622.755
552.508
481.518
412.035
346.498
286.778
234.015
189
152.434
124.857
106.559
97.6941
98.6145
109.949
133.578
171.471
233.728
310.386
335.044
235.692
120.536
-5.66935
-135.086
-274.27
-419.029
-565.89
-715.451
-865.479
-1014.56
-1162.09
-1306.25
-1445.43
-1577.67
-1700.55
-1811.34
-1907.33
-1985.61
-2043.88
-2079.58
-2091.29
-2078.86
-2043.32
-1986.58
-1910.9
-1819.06
-1713.55
-1595.74
-1466.87
-1328.34
-1181.14
-1025.87
-862.537
-690.877
-507.966
-314.006
-94.0985
113.887
425.601
511.17
601.225
691.778
774.156
849.194
913.461
962.891
997.151
1017.68
1025.9
1023.55
1012.13
992.745
966.283
933.197
893.882
848.739
798.146
742.57
682.632
619.08
552.82
485.262
418.57
355.092
296.681
244.591
199.742
162.922
134.756
115.636
105.806
105.66
115.87
138.214
174.454
233.456
304.647
314.627
221.354
113.275
-4.99759
-125.889
-255.805
-390.712
-527.344
-666.401
-805.835
-944.467
-1081.9
-1216.61
-1347.26
-1472.17
-1589.23
-1695.99
-1789.91
-1868.24
-1928.69
-1968.79
-1986.78
-1982.25
-1955.79
-1908.78
-1842.86
-1760.24
-1663.17
-1553.11
-1431.28
-1299.04
-1157.46
-1007.17
-848.302
-680.71
-501.845
-312.194
-99.0211
101.611
399.778
480.218
565.13
650.715
728.766
800.183
861.719
909.482
943.138
964.079
973.638
973.442
964.918
949.077
926.717
898.2
863.792
823.752
778.316
727.804
672.712
613.681
551.522
487.542
423.819
362.622
305.764
254.575
210.089
173.178
144.551
124.699
113.959
112.764
121.832
142.829
177.314
232.939
298.788
294.665
206.905
105.238
-5.84769
-119.046
-240.573
-366.56
-493.924
-623.422
-753.168
-882.179
-1010.22
-1135.98
-1258.38
-1376.04
-1487.09
-1589.35
-1680.51
-1758
-1819.55
-1862.88
-1885.95
-1888.09
-1869.57
-1831.32
-1774.45
-1700.61
-1611.77
-1509.37
-1394.58
-1268.73
-1132.87
-987.742
-833.523
-670.211
-495.634
-310.552
-104.325
88.9382
374.922
450.721
530.958
612.007
686.096
754.157
813.117
859.243
892.197
913.334
923.908
925.44
919.309
906.466
887.645
863.138
833.136
797.776
757.174
711.52
661.173
606.653
548.654
488.366
427.77
369.047
313.967
263.902
219.977
183.143
154.192
133.708
122.119
119.9
127.811
147.407
180.039
232.193
292.835
275.342
192.599
96.773
-7.75855
-113.977
-227.874
-345.764
-464.692
-585.473
-706.37
-826.519
-945.816
-1063.17
-1177.71
-1288.28
-1393.28
-1490.77
-1578.67
-1654.61
-1716.37
-1761.88
-1788.92
-1796.63
-1784.97
-1754.52
-1705.94
-1640.4
-1559.52
-1464.63
-1356.85
-1237.43
-1107.42
-967.588
-818.205
-659.384
-489.335
-309.071
-109.971
75.9228
351.131
422.709
498.663
575.544
645.99
710.917
767.437
811.967
844.144
865.309
876.627
879.542
875.392
865.086
849.303
828.309
802.23
771.126
735.009
693.955
648.195
598.117
544.286
487.762
430.414
374.337
321.24
272.51
229.342
192.759
163.625
142.615
130.247
127.039
133.784
151.927
182.618
231.232
286.813
256.767
178.615
88.1577
-10.3895
-110.223
-217.171
-327.661
-438.898
-551.709
-664.487
-776.475
-887.688
-997.181
-1104.28
-1208.01
-1307
-1399.58
-1483.86
-1557.69
-1618.95
-1665.72
-1695.78
-1708.02
-1702.22
-1678.65
-1637.61
-1579.83
-1506.57
-1419.01
-1318.18
-1205.21
-1081.13
-946.728
-802.355
-648.234
-482.943
-307.744
-115.912
62.634
328.455
396.167
468.182
541.215
608.282
670.283
724.483
767.449
798.812
819.866
831.718
835.736
833.224
825.056
811.882
793.948
771.345
744.078
712.084
675.34
633.961
588.206
538.505
485.775
431.764
378.473
327.54
280.344
238.124
201.963
172.795
151.374
138.303
134.146
139.723
156.369
185.042
230.076
280.754
239.007
165.085
79.5634
-13.466
-107.46
-208.025
-311.741
-415.927
-521.445
-626.77
-731.245
-834.969
-937.135
-1037.2
-1134.39
-1227.52
-1315.15
-1395.59
-1466.89
-1527.08
-1574.33
-1606.55
-1622.41
-1621.53
-1603.96
-1569.71
-1519.12
-1453.12
-1372.66
-1278.65
-1172.12
-1054.03
-925.183
-785.985
-636.762
-476.459
-306.557
-122.099
49.1383
306.916
371.065
439.437
508.905
572.816
632.071
684.071
725.515
756.027
776.867
789.082
793.973
792.813
786.451
775.514
760.241
740.706
716.878
688.643
655.9
618.66
577.062
531.406
482.465
431.849
381.453
332.838
287.355
246.266
210.699
181.646
159.933
146.244
141.185
145.599
160.714
187.303
228.742
274.687
222.104
152.093
71.1343
-16.8026
-105.413
-200.112
-297.592
-395.31
-494.125
-592.596
-690.137
-786.93
-882.264
-975.729
-1066.7
-1154.17
-1236.88
-1313.36
-1381.84
-1440.49
-1487.6
-1521.23
-1539.9
-1543.08
-1530.67
-1502.48
-1458.5
-1399.34
-1325.71
-1238.37
-1138.23
-1026.18
-902.982
-769.108
-624.976
-469.877
-305.491
-128.479
35.5058
286.509
347.363
412.35
478.503
539.462
596.12
646.032
685.997
715.64
736.187
748.632
754.209
754.161
749.324
740.303
727.34
710.502
689.741
664.909
635.846
602.481
564.845
523.112
477.912
430.709
383.284
337.114
293.504
253.716
218.909
190.121
168.242
154.023
148.12
151.381
164.939
189.393
227.251
268.639
206.07
139.691
62.9716
-20.2438
-103.883
-193.161
-284.894
-376.653
-469.291
-561.445
-652.6
-742.973
-831.962
-919.243
-1004.33
-1086.36
-1164.25
-1236.72
-1302.16
-1358.94
-1405.39
-1439.78
-1460.53
-1467.01
-1459
-1436.15
-1398.2
-1345.43
-1278.32
-1197.48
-1103.65
-997.63
-880.161
-751.744
-612.883
-463.188
-304.52
-134.992
21.8139
267.223
325.011
386.842
449.896
508.085
562.294
610.215
648.748
677.514
697.703
710.265
716.378
717.248
713.696
706.315
695.353
680.882
662.847
641.078
615.378
585.607
551.712
513.749
472.204
428.397
383.987
340.36
298.76
260.429
226.541
198.166
176.246
161.594
154.908
157.037
169.023
191.307
225.623
262.641
190.908
127.913
55.1389
-23.6811
-102.709
-186.966
-273.38
-359.635
-446.56
-532.885
-618.136
-702.574
-785.662
-867.165
-946.705
-1023.54
-1096.76
-1165.23
-1227.52
-1282.15
-1327.53
-1362.15
-1384.36
-1393.43
-1389.12
-1370.95
-1338.43
-1291.59
-1230.66
-1156.08
-1068.45
-968.447
-856.762
-733.919
-600.49
-456.386
-303.619
-141.575
8.14332
249.026
303.955
362.832
422.98
478.561
530.455
576.477
613.619
641.509
661.298
673.894
680.412
682.036
679.569
673.594
664.368
651.97
636.345
617.321
594.674
568.217
537.821
503.443
465.439
424.98
383.6
342.582
303.103
266.367
233.544
205.727
183.894
168.908
161.507
162.533
172.945
193.039
223.878
256.721
176.61
116.772
47.6882
-27.0294
-101.778
-181.36
-262.841
-343.995
-425.642
-506.565
-586.354
-665.285
-742.89
-819.001
-893.327
-965.24
-1033.95
-1098.48
-1157.57
-1209.86
-1253.87
-1288.25
-1311.37
-1322.45
-1321.19
-1307.04
-1279.39
-1238
-1182.89
-1114.33
-1032.75
-938.71
-832.835
-715.658
-587.808
-449.459
-302.752
-148.169
-5.43085
231.882
284.143
340.246
397.657
450.783
500.482
544.688
580.485
607.498
626.858
639.416
646.24
648.485
646.938
642.166
634.441
623.854
610.358
593.781
573.892
550.47
523.325
492.331
457.726
420.537
382.167
343.797
306.522
271.499
239.877
212.753
191.132
175.915
167.874
167.836
176.683
194.586
222.033
250.906
163.155
106.275
40.6479
-30.2298
-100.984
-176.214
-253.104
-329.523
-406.268
-482.195
-556.92
-630.745
-703.249
-774.325
-843.756
-911.01
-975.415
-1036.1
-1091.97
-1141.79
-1184.2
-1217.97
-1241.55
-1254.11
-1255.31
-1244.61
-1221.27
-1184.86
-1135.2
-1072.37
-996.657
-908.498
-808.439
-696.998
-574.847
-442.398
-301.883
-154.707
-18.8258
215.757
265.511
319.009
373.843
424.645
472.256
514.725
549.218
575.374
594.279
606.746
613.791
616.543
615.771
612.032
605.611
596.606
584.985
570.587
553.177
532.515
508.369
480.547
449.177
415.153
379.744
344.029
309.019
275.804
245.501
219.198
197.912
182.567
173.965
172.91
180.215
195.943
220.108
245.222
150.517
96.4185
34.0377
-33.2398
-100.255
-171.422
-244.029
-316.038
-388.23
-459.515
-529.541
-598.62
-666.385
-732.772
-797.613
-860.47
-920.764
-977.738
-1030.42
-1077.7
-1118.34
-1151.21
-1174.85
-1188.44
-1191.6
-1183.8
-1164.25
-1132.34
-1087.74
-1030.34
-960.293
-877.909
-783.635
-677.972
-561.622
-435.184
-300.972
-161.121
-31.9626
200.609
248.007
299.046
351.441
400.041
445.667
486.477
519.717
545.027
563.46
575.792
582.994
586.16
586.043
583.192
577.899
570.277
560.305
547.837
532.647
514.485
493.088
468.214
439.904
408.915
376.396
343.318
310.602
279.269
250.387
225.02
204.184
188.817
179.735
177.72
183.52
197.108
218.118
239.691
138.669
87.1909
27.8647
-36.0297
-99.5404
-166.903
-235.506
-303.403
-371.354
-438.317
-503.978
-568.644
-631.996
-694.009
-754.557
-813.27
-869.66
-923.066
-972.622
-1017.35
-1056.09
-1087.83
-1111.24
-1125.45
-1130.12
-1124.74
-1108.48
-1080.62
-1040.67
-988.399
-923.792
-847.035
-758.491
-658.627
-548.14
-427.81
-299.972
-167.343
-44.7623
186.395
231.572
280.287
330.369
376.883
420.619
459.837
491.87
516.353
534.307
546.472
553.774
557.278
557.716
555.628
551.312
544.896
536.373
525.614
512.405
496.496
477.605
455.456
430.013
401.919
372.194
341.709
311.293
281.891
254.511
230.183
209.906
194.618
185.142
182.232
186.577
198.078
216.078
234.332
127.583
78.5734
22.1321
-38.5777
-98.7959
-162.589
-227.444
-291.497
-355.489
-418.424
-480.021
-540.584
-599.83
-657.76
-714.293
-769.111
-821.801
-871.791
-918.309
-960.484
-997.268
-1027.7
-1050.61
-1065.13
-1070.92
-1067.52
-1054.1
-1029.85
-994.171
-946.688
-887.273
-815.985
-733.085
-639
-534.428
-420.256
-298.841
-173.316
-57.1499
173.073
216.151
262.666
310.558
355.085
397.024
434.715
465.581
489.257
506.73
518.703
526.06
529.835
530.743
529.313
525.846
520.484
513.233
503.984
492.537
478.648
462.033
442.388
419.619
394.26
367.214
339.253
311.121
283.675
257.86
234.657
215.038
199.927
190.146
186.413
189.366
198.85
213.999
229.162
117.226
70.5513
16.8311
-40.8694
-97.9925
-158.429
-219.765
-280.225
-340.513
-399.692
-457.5
-514.242
-569.659
-623.784
-676.559
-727.718
-776.914
-823.645
-867.23
-906.889
-941.676
-970.689
-992.905
-1007.45
-1014.02
-1012.23
-1001.23
-980.181
-948.381
-905.36
-850.869
-784.858
-707.496
-619.145
-520.493
-412.514
-297.538
-178.97
-69.0551
160.598
201.692
246.123
291.931
334.57
374.793
411.02
440.762
463.651
480.644
492.407
499.784
503.779
505.084
504.22
501.491
497.048
490.913
482.995
473.111
461.03
446.471
429.116
408.823
386.03
361.534
336.012
310.121
284.636
260.427
238.42
219.546
204.704
194.706
190.231
191.867
199.422
211.891
224.191
107.563
63.0997
11.9557
-42.9009
-97.1072
-154.386
-212.414
-269.502
-326.325
-381.992
-436.259
-489.438
-541.289
-591.858
-641.12
-688.852
-734.753
-778.388
-819.154
-856.35
-889.131
-916.65
-938.012
-952.375
-959.458
-958.924
-949.976
-931.732
-903.445
-864.555
-814.713
-753.77
-681.801
-599.117
-506.362
-404.567
-296.008
-184.249
-80.405
148.93
188.143
230.593
274.418
315.258
353.843
388.669
417.325
439.45
455.967
467.508
474.876
479.045
480.689
480.311
478.223
474.583
469.427
462.681
454.182
443.715
431.006
415.731
397.718
377.319
355.232
332.047
308.337
284.795
262.215
241.456
223.402
208.916
198.788
193.655
194.062
199.79
209.76
219.428
98.5649
56.1953
7.49409
-44.6725
-96.1242
-150.423
-205.339
-259.257
-312.831
-365.211
-416.173
-466.022
-514.543
-561.796
-607.775
-652.291
-695.091
-735.791
-773.863
-808.674
-839.465
-865.449
-885.844
-899.843
-907.203
-907.642
-900.41
-884.619
-859.49
-824.403
-778.926
-722.825
-656.089
-578.964
-492.056
-396.403
-294.217
-189.091
-91.1346
138.027
175.452
216.022
257.959
297.081
334.102
367.583
395.193
416.578
432.623
443.933
451.27
455.574
457.506
457.549
456.019
453.081
448.781
443.066
435.792
426.76
415.709
402.319
386.395
368.216
348.388
327.424
305.818
284.183
263.232
243.758
226.586
212.534
202.36
196.66
195.933
199.952
207.61
214.874
90.1964
49.8152
3.43056
-46.1857
-95.0345
-146.52
-198.503
-249.442
-299.964
-349.265
-397.132
-443.87
-489.282
-533.434
-576.343
-617.847
-657.733
-695.66
-731.161
-763.674
-792.512
-816.944
-836.294
-849.797
-857.242
-858.405
-852.594
-838.936
-816.634
-785.029
-743.632
-692.131
-630.443
-558.748
-477.596
-388.017
-292.121
-193.448
-101.193
127.849
163.576
202.355
242.493
279.974
315.498
347.688
374.293
394.96
410.543
421.613
428.9
433.31
435.484
435.892
434.847
432.523
428.974
424.164
417.972
410.213
400.643
388.954
374.933
358.8
341.08
322.21
302.617
282.834
263.498
245.327
229.083
215.534
205.395
199.22
197.465
199.902
205.442
210.528
82.4263
43.9337
-0.249993
-47.4473
-93.8333
-142.66
-191.875
-240.009
-287.666
-334.075
-379.045
-422.87
-465.374
-506.629
-546.668
-585.352
-622.499
-657.811
-690.872
-721.182
-748.116
-771.008
-789.259
-802.162
-809.541
-811.222
-806.575
-794.758
-774.974
-746.547
-708.943
-661.794
-604.947
-538.523
-463.01
-379.403
-289.684
-197.272
-110.532
118.356
152.468
189.542
227.959
263.875
297.965
328.916
354.555
374.526
389.655
400.485
407.707
412.197
414.574
415.296
414.675
412.885
409.995
405.981
400.74
394.109
385.86
375.699
363.406
349.149
333.38
316.474
298.79
280.79
263.035
246.17
230.889
217.901
207.873
201.317
198.644
199.637
203.254
206.383
75.2218
38.5255
-3.56482
-48.4653
-92.5178
-138.827
-185.428
-230.917
-275.876
-319.569
-361.826
-402.925
-442.709
-481.259
-518.611
-554.654
-589.23
-622.08
-652.832
-681.036
-706.133
-727.507
-744.634
-756.868
-764.061
-766.088
-762.382
-752.144
-734.597
-709.057
-674.966
-631.91
-579.685
-518.349
-448.328
-370.554
-286.877
-200.524
-119.107
109.512
142.086
177.532
214.307
248.724
281.444
311.206
335.911
355.21
369.897
380.483
387.628
392.175
394.725
395.717
395.465
394.144
391.828
388.513
384.11
378.475
371.4
362.607
351.875
339.33
325.358
310.279
294.393
278.095
261.875
246.303
232.004
219.624
209.777
202.934
199.458
199.151
201.041
202.429
68.5518
33.5662
-6.53206
-49.2495
-91.0884
-135.016
-179.142
-222.137
-264.552
-305.694
-345.402
-383.947
-421.186
-457.204
-492.047
-525.619
-557.786
-588.322
-616.89
-643.092
-666.422
-686.319
-702.313
-713.831
-720.749
-722.985
-720.031
-711.144
-695.573
-672.647
-641.793
-602.572
-554.733
-498.283
-433.579
-361.477
-283.672
-203.168
-126.889
101.279
132.388
166.28
201.485
234.469
265.874
294.494
318.301
336.951
351.204
361.547
368.605
373.19
375.884
377.111
377.179
376.266
374.456
371.752
368.085
363.328
357.293
349.72
340.394
329.405
317.081
303.691
289.486
274.8
260.053
245.747
232.437
220.702
211.1
204.059
199.897
198.439
198.796
198.651
62.3874
29.0305
-9.17006
-49.8113
-89.5497
-131.218
-173.005
-213.643
-253.663
-292.403
-329.716
-365.868
-400.724
-434.373
-466.867
-498.127
-528.036
-556.397
-582.91
-607.215
-628.856
-647.326
-662.2
-672.976
-679.548
-681.88
-679.523
-671.787
-657.958
-637.388
-609.509
-573.865
-530.169
-478.384
-418.794
-352.175
-280.056
-205.183
-133.849
93.6229
123.333
155.742
189.445
221.057
251.201
278.723
301.667
319.688
333.518
343.62
350.582
355.19
358.004
359.434
359.779
359.223
357.854
355.685
352.663
348.679
343.563
337.077
329.011
319.428
308.606
296.769
284.124
270.952
257.61
244.532
232.204
221.14
211.839
204.686
199.956
197.497
196.511
195.031
56.6979
24.8948
-11.4978
-50.1626
-87.9056
-127.431
-167.001
-205.412
-243.173
-279.651
-314.716
-348.62
-381.243
-412.676
-442.975
-472.071
-499.866
-526.187
-550.766
-573.279
-593.315
-610.414
-624.193
-634.215
-640.398
-642.738
-640.848
-634.088
-621.793
-603.343
-578.187
-545.863
-506.062
-458.704
-404.01
-342.659
-276.017
-206.55
-139.972
86.5106
114.886
145.876
178.143
208.439
237.375
263.841
285.95
303.365
316.784
326.646
333.507
338.124
341.036
342.638
343.226
342.981
341.996
340.295
337.838
334.532
330.226
324.704
317.765
309.448
299.987
289.57
278.365
266.605
254.59
242.69
231.327
220.95
211.998
204.813
199.629
196.317
194.175
191.549
51.4558
21.1352
-13.5337
-50.3168
-86.163
-123.655
-161.125
-197.43
-233.057
-267.405
-300.353
-332.149
-362.679
-392.036
-420.28
-447.355
-473.172
-497.582
-520.346
-541.172
-559.686
-575.475
-588.194
-597.468
-603.233
-605.516
-603.981
-598.049
-587.103
-570.558
-547.886
-518.632
-482.474
-439.296
-389.259
-332.945
-271.549
-207.259
-145.249
79.9103
107.01
136.643
167.534
196.57
224.344
249.796
271.103
287.93
300.948
310.572
317.327
321.941
324.932
326.682
327.479
327.504
326.854
325.561
323.598
320.885
317.293
312.623
306.688
299.506
291.274
282.148
272.263
261.81
251.038
240.26
229.835
220.151
211.586
204.444
198.917
194.898
191.775
188.182
46.6342
17.7289
-15.296
-50.2854
-84.3289
-119.888
-155.368
-189.68
-223.29
-255.631
-286.59
-316.405
-344.973
-372.387
-398.709
-423.891
-447.861
-470.484
-491.545
-510.783
-527.865
-542.41
-554.113
-562.653
-567.983
-570.16
-568.896
-563.666
-553.902
-539.066
-518.655
-492.229
-459.462
-420.209
-374.578
-323.052
-266.659
-207.309
-149.678
73.7899
99.6723
128.005
157.578
185.406
212.065
236.539
257.073
273.332
285.96
295.347
301.992
306.593
309.647
311.521
312.5
312.759
312.4
311.462
309.928
307.736
304.768
300.849
295.805
289.637
282.509
274.55
265.869
256.618
247.002
237.283
227.761
218.766
210.621
203.586
197.822
193.234
189.3
184.907
42.2071
14.6523
-16.8025
-50.0823
-82.4114
-116.134
-149.726
-182.151
-213.857
-244.304
-273.391
-301.345
-328.072
-353.668
-378.192
-401.606
-423.848
-444.8
-464.269
-482.02
-497.751
-511.122
-521.857
-529.686
-534.579
-536.618
-535.553
-530.918
-522.195
-508.888
-490.528
-466.699
-437.074
-401.49
-360.002
-313.002
-261.357
-206.709
-153.269
68.1212
92.8382
119.927
148.236
174.905
200.493
224.027
243.814
259.524
271.771
280.926
287.456
292.033
295.136
297.115
298.248
298.71
298.603
297.973
296.813
295.073
292.652
289.394
285.137
279.871
273.731
266.823
259.232
251.079
242.532
233.803
225.143
216.826
209.124
202.255
196.348
191.324
186.737
181.699
38.1493
11.8852
-18.0714
-49.7208
-80.4176
-112.395
-144.195
-174.834
-204.739
-233.4
-260.722
-286.928
-311.931
-335.822
-358.666
-380.428
-401.057
-420.448
-438.429
-454.789
-469.255
-481.522
-491.341
-498.488
-502.951
-504.827
-503.909
-499.779
-491.971
-480.032
-463.531
-442.076
-415.351
-383.178
-345.567
-302.823
-255.663
-205.472
-156.034
62.876
86.4789
112.376
139.472
165.029
189.588
212.217
231.282
246.46
258.337
267.261
273.674
278.218
281.355
283.421
284.686
285.323
285.433
285.069
284.234
282.886
280.942
278.263
274.7
270.233
264.973
259.006
252.397
245.243
237.676
229.867
222.023
214.365
207.12
200.467
194.506
189.168
184.075
178.535
34.437
9.40604
-19.1194
-49.2137
-78.3574
-108.675
-138.773
-167.721
-195.923
-222.898
-248.561
-273.124
-296.507
-318.803
-340.074
-360.293
-379.417
-397.353
-413.946
-429.007
-442.29
-453.522
-462.482
-468.981
-473.026
-474.728
-473.915
-470.214
-463.212
-452.497
-437.676
-418.387
-394.327
-365.309
-331.307
-292.546
-249.601
-203.622
-157.995
58.0282
80.5639
105.32
131.253
155.742
179.31
201.066
219.436
234.099
245.614
254.309
260.602
265.106
268.266
270.402
271.777
272.563
272.86
272.726
272.17
271.163
269.633
267.458
264.505
260.744
256.265
251.136
245.408
239.155
232.481
225.522
218.442
211.422
204.641
198.245
192.308
186.766
181.301
175.391
31.047
7.19534
-19.9631
-48.5739
-76.238
-104.978
-133.46
-160.805
-187.397
-212.782
-236.881
-259.899
-281.764
-302.564
-322.366
-341.144
-358.864
-375.443
-390.745
-404.595
-416.776
-427.041
-435.197
-441.087
-444.733
-446.256
-445.516
-442.184
-435.891
-426.27
-412.967
-395.647
-374.027
-347.915
-317.255
-282.202
-243.2
-201.187
-159.184
53.5517
75.0664
98.7271
123.545
147.008
169.623
190.539
208.236
222.399
233.561
242.03
248.2
252.657
255.827
258.019
259.487
260.398
260.855
260.918
260.602
259.887
258.715
256.981
254.561
251.421
247.63
243.246
238.304
232.86
226.996
220.816
214.449
208.036
201.72
195.614
189.768
184.123
178.408
172.244
27.9582
5.2334
-20.6179
-47.814
-74.0679
-101.307
-128.257
-154.082
-179.151
-203.033
-225.66
-247.226
-267.665
-287.067
-305.494
-322.928
-339.341
-354.658
-368.756
-381.482
-392.637
-402.004
-409.41
-414.731
-417.999
-419.344
-418.655
-415.641
-409.975
-401.333
-389.397
-373.864
-354.468
-331.022
-303.443
-271.824
-236.496
-198.204
-159.632
49.4226
69.9596
92.5705
116.318
138.794
160.493
180.597
197.644
211.322
222.139
230.385
236.428
240.831
244.002
246.236
247.779
248.796
249.388
249.618
249.508
249.045
248.182
246.828
244.872
242.276
239.092
235.364
231.12
226.4
221.265
215.794
210.087
204.251
198.395
192.603
186.906
181.244
175.387
169.077
25.1495
3.50264
-21.1
-46.9453
-71.857
-97.6683
-123.161
-147.545
-171.174
-193.64
-214.879
-235.079
-254.183
-272.274
-289.417
-305.597
-320.791
-334.934
-347.915
-359.597
-369.802
-378.336
-385.048
-389.84
-392.755
-393.928
-393.273
-390.535
-385.425
-377.658
-366.953
-353.037
-335.664
-314.652
-289.9
-261.448
-229.526
-194.71
-159.381
45.6182
65.2184
86.8229
109.541
131.069
151.885
171.207
187.626
200.832
211.311
219.336
225.25
229.593
232.755
235.019
236.622
237.726
238.432
238.803
238.867
238.619
238.02
236.995
235.443
233.32
230.667
227.517
223.889
219.813
215.331
210.504
205.404
200.111
194.704
189.243
183.742
178.138
172.235
165.87
22.6013
1.98554
-21.4239
-45.9797
-69.6129
-94.0647
-118.174
-141.194
-163.46
-184.587
-204.519
-223.436
-241.286
-258.152
-274.096
-289.106
-303.166
-316.218
-328.163
-338.877
-348.203
-355.967
-362.038
-366.341
-368.929
-369.94
-369.308
-366.811
-362.196
-355.213
-345.615
-333.158
-317.619
-298.821
-276.651
-251.106
-222.332
-190.752
-158.475
42.1167
60.8191
81.458
103.188
123.805
143.77
162.337
178.146
190.895
201.044
208.849
214.632
218.909
222.053
224.334
225.985
227.16
227.958
228.448
228.66
228.594
228.221
227.477
226.273
224.562
222.372
219.727
216.642
213.136
209.237
204.989
200.444
195.658
190.687
185.567
180.298
174.816
168.947
162.609
20.2949
0.665569
-21.603
-44.9282
-67.3428
-90.5014
-113.297
-135.023
-156
-175.863
-194.564
-212.275
-228.949
-244.668
-259.492
-273.413
-286.419
-298.458
-309.442
-319.262
-327.776
-334.83
-340.312
-344.167
-346.454
-347.315
-346.699
-344.414
-340.24
-333.958
-325.355
-314.213
-300.33
-283.54
-263.721
-240.834
-214.952
-186.376
-156.961
38.8972
56.7394
76.4516
97.2328
116.973
136.118
153.955
169.175
181.478
191.304
198.89
204.54
208.745
211.864
214.153
215.838
217.068
217.943
218.531
218.865
218.953
218.771
218.268
217.363
216.008
214.219
212.016
209.406
206.401
203.02
199.292
195.252
190.938
186.384
181.609
176.6
171.29
165.524
159.282
18.2126
-0.47296
-21.6512
-43.8015
-65.0548
-86.9834
-108.531
-129.03
-148.787
-167.457
-184.999
-201.576
-217.149
-231.795
-245.573
-258.48
-270.505
-281.605
-291.701
-300.695
-308.46
-314.863
-319.805
-323.249
-325.262
-325.985
-325.381
-323.285
-319.505
-313.853
-306.143
-296.183
-283.794
-268.818
-251.129
-230.663
-207.432
-181.63
-154.891
35.9405
52.958
71.7811
91.6504
110.546
128.902
146.033
160.682
172.552
182.06
189.43
194.944
199.072
202.157
204.445
206.152
207.426
208.362
209.029
209.464
209.68
209.659
209.36
208.71
207.662
206.221
204.4
202.204
199.639
196.716
193.453
189.87
185.991
181.834
177.402
172.673
167.576
161.969
155.882
16.3377
-1.44488
-21.5806
-42.6095
-62.7563
-83.5142
-103.876
-123.213
-141.815
-159.36
-175.81
-191.322
-205.861
-219.504
-232.306
-244.269
-255.384
-265.614
-274.889
-283.121
-290.198
-296.002
-300.452
-303.523
-305.288
-305.886
-305.293
-303.365
-299.939
-294.851
-287.942
-279.045
-267.998
-254.656
-238.893
-220.623
-199.812
-176.564
-152.316
33.2281
49.4551
67.4243
86.4171
104.501
122.095
138.544
152.639
164.086
173.284
180.438
185.814
189.861
192.906
195.183
196.903
198.207
199.19
199.921
200.439
200.76
200.873
200.746
200.314
199.528
198.385
196.895
195.059
192.879
190.359
187.508
184.338
180.859
177.076
172.982
168.544
163.69
158.287
152.401
14.6545
-2.26424
-21.4032
-41.3614
-60.4538
-80.0977
-99.3345
-117.569
-135.079
-151.561
-166.982
-181.495
-195.065
-207.769
-219.662
-230.746
-241.017
-250.441
-258.957
-266.488
-272.934
-278.191
-282.192
-284.925
-286.466
-286.953
-286.371
-284.595
-281.487
-276.906
-270.715
-262.77
-252.928
-241.055
-227.026
-210.742
-192.132
-171.227
-149.29
30.7424
46.2115
63.3607
81.5116
98.8132
115.672
131.463
145.019
156.055
164.947
171.888
177.124
181.085
184.083
186.342
188.065
189.389
190.407
191.188
191.772
192.178
192.403
192.419
192.171
191.607
190.72
189.514
187.99
186.144
183.978
181.494
178.694
175.58
172.148
168.381
164.241
159.651
154.486
148.839
13.1479
-2.94414
-21.1301
-40.0665
-58.1542
-76.7379
-94.9051
-112.095
-128.573
-144.052
-158.504
-172.077
-184.74
-196.567
-207.612
-217.878
-227.366
-236.045
-243.861
-250.747
-256.615
-261.374
-264.966
-267.395
-268.736
-269.124
-268.553
-266.916
-264.094
-259.969
-254.422
-247.33
-238.566
-228.01
-215.539
-201.045
-184.429
-165.668
-145.867
28.4668
43.2094
59.5716
76.9123
93.4608
109.611
124.763
137.798
148.433
157.025
163.753
168.847
172.718
175.664
177.898
179.616
180.951
181.993
182.81
183.446
183.921
184.236
184.37
184.276
183.902
183.232
182.27
181.013
179.458
177.601
175.44
172.972
170.191
167.086
163.634
159.789
155.477
150.576
145.195
11.8038
-3.49721
-20.7719
-38.7329
-55.8631
-73.4379
-90.5894
-106.79
-122.29
-136.822
-150.364
-163.053
-174.866
-185.873
-196.127
-205.635
-214.396
-222.386
-229.558
-235.852
-241.191
-245.495
-248.719
-250.873
-252.036
-252.339
-251.78
-250.271
-247.707
-243.991
-239.022
-232.692
-224.893
-215.513
-204.438
-191.554
-176.741
-159.932
-142.098
26.3863
40.4319
56.038
72.6
88.4234
103.889
118.424
130.952
141.195
149.492
156.009
160.961
164.738
167.626
169.829
171.534
172.87
173.927
174.771
175.446
175.974
176.362
176.594
176.628
176.411
175.926
175.171
174.145
172.841
171.253
169.377
167.204
164.725
161.923
158.77
155.217
151.189
146.567
141.473
10.6089
-3.93488
-20.3388
-37.3684
-53.586
-70.2011
-86.3879
-101.65
-116.226
-129.865
-142.548
-154.408
-165.425
-175.666
-185.184
-193.985
-202.073
-209.428
-216.007
-221.757
-226.612
-230.504
-233.395
-235.303
-236.309
-236.537
-235.993
-234.6
-232.271
-228.923
-224.471
-218.823
-211.885
-203.556
-193.729
-182.288
-169.1
-154.065
-138.034
24.4856
37.8632
52.7434
68.5561
83.6808
98.4856
112.423
124.458
134.32
142.326
148.634
153.441
157.121
159.947
162.113
163.799
165.131
166.193
167.054
167.757
168.326
168.771
169.081
169.22
169.136
168.805
168.227
167.397
166.309
164.956
163.329
161.42
159.214
156.691
153.819
150.55
146.806
142.473
137.678
9.55087
-4.26837
-19.8395
-35.9802
-51.3285
-67.0302
-82.3009
-96.6736
-110.375
-123.171
-135.047
-146.128
-156.399
-165.924
-174.756
-182.902
-190.366
-197.134
-203.167
-208.42
-212.834
-216.35
-218.941
-220.63
-221.497
-221.663
-221.135
-219.849
-217.733
-214.716
-210.727
-205.688
-199.518
-192.126
-183.412
-173.262
-161.534
-148.106
-133.726
22.7515
35.4883
49.6713
64.7635
79.2149
93.3814
106.74
118.297
127.785
135.507
141.606
146.268
149.849
152.608
154.732
156.393
157.713
158.775
159.644
160.365
160.964
161.452
161.825
162.05
162.074
161.874
161.444
160.781
159.879
158.729
157.321
155.645
153.684
151.417
148.81
145.813
142.35
138.309
133.819
8.61796
-4.50791
-19.2829
-34.5753
-49.0949
-63.9274
-78.3282
-91.8576
-104.733
-116.733
-127.847
-138.197
-147.769
-156.627
-164.819
-172.356
-179.244
-185.47
-191.001
-195.798
-199.81
-202.988
-205.308
-206.802
-207.547
-207.659
-207.15
-205.964
-204.041
-201.322
-197.748
-193.253
-187.767
-181.209
-173.487
-164.489
-154.071
-142.095
-129.218
21.171
33.2929
46.8064
61.2055
75.0078
88.5581
101.356
112.448
121.572
129.013
134.905
139.422
142.901
145.59
147.667
149.298
150.601
151.655
152.526
153.258
153.877
154.398
154.819
155.112
155.226
155.133
154.828
154.307
153.563
152.588
151.372
149.903
148.162
146.129
143.768
141.03
137.839
134.088
129.903
7.79916
-4.66311
-18.6771
-33.1597
-46.8897
-60.8951
-74.4691
-87.1995
-99.2924
-110.541
-120.94
-130.603
-139.52
-147.753
-155.35
-162.322
-168.676
-174.402
-179.473
-183.853
-187.499
-190.369
-192.448
-193.768
-194.407
-194.475
-193.985
-192.892
-191.145
-188.695
-185.492
-181.483
-176.605
-170.789
-163.949
-155.978
-146.733
-136.065
-124.554
19.7317
31.264
44.1346
57.8667
71.0435
83.9985
96.2522
106.893
115.66
122.826
128.514
132.884
136.259
138.876
140.902
142.499
143.78
144.822
145.688
146.423
147.055
147.598
148.055
148.402
148.588
148.584
148.383
147.981
147.373
146.55
145.501
144.213
142.671
140.85
138.716
136.222
133.294
129.825
125.943
7.08426
-4.74297
-18.0295
-31.739
-44.7164
-57.9351
-70.7239
-82.6964
-94.0491
-104.589
-114.313
-123.331
-131.635
-139.285
-146.328
-152.775
-158.635
-163.9
-168.547
-172.546
-175.86
-178.452
-180.313
-181.479
-182.026
-182.058
-181.59
-180.584
-178.996
-176.788
-173.919
-170.343
-166.007
-160.85
-154.793
-147.737
-139.539
-130.047
-119.774
18.4225
29.3891
41.6422
54.7327
67.3063
79.686
91.4127
101.614
110.033
116.927
122.413
126.638
129.907
132.449
134.422
135.981
137.236
138.26
139.117
139.85
140.486
141.044
141.528
141.916
142.16
142.228
142.113
141.812
141.319
140.626
139.722
138.595
137.229
135.601
133.677
131.411
128.732
125.537
121.95
6.46372
-4.75601
-17.3472
-30.3187
-42.5791
-55.0487
-67.0914
-78.3457
-88.9978
-98.8682
-107.956
-116.368
-124.098
-131.203
-137.729
-143.688
-149.091
-153.931
-158.19
-161.841
-164.852
-167.193
-168.861
-169.891
-170.358
-170.361
-169.915
-168.99
-167.548
-165.559
-162.988
-159.798
-155.945
-151.373
-146.012
-139.768
-132.505
-124.069
-114.913
17.2325
27.6566
39.3167
51.7897
63.7815
75.6057
86.8213
96.5949
104.673
111.301
116.587
120.667
123.83
126.294
128.211
129.729
130.954
131.958
132.801
133.527
134.163
134.728
135.229
135.648
135.937
136.064
136.02
135.803
135.408
134.827
134.049
133.064
131.855
130.4
128.669
126.616
124.172
121.239
117.936
5.92849
-4.70997
-16.6366
-28.904
-40.4809
-52.2375
-63.5713
-74.144
-84.1327
-93.3705
-101.86
-109.701
-116.892
-123.488
-129.533
-135.04
-140.019
-144.468
-148.369
-151.702
-154.438
-156.553
-158.047
-158.957
-159.357
-159.337
-158.915
-158.064
-156.756
-154.964
-152.662
-149.817
-146.392
-142.34
-137.597
-132.075
-125.644
-118.154
-110.006
16.152
26.0557
37.1465
49.0253
60.456
71.7429
82.4624
91.8203
99.5639
105.932
111.021
114.956
118.012
120.397
122.256
123.732
124.924
125.904
126.73
127.444
128.075
128.642
129.154
129.595
129.919
130.092
130.106
129.959
129.647
129.162
128.494
127.633
126.564
125.266
123.71
121.853
119.629
116.944
113.912
5.47016
-4.61231
-15.9038
-27.4992
-38.4246
-49.5026
-60.1624
-70.0882
-79.4485
-88.0884
-96.0128
-103.318
-110.004
-116.124
-121.719
-126.805
-131.393
-135.48
-139.053
-142.095
-144.582
-146.494
-147.833
-148.637
-148.978
-148.941
-148.543
-147.764
-146.578
-144.965
-142.903
-140.366
-137.323
-133.733
-129.537
-124.656
-118.966
-112.321
-105.079
15.1716
24.5763
35.1205
46.4276
57.3169
68.0845
78.3223
87.2755
94.6912
100.803
105.7
109.492
112.441
114.746
116.545
117.976
119.134
120.087
120.893
121.593
122.215
122.779
123.296
123.752
124.101
124.311
124.372
124.284
124.041
123.638
123.065
122.314
121.369
120.212
118.816
117.139
115.12
112.668
109.893
5.08093
-4.47
-15.1546
-26.1087
-36.4132
-46.8449
-56.8638
-66.1757
-74.9401
-83.0143
-90.4054
-97.2059
-103.417
-109.091
-114.268
-118.963
-123.187
-126.94
-130.213
-132.989
-135.249
-136.977
-138.178
-138.89
-139.182
-139.132
-138.759
-138.046
-136.972
-135.52
-133.675
-131.414
-128.711
-125.53
-121.82
-117.508
-112.477
-106.588
-100.16
14.2824
23.2087
33.2287
43.9855
54.3529
64.6184
74.3882
82.9472
90.0399
95.9022
100.611
104.261
107.103
109.327
111.066
112.45
113.572
114.498
115.281
115.964
116.575
117.132
117.649
118.113
118.481
118.719
118.818
118.778
118.594
118.261
117.772
117.116
116.281
115.251
113.999
112.487
110.657
108.424
105.889
4.75367
-4.28917
-14.394
-24.7363
-34.449
-44.2655
-53.6745
-62.4033
-70.6021
-78.1407
-85.0277
-91.3516
-97.1171
-102.374
-107.16
-111.49
-115.377
-118.822
-121.818
-124.351
-126.405
-127.967
-129.046
-129.678
-129.927
-129.87
-129.522
-128.871
-127.9
-126.596
-124.945
-122.931
-120.531
-117.714
-114.435
-110.627
-106.182
-100.968
-95.2695
13.4766
21.9442
31.4611
41.688
51.5519
61.332
70.647
78.8225
85.5964
91.2153
95.7404
99.2504
101.986
104.129
105.807
107.144
108.229
109.125
109.885
110.549
111.146
111.693
112.207
112.675
113.055
113.314
113.443
113.443
113.309
113.036
112.618
112.047
111.31
110.393
109.271
107.91
106.255
104.224
101.914
4.4818
-4.07525
-13.6267
-23.3849
-32.5332
-41.7637
-50.5923
-58.7673
-66.4287
-73.4603
-79.8701
-85.7438
-91.0904
-95.9565
-100.376
-104.365
-107.939
-111.099
-113.84
-116.15
-118.018
-119.432
-120.401
-120.962
-121.177
-121.115
-120.794
-120.201
-119.325
-118.154
-116.679
-114.886
-112.757
-110.265
-107.369
-104.008
-100.084
-95.4715
-90.4265
12.7469
20.7747
29.8087
39.5251
48.9029
58.2128
67.0846
74.8873
81.3473
86.7319
91.0794
94.4502
97.0781
99.1408
100.758
102.047
103.094
103.96
104.696
105.34
105.92
106.457
106.963
107.431
107.819
108.093
108.247
108.279
108.187
107.966
107.61
107.112
106.463
105.647
104.644
103.419
101.924
100.08
97.9789
4.25842
-3.83429
-12.8578
-22.0585
-30.669
-39.3402
-47.6157
-55.2639
-62.4133
-68.9645
-74.9212
-80.3698
-85.3242
-89.8237
-93.899
-97.5689
-100.851
-103.747
-106.253
-108.359
-110.056
-111.336
-112.208
-112.709
-112.895
-112.833
-112.538
-112.001
-111.212
-110.163
-108.847
-107.253
-105.366
-103.162
-100.607
-97.6438
-94.1825
-90.1073
-85.6466
12.0857
19.6927
28.2647
37.4889
46.3979
55.2516
63.6901
71.1286
77.2759
82.4397
86.6177
89.8493
92.3696
94.3522
95.9083
97.1499
98.1591
98.9942
99.705
100.328
100.892
101.415
101.912
102.376
102.768
103.054
103.226
103.285
103.229
103.052
102.751
102.318
101.746
101.021
100.124
99.0243
97.6752
96.003
94.0955
4.07681
-3.57431
-12.0949
-20.765
-28.862
-37.0009
-44.748
-51.8932
-58.5524
-64.649
-70.1691
-75.2128
-79.8016
-83.9587
-87.7095
-91.0799
-94.0897
-96.7413
-99.0297
-100.949
-102.491
-103.65
-104.436
-104.884
-105.048
-104.987
-104.718
-104.234
-103.526
-102.59
-101.418
-100.004
-98.3328
-96.3871
-94.1345
-91.5256
-88.4766
-84.8806
-80.9427
11.4863
18.6922
26.8231
35.5756
44.0345
52.4473
60.4629
67.5417
73.3606
78.3176
82.3385
85.433
87.8463
89.7509
91.2482
92.4431
93.4146
94.2191
94.9045
95.5069
96.0522
96.5607
97.0475
97.5064
97.8992
98.1929
98.3802
98.4614
98.4347
98.2966
98.0429
97.6681
97.1645
96.521
95.7198
94.733
93.5173
92.0029
90.2738
3.93195
-3.2991
-11.3415
-19.507
-27.1158
-34.749
-41.9919
-48.6579
-54.8479
-60.516
-65.6058
-70.257
-74.5046
-78.3411
-81.7847
-84.8728
-87.6295
-90.0546
-92.1427
-93.8906
-95.2918
-96.3428
-97.0539
-97.4568
-97.6023
-97.5464
-97.3046
-96.8709
-96.239
-95.4053
-94.3653
-93.1128
-91.637
-89.9221
-87.9401
-85.6463
-82.9645
-79.7963
-76.3263
10.9429
17.7657
25.4765
33.7759
41.8038
49.7916
57.4015
64.1278
69.5941
74.3546
78.229
81.1876
83.4952
85.3244
86.7648
87.9141
88.8488
89.6236
90.2843
90.8658
91.3934
91.8873
92.363
92.8152
93.2067
93.5063
93.7056
93.8055
93.8048
93.7006
93.4893
93.1657
92.7237
92.1534
91.4388
90.5543
89.4601
88.09
86.525
3.82438
-3.00389
-10.5879
-18.2716
-25.4153
-32.5665
-39.3323
-45.545
-51.2911
-56.5501
-61.2265
-65.516
-69.448
-72.9744
-76.1193
-78.9384
-81.4561
-83.6674
-85.5674
-87.1562
-88.4286
-89.3824
-90.0271
-90.392
-90.5241
-90.4756
-90.2612
-89.8762
-89.3155
-88.5771
-87.6578
-86.5523
-85.253
-83.7455
-82.0055
-79.9936
-77.64
-74.8544
-71.8027
10.4525
16.9069
24.2082
32.0658
39.6738
47.244
54.4637
60.8517
66.0002
70.5891
74.31
77.1208
79.3206
81.0746
82.4569
83.5593
84.4567
85.2014
85.8375
86.3982
86.9081
87.3872
87.8516
88.2965
88.6857
88.9892
89.1984
89.3147
89.3368
89.2627
89.089
88.8115
88.4252
87.9208
87.2846
86.4932
85.5096
84.2712
82.8563
3.75185
-2.68962
-9.83024
-17.0513
-23.7468
-30.4336
-36.7401
-42.5235
-47.8486
-52.7148
-56.9915
-60.9934
-64.6567
-67.8689
-70.7102
-73.2713
-75.5642
-77.5719
-79.2925
-80.7308
-81.8838
-82.7482
-83.3331
-83.6661
-83.7893
-83.751
-83.5651
-83.2275
-82.7342
-82.0853
-81.277
-80.3053
-79.1656
-77.8453
-76.3221
-74.5619
-72.5019
-70.0594
-67.3841
10.0121
16.1101
23.0107
30.4305
37.6203
44.7662
51.5963
57.6326
62.5348
67.0426
70.6019
73.2335
75.3204
77.0034
78.3285
79.383
80.2426
80.9574
81.569
82.1087
82.6008
83.0648
83.5171
83.9535
84.3398
84.6456
84.8632
84.9936
85.0361
84.9889
84.849
84.6133
84.2771
83.8324
83.2671
82.5598
81.6767
80.5591
79.2821
3.7015
-2.43699
-9.23293
-16.0617
-22.3556
-28.5927
-34.3939
-39.6546
-44.3883
-48.7192
-52.252
-56.1818
-59.896
-62.9866
-65.6902
-68.1683
-70.4003
-72.3472
-74.0119
-75.4055
-76.5253
-77.3672
-77.9394
-78.2678
-78.3968
-78.3742
-78.2157
-77.9151
-77.4737
-76.8935
-76.1542
-75.2734
-74.2447
-73.0544
-71.6819
-70.0967
-68.242
-66.0423
-63.6348
9.6772
15.4887
22.0758
29.1048
35.89
42.5577
48.8337
54.2026
58.5367
63.4569
67.1025
69.6688
71.7442
73.4463
74.7804
75.8357
76.6952
77.4115
78.0241
78.5648
79.0584
79.5249
79.9809
80.4233
80.8183
81.1342
81.3634
81.5077
81.5669
81.5393
81.423
81.2155
80.9122
80.5072
79.9887
79.3367
78.5205
77.4832
76.2985
3.66599
-2.22277
-8.72427
-15.2086
-21.1272
-26.9145
-32.188
-36.8616
-40.8963
-44.573
-47.1241
-51.1879
-55.1684
-58.2704
-60.9497
-63.4595
-65.7387
-67.7213
-69.4143
-70.8341
-71.979
-72.8439
-73.4383
-73.7868
-73.937
-73.9375
-73.8075
-73.5376
-73.1373
-72.6112
-71.9107
-71.0891
-70.1372
-69.0362
-67.767
-66.3034
-64.5933
-62.5641
-60.3442
9.40568
14.9782
21.2848
27.9484
34.3241
40.4604
46.0763
50.6548
54.2778
59.8478
63.7615
66.3524
68.4798
70.2568
71.6458
72.7361
73.6225
74.3612
74.9926
75.5496
76.0579
76.5392
77.0107
77.47
77.8825
78.2145
78.4586
78.6176
78.6916
78.6795
78.5802
78.3912
78.1096
77.73
77.2418
76.6261
75.8534
74.868
73.7437
3.64004
-1.99647
-8.20073
-14.3383
-19.8825
-25.2217
-29.9805
-34.0815
-37.4577
-40.4981
-42.1366
-46.2541
-50.4454
-53.5447
-56.1766
-58.6909
-60.9997
-63.0069
-64.7191
-66.1588
-67.326
-68.2127
-68.8292
-69.198
-69.37
-69.3952
-69.2963
-69.0607
-68.7053
-68.2385
-67.5821
-66.8241
-65.9545
-64.9467
-63.7829
-62.442
-60.8766
-59.0185
-57.0005
9.13995
14.4721
20.4941
26.7906
32.7625
38.3656
43.3454
47.1815
50.1057
56.1901
60.3827
63.0018
65.1592
66.9983
68.4399
69.564
70.475
71.2341
71.8833
72.4557
72.978
73.4733
73.9603
74.4366
74.8664
75.2147
75.4748
75.6494
75.7391
75.7439
75.6624
75.4932
75.2344
74.881
74.4235
73.8446
73.1158
72.1829
71.1199
3.62201
-1.76217
-7.66848
-13.4612
-18.6343
-23.5309
-27.791
-31.3335
-34.0957
-36.4931
-37.3229
-41.4019
-45.7228
-48.8102
-51.3832
-53.8758
-56.1936
-58.2133
-59.9361
-61.3891
-62.5738
-63.4809
-64.1186
-64.5082
-64.7023
-64.7515
-64.6823
-64.4782
-64.1649
-63.7524
-63.1358
-62.4359
-61.643
-60.7232
-59.6607
-58.4389
-57.0144
-55.3176
-53.4606
8.88065
13.9737
19.7096
25.6413
31.2174
36.286
40.6613
43.7809
46.0483
52.4883
56.9552
59.6232
61.7967
63.682
65.1703
66.3274
67.2622
68.041
68.707
69.294
69.8298
70.3384
70.8401
71.3332
71.7806
72.1457
72.4222
72.613
72.7195
72.7421
72.6799
72.5324
72.2984
71.9733
71.5483
71.0077
70.3238
69.4443
68.4421
3.61198
-1.52222
-7.13266
-12.5855
-17.3945
-21.8575
-25.6373
-28.6361
-30.8287
-32.5681
-32.7024
-36.6532
-41.0084
-44.0638
-46.5693
-49.0177
-51.3225
-53.3419
-55.0672
-56.5273
-57.725
-58.6512
-59.3108
-59.727
-59.9521
-60.0372
-60.0119
-59.8558
-59.6026
-59.2624
-58.7066
-58.0827
-57.3805
-56.5603
-55.6064
-54.5062
-53.224
-51.7042
-50.0927
8.63035
13.4871
18.9378
24.5104
29.7008
34.2333
38.0376
40.4409
42.1003
48.7483
53.4658
56.2073
58.3981
60.32
61.8474
63.0315
63.9857
64.7828
65.4664
66.0695
66.6202
67.1434
67.6603
68.1713
68.6377
69.0219
69.3167
69.5257
69.6508
69.6923
69.6501
69.5247
69.3152
69.0185
68.627
68.1255
67.4883
66.6644
65.7261
3.609
-1.28067
-6.60187
-11.7228
-16.1784
-20.2205
-23.5418
-26.0147
-27.6798
-28.7404
-28.2863
-32.0212
-36.309
-39.3035
-41.7332
-44.1179
-46.3874
-48.3923
-50.1126
-51.5755
-52.784
-53.7268
-54.4036
-54.8355
-55.0729
-55.1712
-55.1635
-55.027
-54.802
-54.4992
-53.9729
-53.3963
-52.7596
-52.0194
-51.1617
-50.1766
-49.024
-47.6285
-46.0521
8.39223
13.0191
18.1877
23.4117
28.2247
32.2198
35.4855
37.1502
38.2379
44.9746
49.9063
52.7347
54.9504
56.9144
58.4885
59.7018
60.6694
61.4748
62.1682
62.7832
63.3473
63.8851
64.4187
64.9486
65.4357
65.842
66.1594
66.3923
66.5429
66.611
66.5968
66.5007
66.3218
66.0571
65.7007
65.2382
64.6456
63.8716
62.9817
3.61176
-1.04594
-6.09103
-10.8938
-15.0082
-18.6444
-21.5264
-23.4902
-24.6618
-25.0214
-24.0791
-27.5136
-31.6327
-34.5299
-36.8705
-39.1723
-41.3853
-43.359
-45.064
-46.5247
-47.7468
-48.7192
-49.4439
-49.9419
-50.2582
-50.4407
-50.5243
-50.4851
-50.3693
-50.1864
-49.7674
-49.3041
-48.7869
-48.1661
-47.4279
-46.5694
-45.5757
-44.4275
-43.3306
8.17256
12.5814
17.4765
22.3662
26.8006
30.2459
32.9922
33.8708
34.404
41.1625
46.2892
49.2045
51.4285
53.4195
55.051
56.323
57.3329
58.1613
58.8651
59.4853
60.0545
60.6001
61.1459
61.6919
62.1972
62.6212
62.9561
63.207
63.3772
63.468
63.4811
63.4175
63.2775
63.0582
62.7533
62.3492
61.8237
61.1345
60.3657
3.61752
-0.828474
-5.61952
-10.125
-13.914
-17.1594
-19.6118
-21.071
-21.7712
-21.416
-20.0755
-23.1317
-26.9865
-29.7417
-31.9719
-34.1707
-36.3077
-38.2366
-39.9155
-41.3588
-42.566
-43.5188
-44.2086
-44.6472
-44.8918
-45.0119
-45.0431
-44.9581
-44.8043
-44.5873
-44.1439
-43.6838
-43.1973
-42.635
-41.9825
-41.2307
-40.3258
-39.1489
-37.6204
7.97541
12.1832
16.8206
21.3964
25.4408
28.3182
30.552
30.5601
30.5031
37.2575
42.619
45.68
47.9224
49.8838
51.4925
52.7739
53.8271
54.7172
55.4813
56.1493
56.7531
57.3248
57.8942
58.4679
59.009
59.4732
59.8476
60.1348
60.3358
60.4509
60.4818
60.43
60.298
60.0865
59.7931
59.4066
58.901
58.206
57.3416
3.62391
-0.628636
-5.18855
-9.42479
-12.9141
-15.7974
-17.8344
-18.8012
-19.0546
-17.9701
-16.2718
-18.8704
-22.3769
-24.9395
-27.0286
-29.094
-31.1247
-32.9955
-34.6685
-36.1542
-37.4516
-38.5497
-39.4502
-40.1669
-40.7072
-41.0943
-41.3782
-41.5416
-41.6539
-41.7154
-41.5104
-41.2624
-40.9697
-40.5769
-40.0754
-39.4812
-38.8335
-38.2107
-38.0068
7.79451
11.8156
16.2155
20.5083
24.1657
26.5128
28.2679
27.2363
26.4503
33.1291
38.7352
42.0692
44.5278
46.611
48.2121
49.3823
50.2923
51.0732
51.7851
52.4486
53.0763
53.6845
54.2933
54.9037
55.4789
55.9846
56.417
56.7812
57.0779
57.3069
57.4667
57.5551
57.5683
57.5006
57.3449
57.0937
56.75
56.3328
56.0374
3.63246
-0.440006
-4.78777
-8.78309
-12.0111
-14.5873
-16.2602
-16.8101
-16.6689
-14.7864
-12.6713
-14.7425
-17.8141
-20.1181
-22.0423
-23.9548
-25.8218
-27.5248
-29.0279
-30.3348
-31.4303
-32.2725
-32.8226
-33.0813
-33.1688
-33.21
-33.2143
-33.1291
-32.9833
-32.7758
-32.381
-32.0156
-31.6647
-31.2791
-30.8395
-30.3173
-29.5931
-28.416
-26.3725
7.62821
11.4764
15.6615
19.7065
23.0092
24.9595
26.2747
23.8988
22.2405
28.7641
34.3931
37.8155
40.5157
43.0189
45.107
46.6652
47.7669
48.5443
49.1317
49.6311
50.109
50.6087
51.1595
51.751
52.3108
52.7726
53.122
53.3666
53.5163
53.5793
53.5643
53.4824
53.3456
53.1631
52.9347
52.6358
52.1836
51.3692
49.9364
3.64454
-0.306963
-4.49854
-8.296
-11.2971
-13.5955
-14.9223
-15.1141
-14.5493
-11.7386
-9.21222
-10.7982
-13.3377
-15.2517
-16.9476
-18.7564
-20.638
-22.4809
-24.2431
-25.925
-27.5326
-29.079
-30.5689
-31.9598
-33.0848
-33.8903
-34.5358
-35.0637
-35.6132
-36.1616
-36.3285
-36.3467
-36.3247
-36.2259
-36.0289
-35.7812
-35.6582
-35.9732
-37.5444
7.52727
11.2598
15.282
19.0998
22.0399
23.6172
24.1975
20.0796
17.7924
24.5571
30.2295
33.3709
35.5398
37.4989
39.3644
41.1648
42.8853
44.4437
45.7719
46.8584
47.7379
48.4675
49.1302
49.8429
50.6852
51.5861
52.4468
53.2359
53.9448
54.568
55.0935
55.5043
55.7877
55.9371
55.9642
55.9159
55.9403
56.366
57.8439
3.64415
-0.356397
-4.55089
-8.25354
-11.0511
-12.9945
-13.796
-13.3864
-11.9844
-8.1424
-5.63065
-6.99607
-9.08153
-10.4927
-11.5878
-12.6541
-13.7081
-14.7017
-15.6044
-16.3851
-16.9706
-17.244
-17.1203
-16.6514
-16.2193
-16.0258
-15.9308
-15.7428
-15.4121
-15.1741
-14.7722
-14.4241
-14.174
-13.9467
-13.7009
-13.3849
-12.7267
-11.2353
-7.81361
7.58038
11.3418
15.32
18.9302
21.3916
22.2196
21.0611
14.8863
12.5331
20.3569
27.3686
31.9268
34.8034
36.3273
36.656
36.2431
35.5787
35.059
34.8517
34.9731
35.3748
36.0061
36.7728
37.4375
37.739
37.7822
37.7696
37.7322
37.6638
37.5629
37.4517
37.3599
37.3088
37.3047
37.319
37.2437
36.7595
35.2172
31.559
3.6054
-0.58215
-4.92329
-8.6522
-11.303
-12.8602
-13.0105
-11.7341
-9.05742
-4.21881
-1.79754
-2.90184
-4.83599
-6.64717
-8.46974
-10.3711
-12.369
-14.4744
-16.7173
-19.1522
-21.8536
-24.8598
-28.0305
-31.0059
-33.146
-34.4491
-35.7323
-36.751
-38.4547
-40.9364
-40.2155
-40.3405
-41.0988
-41.6569
-41.9239
-42.1819
-42.8823
-44.6667
-48.7597
7.71872
11.6158
15.6575
19.1288
21.11
20.9345
17.443
9.43386
5.70984
12.678
20.433
28.1286
35.6325
42.7611
48.8248
53.4756
56.8189
58.9608
60.1844
60.8068
61.1053
61.3048
61.7346
62.92
65.0616
67.3902
69.3101
70.8938
72.2712
73.4662
74.4375
75.1639
75.6583
75.9614
76.1697
76.4795
77.3868
79.644
84.4751
690.75
677.892
661.812
643.032
620.668
594.574
564.939
532.31
497.703
462.361
427.324
393.192
360.195
328.374
297.724
268.246
239.948
212.835
186.91
162.163
138.575
116.123
94.78
74.518
55.3088
37.1267
19.9487
3.7505
-11.4882
-25.791
-39.173
-51.6414
-63.2034
-73.8595
-83.6097
-92.4561
-100.4
-107.448
-113.608
-118.893
-123.319
-126.909
-129.692
-131.698
-132.963
-133.53
-133.443
-132.747
-131.494
-129.732
-127.515
-124.893
-121.916
-118.634
-115.093
-111.337
-107.408
-103.343
-99.1781
-94.9437
-90.6679
-86.375
-82.0864
-77.82
-73.5933
-69.415
-65.3063
-61.7914
-58.6564
-55.4935
-52.0637
-48.9363
-44.8507
-42.6236
-36.4055
-38.0096
-24.783
-38.6963
-5.63638
-51.626
688.972
667.435
644.084
620.22
595.996
571.804
547.962
524.625
501.881
479.801
458.444
437.868
418.126
399.259
381.302
364.277
348.197
333.066
318.876
305.61
293.244
281.745
271.074
261.189
252.045
243.592
235.782
228.568
221.9
215.734
210.024
204.728
199.804
195.214
190.918
186.879
183.063
179.433
175.958
172.606
169.345
166.148
162.99
159.847
156.697
153.524
150.312
147.051
143.731
140.348
136.899
133.385
129.808
126.175
122.491
118.766
115.009
111.232
107.445
103.661
99.8896
96.1433
92.4332
88.7696
85.1647
81.6262
78.1726
75.2721
72.7728
70.2073
67.5863
64.9313
62.2242
59.725
56.5713
55.8065
48.6796
58.8906
29.0688
86.5167
283.33
280.681
278.916
277.317
275.432
273.24
270.574
267.155
262.716
257.098
250.248
242.172
232.906
222.522
211.124
198.827
185.759
172.048
157.824
143.213
128.341
113.328
98.2849
83.3141
68.5099
53.9527
39.7146
25.8612
12.4608
-0.428464
-12.7568
-24.4817
-35.5722
-45.9995
-55.7391
-64.7725
-73.0831
-80.6591
-87.4916
-93.5758
-98.9114
-103.504
-107.363
-110.502
-112.941
-114.707
-115.828
-116.336
-116.269
-115.668
-114.573
-113.029
-111.08
-108.77
-106.143
-103.241
-100.105
-96.7745
-93.2841
-89.6677
-85.9558
-82.1755
-78.3518
-74.5056
-70.658
-66.8212
-63.0173
-59.7431
-56.8074
-53.8497
-50.5961
-47.6674
-43.7247
-41.6876
-35.6125
-37.2994
-24.4486
-37.9132
-6.22216
-50.4934
284.859
286.28
289.664
292.67
295.065
296.802
297.826
298.122
297.695
296.568
294.766
292.318
289.266
285.652
281.532
276.965
272.011
266.736
261.212
255.508
249.69
243.823
237.966
232.174
226.492
220.959
215.606
210.456
205.522
200.813
196.33
192.068
188.02
184.173
180.512
177.02
173.677
170.465
167.362
164.349
161.403
158.506
155.637
152.778
149.912
147.025
144.103
141.136
138.113
135.03
131.883
128.67
125.393
122.055
118.66
115.216
111.73
108.212
104.673
101.122
97.5702
94.0298
90.5117
87.0266
83.5868
80.2
76.8866
74.0974
71.6907
69.2164
66.6826
64.1147
61.4864
59.0779
55.9864
55.3077
48.3133
58.2226
29.5964
84.4854
152.007
149.815
147.67
145.489
143.124
140.589
137.889
135.028
132.028
128.924
125.748
122.513
119.188
115.709
111.998
107.975
103.574
98.7396
93.429
87.6141
81.2829
74.44
67.1038
59.3097
51.1057
42.5513
33.7167
24.6755
15.5039
6.27769
-2.92636
-12.0303
-20.9622
-29.6523
-38.0357
-46.0548
-53.6573
-60.7976
-67.436
-73.5391
-79.0804
-84.0405
-88.4056
-92.167
-95.3246
-97.8837
-99.8546
-101.254
-102.102
-102.426
-102.255
-101.621
-100.559
-99.1073
-97.3018
-95.1809
-92.7822
-90.1419
-87.2951
-84.2751
-81.1131
-77.8377
-74.476
-71.051
-67.586
-64.0967
-60.6048
-57.58
-54.8517
-52.1019
-49.0404
-46.2998
-42.55
-40.6319
-34.8543
-36.388
-24.3043
-36.7748
-7.11941
-48.7279
153.58
155.018
156.703
158.335
160.167
162.181
164.351
166.649
169.039
171.482
173.932
176.343
178.67
180.865
182.887
184.691
186.242
187.506
188.458
189.08
189.361
189.297
188.896
188.17
187.139
185.83
184.273
182.5
180.546
178.444
176.227
173.925
171.562
169.162
166.741
164.313
161.886
159.464
157.05
154.642
152.234
149.821
147.395
144.947
142.469
139.952
137.387
134.767
132.086
129.338
126.52
123.632
120.673
117.647
114.555
111.406
108.204
104.959
101.679
98.3742
95.0555
91.7335
88.4199
85.1254
81.8625
78.6391
75.4769
72.809
70.5041
68.1302
65.6932
63.2217
60.6841
58.3636
55.3747
54.6934
48.0517
57.2469
30.4325
82.1486
153.974
152.696
151.316
149.814
148.059
145.947
143.397
140.341
136.749
132.648
128.119
123.274
118.209
112.979
107.609
102.109
96.4923
90.7671
84.9359
78.9968
72.9443
66.7689
60.4597
54.007
47.4035
40.6454
33.7362
26.684
19.5057
12.2234
4.86787
-2.522
-9.90367
-17.2291
-24.4464
-31.5033
-38.3467
-44.9255
-51.1909
-57.0976
-62.6055
-67.6801
-72.292
-76.4172
-80.0392
-83.1471
-85.736
-87.8079
-89.3694
-90.4337
-91.018
-91.1438
-90.8367
-90.1247
-89.0385
-87.6102
-85.8726
-83.8588
-81.6017
-79.133
-76.4835
-73.6821
-70.7567
-67.7315
-64.6315
-61.4751
-58.2837
-55.4986
-52.9649
-50.4082
-47.527
-44.9648
-41.3922
-39.6046
-34.0657
-35.5569
-23.9955
-35.9144
-7.49295
-47.582
155.035
156.019
156.897
157.675
158.384
158.993
159.516
159.963
160.342
160.663
160.936
161.172
161.381
161.569
161.744
161.908
162.064
162.208
162.334
162.434
162.495
162.505
162.449
162.31
162.075
161.73
161.264
160.67
159.943
159.082
158.09
156.973
155.738
154.396
152.956
151.43
149.827
148.156
146.424
144.636
142.796
140.904
138.96
136.962
134.907
132.791
130.61
128.359
126.035
123.635
121.157
118.599
115.962
113.248
110.46
107.604
104.684
101.709
98.6869
95.6269
92.5392
89.4343
86.3237
83.2183
80.1308
77.0695
74.057
71.5073
69.2996
67.0218
64.6786
62.2999
59.8505
57.6149
54.7173
54.0621
47.66
56.4742
30.6806
80.6556
135.613
134.37
133.114
131.896
130.645
129.29
127.782
126.067
124.084
121.783
119.139
116.157
112.862
109.276
105.404
101.245
96.7961
92.0659
87.0665
81.8144
76.3291
70.6315
64.7436
58.6878
52.4858
46.1581
39.7248
33.2045
26.617
19.9811
13.3167
6.64689
-0.00502328
-6.61261
-13.1459
-19.573
-25.8591
-31.9678
-37.861
-43.501
-48.8511
-53.8767
-58.5453
-62.8279
-66.7005
-70.1432
-73.1412
-75.6859
-77.7729
-79.4039
-80.586
-81.33
-81.6517
-81.5707
-81.1097
-80.2941
-79.1509
-77.7086
-75.9964
-74.0435
-71.8789
-69.5306
-67.0259
-64.3896
-61.6471
-58.819
-55.9259
-53.3785
-51.0385
-48.6741
-45.9738
-43.5919
-40.192
-38.5523
-33.216
-34.7442
-23.5575
-35.1788
-7.58562
-46.7322
136.583
137.406
138.261
139.132
139.995
140.84
141.664
142.457
143.21
143.914
144.56
145.141
145.651
146.084
146.437
146.708
146.899
147.011
147.047
147.012
146.911
146.75
146.534
146.268
145.954
145.595
145.191
144.741
144.242
143.69
143.081
142.411
141.676
140.872
139.995
139.045
138.02
136.921
135.746
134.497
133.173
131.776
130.303
128.755
127.13
125.426
123.64
121.77
119.815
117.772
115.64
113.419
111.11
108.713
106.232
103.672
101.038
98.3372
95.5764
92.765
89.9125
87.0294
84.1265
81.2151
78.3079
75.4135
72.5554
70.1269
68.0188
65.8396
63.5928
61.3092
58.9506
56.8012
53.9948
53.3824
47.1641
55.7546
30.6176
79.4334
107.911
106.776
105.618
104.506
103.387
102.226
100.992
99.6547
98.1801
96.5342
94.6942
92.6543
90.4262
88.0291
85.4744
82.7605
79.8741
76.7993
73.5223
70.0323
66.3214
62.3844
58.2195
53.8286
49.2182
44.3984
39.3835
34.191
28.842
23.3597
17.769
12.0977
6.37324
0.624803
-5.11723
-10.8222
-16.4583
-21.9934
-27.3942
-32.6274
-37.6601
-42.4598
-46.995
-51.2357
-55.1553
-58.7294
-61.9372
-64.7628
-67.1936
-69.2224
-70.847
-72.069
-72.8951
-73.3357
-73.4057
-73.1227
-72.5071
-71.5817
-70.3708
-68.8997
-67.1945
-65.2807
-63.1844
-60.9297
-58.5415
-56.0415
-53.4492
-51.1431
-49.0025
-46.8365
-44.3255
-42.1302
-38.913
-37.4258
-32.3048
-33.8681
-23.0766
-34.375
-7.66434
-45.7801
108.732
109.389
110.109
110.852
111.62
112.419
113.246
114.1
114.98
115.88
116.799
117.731
118.669
119.608
120.538
121.453
122.343
123.198
124.011
124.771
125.472
126.106
126.668
127.153
127.559
127.885
128.128
128.291
128.374
128.379
128.308
128.16
127.938
127.641
127.269
126.82
126.295
125.69
125.005
124.238
123.387
122.45
121.426
120.312
119.108
117.812
116.421
114.934
113.35
111.668
109.886
108.005
106.027
103.952
101.783
99.5242
97.181
94.7593
92.2663
89.7104
87.1007
84.4471
81.7604
79.0518
76.3339
73.6157
70.9209
68.6215
66.6204
64.547
62.404
60.2218
57.9618
55.9027
53.1995
52.622
46.616
54.9274
30.5343
78.0422
89.7287
88.7957
87.8258
86.875
85.91
84.9181
83.8866
82.7873
81.5894
80.2619
78.7753
77.1103
75.267
73.2624
71.1194
68.8553
66.4769
63.9812
61.3609
58.6091
55.7208
52.691
49.5138
46.1841
42.6976
39.0513
35.2438
31.276
27.1523
22.8794
18.4676
13.9313
9.28734
4.55605
-0.239
-5.07214
-9.91528
-14.7391
-19.5124
-24.2036
-28.7808
-33.2119
-37.4658
-41.5114
-45.3203
-48.8657
-52.1228
-55.0704
-57.6904
-59.9689
-61.8958
-63.4654
-64.6761
-65.5303
-66.0349
-66.2
-66.0391
-65.5687
-64.8075
-63.776
-62.4964
-60.9911
-59.2835
-57.3963
-55.3529
-53.1755
-50.8817
-48.8176
-46.8784
-44.9132
-42.5964
-40.5902
-37.5649
-36.2285
-31.3412
-32.923
-22.5658
-33.49
-7.7354
-44.7074
90.4311
91.0336
91.6822
92.3438
93.0287
93.7354
94.4634
95.2127
95.9831
96.774
97.5857
98.4172
99.2676
100.136
101.02
101.92
102.831
103.75
104.674
105.598
106.516
107.421
108.306
109.164
109.986
110.765
111.493
112.163
112.767
113.302
113.76
114.139
114.436
114.648
114.773
114.811
114.759
114.618
114.386
114.061
113.643
113.13
112.52
111.812
111.004
110.094
109.081
107.964
106.74
105.409
103.971
102.425
100.774
99.0169
97.1578
95.1999
93.1478
91.007
88.7841
86.4869
84.124
81.705
79.2402
76.7407
74.219
71.6839
69.1599
66.9964
65.1082
63.1466
61.1135
59.0387
56.8839
54.9185
52.3302
51.7762
46.0185
53.9843
30.437
76.5187
77.8239
77.0475
76.2292
75.4123
74.5772
73.7224
72.8512
71.9509
70.9977
69.9667
68.831
67.5622
66.1396
64.5592
62.8322
60.9748
59.0007
56.9162
54.7196
52.4053
49.9695
47.4101
44.7261
41.9168
38.9816
35.9208
32.7347
29.4243
25.9921
22.4407
18.7747
15.0005
11.1258
7.16082
3.11876
-0.985161
-5.13274
-9.30348
-13.4742
-17.6199
-21.714
-25.7289
-29.6361
-33.4067
-37.0127
-40.427
-43.6234
-46.5782
-49.2698
-51.68
-53.7933
-55.5981
-57.0865
-58.2542
-59.1012
-59.6307
-59.8499
-59.7689
-59.4006
-58.7604
-57.8658
-56.7357
-55.3901
-53.8496
-52.1351
-50.2688
-48.2655
-46.4391
-44.6991
-42.9324
-40.8105
-38.9921
-36.1631
-34.9751
-30.33
-31.9262
-22.0092
-32.5636
-7.74006
-43.6093
78.4342
78.9815
79.5641
80.1626
80.7845
81.4272
82.0908
82.775
83.4791
84.2026
84.9446
85.7042
86.4801
87.2712
88.0763
88.894
89.7226
90.5604
91.4059
92.2571
93.1119
93.9677
94.8215
95.6703
96.5103
97.3371
98.1456
98.9307
99.6863
100.406
101.084
101.712
102.285
102.796
103.24
103.61
103.903
104.113
104.237
104.272
104.214
104.06
103.808
103.456
103
102.439
101.771
100.994
100.106
99.1063
97.9939
96.7687
95.431
93.9821
92.424
90.7596
88.993
87.129
85.1735
83.1338
81.0177
78.8342
76.5933
74.3057
71.9836
69.636
67.2873
65.264
63.4923
61.6464
59.7274
57.7638
55.7192
53.8495
51.3846
50.8466
45.3571
52.9564
30.2598
74.9767
67.8335
67.1753
66.477
65.7712
65.0412
64.2871
63.5192
62.7392
61.9368
61.0946
60.1931
59.2104
58.1219
56.9084
55.5642
54.0966
52.5178
50.8383
49.0634
47.1914
45.2163
43.1324
40.936
38.6249
36.1975
33.6525
30.99
28.2103
25.3158
22.3092
19.1945
15.9775
12.6643
9.26299
5.78321
2.23594
-1.36596
-5.00772
-8.6727
-12.3423
-15.9963
-19.6129
-23.1689
-26.6397
-30.0007
-33.2268
-36.2934
-39.1767
-41.8541
-44.3055
-46.5125
-48.4594
-50.1341
-51.5272
-52.6331
-53.4494
-53.9773
-54.2212
-54.1887
-53.8899
-53.3376
-52.5464
-51.5329
-50.3148
-48.91
-47.3399
-45.6162
-44.0204
-42.4754
-40.9031
-38.975
-37.3416
-34.7112
-33.6694
-29.2701
-30.8825
-21.3985
-31.6071
-7.66564
-42.5131
68.3576
68.8331
69.3394
69.8635
70.4105
70.979
71.5699
72.1831
72.8188
73.4769
74.1569
74.8587
75.5817
76.325
77.0876
77.8682
78.6654
79.4775
80.3026
81.1384
81.9826
82.8328
83.6862
84.5398
85.391
86.2363
87.0723
87.8955
88.702
89.4879
90.2483
90.9786
91.6739
92.3284
92.9366
93.4926
93.9905
94.4244
94.7886
95.0774
95.2856
95.4083
95.4409
95.379
95.2188
94.9567
94.5893
94.1139
93.528
92.8296
92.0171
91.0896
90.0467
88.889
87.6177
86.2349
84.7439
83.1487
81.4545
79.6676
77.7953
75.8458
73.8284
71.7534
69.6327
67.475
65.3045
63.4245
61.7721
60.0449
58.2434
56.3943
54.464
52.6916
50.3573
49.8306
44.6215
51.8515
29.988
73.4281
59.2997
58.7408
58.1464
57.5419
56.9106
56.2488
55.566
54.8698
54.1616
53.4348
52.6764
51.8704
50.9984
50.0392
48.9748
47.7985
46.5158
45.1371
43.6718
42.1261
40.5002
38.789
36.9871
35.0907
33.0972
31.0044
28.8102
26.5131
24.1126
21.6089
19.0033
16.2986
13.4983
10.6079
7.63401
4.58493
1.47046
-1.69794
-4.90717
-8.14251
-11.3878
-14.6253
-17.836
-20.9995
-24.0946
-27.0994
-29.9916
-32.749
-35.3498
-37.7734
-40.0008
-42.014
-43.7983
-45.3408
-46.6317
-47.6642
-48.4347
-48.9426
-49.1904
-49.1835
-48.9302
-48.4406
-47.7274
-46.8052
-45.6886
-44.3976
-42.9406
-41.5666
-40.211
-38.8281
-37.0914
-35.6398
-33.209
-32.311
-28.1604
-29.7895
-20.734
-30.6131
-7.52578
-41.4033
59.7494
60.162
60.6015
61.0581
61.5354
62.0329
62.5516
63.0915
63.6533
64.237
64.843
65.4715
66.1224
66.7956
67.4909
68.2081
68.9463
69.7048
70.4826
71.2784
72.0905
72.9172
73.7564
74.6053
75.4614
76.3215
77.1823
78.04
78.8911
79.7314
80.5564
81.362
82.1437
82.8963
83.615
84.2946
84.9297
85.5149
86.0444
86.5126
86.9137
87.2419
87.4919
87.658
87.7352
87.7187
87.6039
87.3867
87.0637
86.6315
86.0876
85.4301
84.6576
83.7696
82.7664
81.6492
80.4201
79.0824
77.6401
76.0987
74.4645
72.745
70.9488
69.0854
67.1662
65.1995
63.2092
61.4746
59.9438
58.3378
56.6568
54.9252
53.113
51.4399
49.2424
48.7241
43.8067
50.6629
29.6338
71.8418
52.3053
51.8299
51.3239
50.8067
50.2648
49.6925
49.094
48.4749
47.8407
47.1944
46.5331
45.8465
45.1208
44.341
43.4886
42.5459
41.5047
40.3684
39.1457
37.8452
36.4734
35.0321
33.5177
31.9254
30.2519
28.4951
26.6533
24.7251
22.7091
20.6045
18.4111
16.1298
13.7619
11.3097
8.77716
6.1691
3.49188
0.753298
-2.03711
-4.86836
-7.72796
-10.602
-13.4748
-16.3296
-19.1484
-21.9122
-24.6014
-27.1959
-29.6755
-32.0204
-34.2116
-36.2308
-38.0615
-39.689
-41.1007
-42.2867
-43.2394
-43.9543
-44.4296
-44.6663
-44.6683
-44.442
-43.9958
-43.3411
-42.489
-41.4576
-40.2516
-39.0889
-37.9154
-36.7152
-35.166
-33.8913
-31.6596
-30.9019
-27.0017
-28.6466
-20.0175
-29.5769
-7.32918
-40.2665
52.6933
53.0545
53.4385
53.8382
54.2567
54.6935
55.1496
55.6253
56.121
56.6373
57.1744
57.7327
58.3124
58.9137
59.5367
60.1813
60.8474
61.5347
62.2428
62.9712
63.719
64.4852
65.2687
66.068
66.8812
67.7064
68.541
69.3823
70.2274
71.0728
71.9144
72.7484
73.5704
74.3756
75.1591
75.9158
76.6404
77.3274
77.9711
78.566
79.1062
79.5858
79.9989
80.3398
80.6028
80.7824
80.8731
80.8702
80.769
80.5653
80.2555
79.8365
79.3059
78.6622
77.9045
77.0329
76.0485
74.9533
73.7503
72.4439
71.0394
69.5433
67.9634
66.3083
64.5886
62.8123
61.0025
59.4144
58.0065
56.5236
54.9652
53.3534
51.6624
50.0906
48.0351
47.5234
42.9084
49.3851
29.2046
70.1996
46.496
46.0896
45.6569
45.2133
44.7475
44.2545
43.7366
43.1949
42.6316
42.0518
41.4601
40.8558
40.2315
39.5759
38.8763
38.1167
37.28
36.3568
35.3481
34.261
33.1029
31.8804
30.5963
29.2481
27.8313
26.3426
24.7802
23.1426
21.4289
19.6379
17.769
15.8225
13.7987
11.6989
9.5254
7.28111
4.97006
2.59744
0.169739
-2.30523
-4.81837
-7.35921
-9.91572
-12.4744
-15.0208
-17.539
-20.0121
-22.4226
-24.7524
-26.9832
-29.097
-31.0758
-32.903
-34.5629
-36.0414
-37.3262
-38.4074
-39.2771
-39.9303
-40.3643
-40.5791
-40.5773
-40.3638
-39.9465
-39.3332
-38.5396
-37.5668
-36.6024
-35.602
-34.576
-33.2084
-32.104
-30.069
-29.4467
-25.797
-27.4558
-19.2506
-28.4985
-7.07818
-39.1025
46.8318
47.1479
47.4835
47.8335
48.2003
48.5838
48.9848
49.4038
49.8412
50.2975
50.7733
51.2689
51.7846
52.3208
52.8777
53.4555
54.0543
54.6739
55.3144
55.9754
56.6565
57.3571
58.0766
58.8139
59.568
60.3374
61.1206
61.9156
62.7204
63.5324
64.3486
65.1661
65.9813
66.7902
67.5887
68.3721
69.1356
69.874
70.5818
71.2535
71.8832
72.465
72.9928
73.4607
73.8625
74.1924
74.4445
74.6133
74.6934
74.6798
74.5682
74.3543
74.035
73.6073
73.0695
72.4205
71.6601
70.7892
69.8098
68.7249
67.5387
66.2567
64.8854
63.4329
61.9086
60.3199
58.689
57.247
55.9622
54.6029
53.1682
51.6776
50.1098
48.6407
46.7313
46.2257
41.9221
48.0161
28.7004
68.4937
41.545
41.1958
40.8241
40.4427
40.0416
39.6163
39.1683
38.6988
38.2068
37.6929
37.1612
36.6171
36.0618
35.4906
34.8946
34.263
33.5819
32.8356
32.0133
31.1142
30.1435
29.1081
28.0142
26.8656
25.6609
24.3959
23.0672
21.6729
20.212
18.6832
17.0856
15.4189
13.6827
11.8776
10.0048
8.06608
6.0641
4.00238
1.88552
-0.280847
-2.49003
-4.7342
-7.00417
-9.28941
-11.5784
-13.8582
-16.1149
-18.3335
-20.4984
-22.5932
-24.6015
-26.5066
-28.2923
-29.9429
-31.4438
-32.7816
-33.9446
-34.9229
-35.7088
-36.2967
-36.6835
-36.8686
-36.8535
-36.643
-36.2413
-35.6621
-34.9028
-34.1222
-33.2839
-32.4219
-31.228
-30.2859
-28.4432
-27.9502
-24.5493
-26.2195
-18.4353
-27.3791
-6.7784
-37.9118
41.836
42.1123
42.4053
42.7113
43.0324
43.3685
43.7204
44.0885
44.4734
44.8756
45.2957
45.734
46.191
46.6672
47.1629
47.6784
48.214
48.7698
49.346
49.9425
50.5592
51.1958
51.852
52.5271
53.2205
53.9311
54.6578
55.3994
56.1542
56.9202
57.6953
58.4772
59.2629
60.0495
60.8335
61.6111
62.3782
63.1303
63.8627
64.5702
65.2476
65.889
66.4888
67.0409
67.5391
67.9775
68.35
68.6505
68.8732
69.0127
69.0636
69.0213
68.8814
68.6402
68.2949
67.8433
67.284
66.6169
65.8426
64.963
63.9812
62.9012
61.7287
60.4705
59.1351
57.7292
56.2737
54.9758
53.8129
52.5767
51.2657
49.8967
48.453
47.0878
45.327
44.828
40.8432
46.5533
28.1215
66.7138
37.2765
36.9754
36.6549
36.3258
35.9798
35.6126
35.2249
34.8173
34.3898
33.9415
33.472
32.9838
32.4817
31.969
31.4435
30.8984
30.3242
29.7095
29.0396
28.3033
27.4974
26.6261
25.6951
24.7107
23.6772
22.5943
21.4586
20.2665
19.0162
17.7066
16.3368
14.906
13.4136
11.8593
10.2437
8.56757
6.83239
5.04047
3.19491
1.29968
-0.640366
-2.61938
-4.63036
-6.66514
-8.71453
-10.7683
-12.8148
-14.8417
-16.8356
-18.7825
-20.6676
-22.4759
-24.1923
-25.8017
-27.2898
-28.6428
-29.8482
-30.8949
-31.7733
-32.4757
-32.9966
-33.3327
-33.4825
-33.4481
-33.2306
-32.8413
-32.2742
-31.6615
-30.9734
-30.2638
-29.234
-28.4448
-26.7883
-26.4173
-23.2619
-24.9395
-17.5737
-26.2172
-6.4357
-36.6875
37.5293
37.7708
38.0267
38.2944
38.5753
38.8698
39.1783
39.5014
39.8396
40.1935
40.5635
40.9501
41.3539
41.7753
42.2147
42.6724
43.149
43.6447
44.1597
44.6942
45.2482
45.8219
46.415
47.0273
47.6584
48.3078
48.9747
49.6581
50.3571
51.0702
51.7957
52.5317
53.2762
54.0265
54.78
55.5334
56.2834
57.0261
57.7575
58.4732
59.1683
59.8377
60.4761
61.078
61.6376
62.1487
62.6056
63.0019
63.3319
63.5896
63.7694
63.8658
63.8741
63.7897
63.6088
63.3283
62.9459
62.4603
61.8708
61.1784
60.3846
59.4926
58.5067
57.4325
56.2774
55.0473
53.7617
52.6045
51.5612
50.4462
49.2576
48.0096
46.6901
45.4294
43.8185
43.3275
39.6673
44.9919
27.4708
64.84
33.566
33.3057
33.0285
32.7436
32.4443
32.1268
31.7912
31.4376
31.0656
30.6751
30.2657
29.8364
29.3879
28.9241
28.4494
27.964
27.4631
26.9386
26.3808
25.7769
25.115
24.3902
23.6049
22.7644
21.8744
20.9398
19.9616
18.9367
17.862
16.7354
15.5559
14.3229
13.0355
11.6933
10.296
8.84398
7.33797
5.77928
4.1699
2.51249
0.810483
-0.931908
-2.70944
-4.51588
-6.34408
-8.18585
-10.0319
-11.872
-13.6949
-15.4886
-17.2403
-18.9368
-20.5642
-22.1087
-23.5567
-24.8946
-26.1099
-27.1907
-28.1266
-28.9083
-29.5287
-29.9822
-30.265
-30.3769
-30.3161
-30.0918
-29.6952
-29.2333
-28.682
-28.112
-27.2357
-26.5885
-25.1106
-24.8528
-21.9394
-23.617
-16.6709
-25.009
-6.06095
-35.4178
33.7859
33.9971
34.2208
34.4551
34.701
34.959
35.2296
35.5131
35.8102
36.1213
36.447
36.7877
37.1439
37.5161
37.9047
38.3102
38.733
39.1735
39.632
40.1087
40.604
41.1179
41.6505
42.2018
42.7717
43.3598
43.9657
44.589
45.2288
45.8843
46.5542
47.2371
47.9315
48.6354
49.3466
50.0626
50.7806
51.4974
52.2095
52.9131
53.6042
54.278
54.9299
55.5549
56.1476
56.7023
57.2134
57.675
58.0811
58.4259
58.7035
58.9083
59.035
59.0785
59.0343
58.8986
58.6683
58.3408
57.9147
57.3896
56.7661
56.0461
55.2326
54.3302
53.345
52.2819
51.1589
50.1373
49.2099
48.2132
47.1446
46.0159
44.8192
43.6631
42.2021
41.7214
38.3915
43.325
26.7561
62.8419
30.3108
30.085
29.8445
29.5972
29.3374
29.0619
28.7708
28.4639
28.1404
27.7996
27.4417
27.0666
26.6731
26.2608
25.832
25.3912
24.9406
24.4772
23.9949
23.4852
22.9373
22.3394
21.6856
20.9767
20.2169
19.4115
18.5656
17.6809
16.7546
15.7833
14.7651
13.6995
12.5858
11.4235
10.2122
8.95159
7.64194
6.284
4.879
3.42874
1.93554
0.402432
-1.16675
-2.76725
-4.39363
-6.03947
-7.69732
-9.35889
-11.0149
-12.6553
-14.2692
-15.845
-17.3705
-18.8332
-20.2205
-21.5196
-22.7183
-23.8047
-24.768
-25.5982
-26.2868
-26.8269
-27.2127
-27.4424
-27.5116
-27.4273
-27.1786
-26.8498
-26.4212
-25.9772
-25.2424
-24.7251
-23.4171
-23.2615
-20.5873
-22.2517
-15.7348
-23.7477
-5.66601
-34.0815
30.5025
30.6874
30.883
31.0881
31.3035
31.5296
31.7668
32.0156
32.2765
32.5499
32.8364
33.1363
33.4502
33.7785
34.1216
34.4802
34.8545
35.2449
35.6519
36.0759
36.517
36.9756
37.4518
37.9457
38.4574
38.9868
39.5336
40.0977
40.6786
41.2756
41.8879
42.5145
43.1544
43.806
44.4677
45.1374
45.813
46.4919
47.1711
47.8477
48.5179
49.178
49.8237
50.4505
51.0537
51.6282
52.1686
52.6694
53.1249
53.5295
53.8773
54.1627
54.3802
54.5243
54.5903
54.5737
54.4706
54.2778
53.9929
53.6146
53.1423
52.5767
51.92
51.1754
50.3476
49.441
48.4717
47.5792
46.7628
45.8801
44.9277
43.9154
42.839
41.7868
40.4744
40.0058
37.0141
41.5387
25.9933
60.6803
27.415
27.2187
27.0096
26.7945
26.5686
26.329
26.0759
25.8092
25.5279
25.2312
24.9185
24.59
24.2457
23.8846
23.5054
23.1088
22.6989
22.2793
21.8495
21.4047
20.9376
20.4383
19.8952
19.3019
18.6591
17.971
17.2419
16.4763
15.6764
14.8397
13.9622
13.0417
12.0778
11.0704
10.0192
8.92381
7.78406
6.6002
5.37301
4.10366
2.79379
1.44552
0.0616941
-1.35413
-2.79776
-4.26421
-5.74759
-7.24125
-8.73756
-10.2283
-11.7043
-13.1555
-14.5715
-15.9409
-17.2527
-18.495
-19.6564
-20.7253
-21.6908
-22.543
-23.2724
-23.8714
-24.3329
-24.6535
-24.827
-24.8586
-24.7353
-24.5216
-24.2014
-23.8686
-23.2629
-22.8612
-21.7161
-21.6452
-19.2155
-20.8383
-14.7828
-22.4097
-5.27912
-32.6428
27.5823
27.7443
27.9156
28.0953
28.2841
28.4824
28.6906
28.9091
29.1382
29.3786
29.6305
29.8945
30.171
30.4604
30.7632
31.0799
31.4108
31.7564
32.1171
32.4932
32.8851
33.2931
33.7174
34.1583
34.6159
35.0902
35.5813
36.0889
36.613
37.153
37.7086
38.2789
38.8632
39.4605
40.0693
40.6883
41.3158
41.9496
42.5874
43.2267
43.8645
44.4976
45.1223
45.7348
46.3309
46.9061
47.4555
47.9741
48.4566
48.8977
49.2918
49.6333
49.9167
50.1367
50.2882
50.3662
50.3666
50.2855
50.1197
49.8672
49.5265
49.0972
48.5804
47.9783
47.2944
46.5321
45.7057
44.9346
44.2234
43.449
42.6078
41.7078
40.7484
39.7988
38.6328
38.1746
35.5396
39.607
25.2256
58.2816
24.8627
24.692
24.5104
24.3234
24.1272
23.9192
23.6994
23.4678
23.2236
22.9661
22.695
22.4102
22.1117
21.7985
21.4663
21.1064
20.7103
20.2771
19.8162
19.3424
18.8705
18.4129
17.9758
17.5503
17.1117
16.6286
16.0734
15.4342
14.7227
13.9655
13.1823
12.3759
11.5384
10.6626
9.74581
8.78849
7.79179
6.75628
5.6821
4.56967
3.41994
2.23432
1.01486
-0.235766
-1.51453
-2.81747
-4.14008
-5.47709
-6.82223
-8.16898
-9.50952
-10.8354
-12.1376
-13.4067
-14.6324
-15.8043
-16.9118
-17.9442
-18.8909
-19.7422
-20.4885
-21.1215
-21.6336
-22.0198
-22.273
-22.3968
-22.3768
-22.2596
-22.0333
-21.7958
-21.3077
-21.0026
-20.0182
-20.003
-17.8389
-19.3634
-13.8392
-20.9714
-4.94297
-31.064
25.0084
25.1498
25.2993
25.4562
25.6211
25.7943
25.9762
26.1672
26.3677
26.578
26.7986
27.0299
27.2722
27.5262
27.7921
28.0703
28.3613
28.6655
28.9834
29.3152
29.6614
30.0222
30.398
30.7891
31.1957
31.6179
32.0558
32.5092
32.9784
33.4632
33.963
34.4775
35.0061
35.5483
36.1029
36.6686
37.2443
37.8285
38.4193
39.0145
39.6117
40.2082
40.801
41.3869
41.9622
42.523
43.0649
43.5835
44.0741
44.5316
44.951
45.327
45.654
45.9269
46.1409
46.2905
46.3714
46.3797
46.3109
46.1631
45.934
45.6218
45.227
44.7508
44.1955
43.5637
42.8678
42.209
41.5956
40.9226
40.1864
39.3936
38.5459
37.6957
36.675
36.217
33.9795
37.4919
24.5091
55.5919
21.805
21.6632
21.5119
21.3559
21.1923
21.019
20.836
20.643
20.4396
20.2252
19.999
19.7601
19.508
19.242
18.9628
18.672
18.3705
18.0571
17.7293
17.3873
17.0332
16.6673
16.2865
15.8859
15.4591
14.9991
14.5029
13.972
13.4072
12.8057
12.1669
11.4948
10.7923
10.0597
9.29491
8.49651
7.66357
6.79593
5.89365
4.95718
3.98695
2.98372
1.94863
0.883411
-0.209982
-1.32871
-2.46964
-3.62894
-4.80198
-5.9837
-7.16812
-8.34851
-9.51769
-10.6677
-11.79
-12.8754
-13.9146
-14.8979
-15.8155
-16.6577
-17.4152
-18.0792
-18.6415
-19.0958
-19.434
-19.657
-19.7516
-19.739
-19.6218
-19.4841
-19.1413
-18.9253
-18.1576
-18.1541
-16.37
-17.6778
-12.8988
-19.3111
-4.71683
-29.2978
21.9268
22.0453
22.1706
22.3021
22.4405
22.5858
22.7385
22.8991
23.0676
23.2447
23.4306
23.6255
23.83
24.0446
24.2694
24.5048
24.7514
25.0095
25.2796
25.5618
25.8567
26.1647
26.486
26.8209
27.1697
27.5327
27.91
28.3018
28.7081
29.1292
29.5647
30.0143
30.478
30.9555
31.4459
31.9483
32.4622
32.9866
33.5199
34.0605
34.6068
35.1564
35.7074
36.2572
36.8025
37.3404
37.8674
38.3791
38.8721
39.3416
39.7832
40.1922
40.5631
40.8911
41.1718
41.3996
41.5695
41.6777
41.7196
41.6917
41.5914
41.4161
41.1651
40.8383
40.4366
39.9621
39.424
38.902
38.4088
37.8608
37.255
36.5961
35.8889
35.1642
34.3352
33.865
32.1857
34.8994
23.8719
52.2948
18.626
18.5142
18.3947
18.2715
18.1423
18.0055
17.8609
17.7085
17.548
17.3787
17.2001
17.0113
16.8123
16.6035
16.3866
16.1649
15.9419
15.7196
15.4947
15.2579
14.9975
14.705
14.378
14.0189
13.6329
13.2272
12.8077
12.3759
11.9293
11.4612
10.9635
10.432
9.86867
9.27839
8.66304
8.02139
7.35136
6.65172
5.92203
5.16245
4.37299
3.55412
2.70611
1.82987
0.926547
-0.00231568
-0.954568
-1.92782
-2.91896
-3.92429
-4.93958
-5.96011
-6.98011
-7.99346
-8.99346
-9.97251
-10.9227
-11.8357
-12.7028
-13.515
-14.2634
-14.9394
-15.5343
-16.0413
-16.4512
-16.7631
-16.9633
-17.0541
-17.0394
-17.0099
-16.7983
-16.7038
-16.1067
-16.2124
-14.6708
-16.0126
-11.6322
-17.8756
-4.03386
-28.1753
18.7229
18.8175
18.9174
19.0225
19.1331
19.2494
19.3717
19.5004
19.6356
19.7777
19.9271
20.0839
20.2485
20.4215
20.6029
20.7932
20.9928
21.202
21.4212
21.6507
21.8909
22.1423
22.4051
22.6795
22.966
23.2649
23.5765
23.901
24.2384
24.5892
24.9533
25.3305
25.7212
26.1253
26.5421
26.9714
27.4129
27.8659
28.3294
28.8026
29.2842
29.7728
30.267
30.7645
31.2635
31.7617
32.2559
32.7431
33.2204
33.6839
34.1297
34.5541
34.9521
35.3193
35.6515
35.9437
36.191
36.389
36.5331
36.6194
36.6445
36.6053
36.5
36.327
36.0861
35.7783
35.4108
35.0383
34.6775
34.2692
33.8102
33.304
32.7567
32.1882
31.558
31.1688
29.9152
32.3326
22.3353
50.1778
15.9093
15.8197
15.724
15.6253
15.5217
15.412
15.2959
15.1736
15.0448
14.9089
14.7656
14.6144
14.455
14.2869
14.1095
13.9227
13.7261
13.5196
13.3036
13.078
12.8412
12.5903
12.3237
12.0435
11.7538
11.4576
11.1531
10.8348
10.4954
10.1291
9.73453
9.31236
8.86274
8.38658
7.8864
7.36423
6.81997
6.25206
5.65918
5.04064
4.3963
3.72644
3.03113
2.31083
1.56605
0.797671
0.00702206
-0.804387
-1.6344
-2.48056
-3.33982
-4.20879
-5.08321
-5.95841
-6.82922
-7.68966
-8.53332
-9.35334
-10.1423
-10.8925
-11.5959
-12.2447
-12.8306
-13.3468
-13.7842
-14.141
-14.4032
-14.5609
-14.6173
-14.6656
-14.5529
-14.5539
-14.0936
-14.2968
-12.9519
-14.3537
-10.2893
-16.4767
-3.21654
-27.121
15.9876
16.0642
16.1451
16.2302
16.3198
16.4142
16.5134
16.6177
16.7275
16.843
16.9643
17.0917
17.2256
17.3664
17.514
17.6691
17.8319
18.0026
18.1817
18.3694
18.5659
18.7717
18.9872
19.2125
19.4482
19.6942
19.9512
20.2192
20.4985
20.7893
21.0918
21.406
21.7323
22.0706
22.4206
22.7823
23.1556
23.54
23.935
24.3401
24.7546
25.1774
25.6076
26.0435
26.4841
26.9274
27.3712
27.8132
28.2511
28.682
29.1026
29.5098
29.8998
30.2686
30.6125
30.9272
31.2082
31.4514
31.6524
31.8073
31.9126
31.9648
31.9614
31.9003
31.7804
31.6018
31.3701
31.1199
30.8694
30.5795
30.2472
29.8756
29.4711
29.0479
28.5984
28.3043
27.4304
29.6891
20.5429
48.1029
13.4335
13.3616
13.285
13.2058
13.1226
13.0346
12.9415
12.8433
12.7399
12.6309
12.5159
12.3945
12.2666
12.1318
11.9895
11.8395
11.6814
11.5149
11.3399
11.1562
10.9642
10.7639
10.5535
10.3306
10.0938
9.84552
9.58955
9.32753
9.05709
8.7727
8.4684
8.14069
7.78883
7.41289
7.01298
6.59061
6.14844
5.68779
5.20788
4.70718
4.18466
3.64012
3.07363
2.4855
1.87603
1.24568
0.595214
-0.0744122
-0.761758
-1.4652
-2.18247
-2.91125
-3.64839
-4.39035
-5.1333
-5.87251
-6.603
-7.31929
-8.01536
-8.68473
-9.32052
-9.91604
-10.4639
-10.9579
-11.3895
-11.7566
-12.0456
-12.2396
-12.3403
-12.4391
-12.3982
-12.4675
-12.1189
-12.3931
-11.2288
-12.6606
-8.91804
-15.0001
-2.37676
-25.8503
13.4965
13.5582
13.6235
13.6921
13.7645
13.8407
13.9208
14.0051
14.0938
14.1872
14.2854
14.3885
14.4971
14.6111
14.7309
14.8568
14.989
15.1278
15.2734
15.4262
15.5864
15.7543
15.9302
16.1145
16.3073
16.509
16.7198
16.94
17.1699
17.4096
17.6594
17.9194
18.1898
18.4708
18.7621
19.064
19.3763
19.6988
20.0313
20.3734
20.7247
21.0845
21.452
21.8264
22.2067
22.5916
22.9794
23.3685
23.7569
24.1427
24.5231
24.8957
25.2576
25.6054
25.9361
26.246
26.5312
26.7883
27.0134
27.2027
27.353
27.4609
27.5236
27.5391
27.5056
27.4229
27.2949
27.141
26.9793
26.7868
26.5607
26.3044
26.024
25.7315
25.4437
25.2449
24.7254
26.8297
18.6034
45.4749
11.1157
11.0592
10.9988
10.9364
10.8709
10.8016
10.7283
10.651
10.5696
10.4838
10.3932
10.2977
10.197
10.0907
9.97868
9.8606
9.73612
9.60486
9.4666
9.32108
9.16815
9.00793
8.84066
8.66573
8.4812
8.28479
8.07603
7.85766
7.63356
7.40466
7.16797
6.9183
6.65073
6.36284
6.05406
5.72423
5.37418
5.00622
4.62261
4.22361
3.80789
3.37422
2.92199
2.45126
1.96226
1.45529
0.930779
0.389252
-0.168403
-0.741048
-1.32721
-1.92516
-2.53271
-3.14724
-3.76584
-4.38503
-5.00088
-5.60913
-6.20496
-6.78321
-7.33815
-7.86422
-8.35513
-8.80545
-9.20761
-9.55968
-9.84883
-10.0554
-10.1789
-10.3061
-10.3135
-10.4282
-10.1672
-10.4904
-9.48361
-10.9242
-7.48746
-13.4322
-1.46653
-24.3707
11.1654
11.2143
11.266
11.3203
11.3775
11.4378
11.5013
11.5681
11.6384
11.7124
11.7903
11.8722
11.9584
12.049
12.1443
12.2445
12.3497
12.4602
12.5763
12.6982
12.8262
12.9604
13.1011
13.2486
13.4032
13.5651
13.7344
13.9116
14.0968
14.2903
14.4922
14.7027
14.922
15.1504
15.3876
15.634
15.8896
16.1542
16.4277
16.7101
17.0008
17.2997
17.6062
17.9197
18.2394
18.5646
18.8941
19.2266
19.5606
19.8947
20.2269
20.5551
20.8773
21.1906
21.4926
21.7805
22.051
22.3012
22.5277
22.7274
22.8974
23.0345
23.1361
23.2004
23.2256
23.211
23.1595
23.0792
22.987
22.8721
22.7325
22.5716
22.3954
22.216
22.0655
21.9547
21.7465
23.6927
16.3769
42.3482
8.97565
8.9321
8.88557
8.83737
8.78678
8.73329
8.67675
8.61706
8.55419
8.48787
8.41789
8.34408
8.26624
8.1841
8.0975
8.00625
7.91
7.80841
7.70131
7.58849
7.46961
7.34458
7.21346
7.07637
6.93322
6.78325
6.62435
6.45435
6.2738
6.08598
5.89418
5.69832
5.49504
5.27974
5.04862
4.79996
4.53327
4.24881
3.94837
3.63454
3.30853
2.96971
2.61678
2.24905
1.86643
1.46916
1.05756
0.631874
0.192522
-0.259773
-0.724149
-1.1993
-1.68384
-2.17587
-2.67331
-3.17364
-3.67391
-4.17089
-4.66092
-5.14
-5.60364
-6.0473
-6.46589
-6.855
-7.20813
-7.52393
-7.79074
-7.98929
-8.11682
-8.25259
-8.28667
-8.42577
-8.22882
-8.58037
-7.70514
-9.13696
-5.97219
-11.759
-0.431848
-22.6592
9.01405
9.05168
9.0915
9.13338
9.17749
9.22398
9.27292
9.32437
9.37857
9.43566
9.4957
9.55888
9.62532
9.6952
9.76872
9.84603
9.92724
10.0125
10.1022
10.1963
10.2952
10.3989
10.5078
10.6219
10.7416
10.867
10.9982
11.1356
11.2794
11.4297
11.5868
11.7507
11.9218
12.1001
12.2856
12.4787
12.6793
12.8874
13.1031
13.3263
13.5566
13.7942
14.0387
14.2896
14.5464
14.8086
15.0756
15.3464
15.6199
15.8952
16.1706
16.4447
16.7161
16.9824
17.2419
17.4924
17.7313
17.9562
18.1643
18.3534
18.5207
18.6637
18.7802
18.8684
18.9267
18.9548
18.9542
18.9259
18.8842
18.8269
18.7529
18.666
18.5715
18.4835
18.4409
18.4017
18.4513
20.2338
13.7541
38.7157
6.75083
6.71887
6.68469
6.64921
6.61204
6.57275
6.53121
6.48742
6.44128
6.3926
6.34127
6.28714
6.23008
6.16993
6.10655
6.03975
5.9693
5.89503
5.81676
5.7343
5.64734
5.55578
5.4595
5.35848
5.25287
5.1428
5.02802
4.90734
4.77853
4.64013
4.49366
4.34285
4.19021
4.03505
3.87411
3.70351
3.52054
3.32375
3.1125
2.8876
2.6512
2.40488
2.14829
1.87993
1.59876
1.30481
0.998617
0.680795
0.351854
0.0122638
-0.337362
-0.696146
-1.06301
-1.43664
-1.81551
-2.19784
-2.5815
-2.96414
-3.34311
-3.71553
-4.07805
-4.4273
-4.7594
-5.07115
-5.35723
-5.61699
-5.84041
-6.01169
-6.12536
-6.25107
-6.29154
-6.43448
-6.27849
-6.63733
-5.86665
-7.26802
-4.3445
-9.92262
0.743321
-20.4663
6.7792
6.807
6.83647
6.86746
6.90014
6.93464
6.97097
7.00922
7.04954
7.092
7.13668
7.18375
7.23334
7.28555
7.34053
7.39836
7.45916
7.52314
7.59047
7.66122
7.73551
7.8136
7.89569
7.98177
8.07214
8.16692
8.26623
8.37029
8.4793
8.59338
8.71263
8.8372
8.96734
9.10303
9.24436
9.39157
9.54464
9.70355
9.86831
10.0391
10.2155
10.3976
10.5852
10.7779
10.9756
11.1777
11.384
11.5937
11.8062
12.0206
12.2359
12.4513
12.6655
12.8771
13.0847
13.2867
13.4813
13.6667
13.8409
14.0022
14.1484
14.2775
14.3883
14.4788
14.5478
14.5954
14.6224
14.6253
14.6164
14.5979
14.5695
14.5349
14.4981
14.4743
14.5015
14.4983
14.7305
16.333
10.5477
34.2168
4.92748
4.90554
4.88212
4.85787
4.8324
4.8054
4.77686
4.74678
4.71502
4.6814
4.64597
4.60858
4.56906
4.52738
4.48344
4.43698
4.38792
4.33621
4.28163
4.22399
4.16318
4.09902
4.03131
3.95995
3.88497
3.8064
3.72442
3.63917
3.55002
3.45524
3.3526
3.2417
3.12514
3.00633
2.88617
2.76221
2.6304
2.48775
2.33339
2.16766
1.99169
1.80789
1.61915
1.42661
1.22917
1.02502
0.813072
0.593212
0.365793
0.131188
-0.110244
-0.358084
-0.611751
-0.870479
-1.1333
-1.39912
-1.66655
-1.934
-2.1997
-2.46175
-2.71784
-2.9657
-3.20264
-3.42663
-3.63362
-3.8238
-3.98893
-4.11936
-4.20571
-4.30682
-4.33696
-4.46698
-4.33113
-4.68021
-3.98577
-5.33653
-2.62222
-7.90066
2.01514
-17.4991
4.94671
4.9653
4.98506
5.0058
5.02762
5.05058
5.0747
5.1001
5.12685
5.15496
5.18446
5.21545
5.24806
5.28236
5.31837
5.35613
5.3958
5.43752
5.48128
5.52717
5.57526
5.62575
5.67878
5.73429
5.79244
5.85337
5.9172
5.984
6.05392
6.12709
6.20355
6.28348
6.36698
6.45407
6.54489
6.63962
6.73838
6.84105
6.9477
7.05853
7.17338
7.29221
7.415
7.54169
7.6721
7.80596
7.94305
8.08307
8.22557
8.36997
8.51577
8.66229
8.80867
8.95412
9.09776
9.23834
9.37467
9.50572
9.63004
9.7465
9.85357
9.94995
10.0349
10.1069
10.1654
10.2104
10.2426
10.2588
10.2643
10.2636
10.2573
10.2494
10.2426
10.2553
10.3203
10.324
10.6566
12.0657
6.83308
28.4575
2.12485
2.11145
2.09703
2.08206
2.06635
2.04973
2.03219
2.01369
1.99416
1.97351
1.95175
1.9288
1.90452
1.87888
1.85184
1.82324
1.79297
1.76098
1.72713
1.69126
1.65328
1.61302
1.57029
1.52491
1.47672
1.4256
1.37131
1.31342
1.25099
1.18289
1.10843
1.02893
0.950987
0.889104
0.863108
0.889003
0.9684
1.08393
1.20256
1.28657
1.30795
1.25861
1.1515
1.01167
0.862293
0.715571
0.573202
0.432316
0.290387
0.146727
0.00171318
-0.14417
-0.290695
-0.437695
-0.584922
-0.732049
-0.878607
-1.02401
-1.16754
-1.30844
-1.44568
-1.57825
-1.70483
-1.82466
-1.93517
-2.03751
-2.12519
-2.19693
-2.24057
-2.30139
-2.30463
-2.40423
-2.27266
-2.58417
-1.97068
-3.17294
-0.827534
-5.28754
2.90136
-12.2407
2.13682
2.14866
2.16129
2.17459
2.18865
2.20348
2.21907
2.2356
2.25311
2.27156
2.29098
2.31145
2.33311
2.35595
2.38
2.40532
2.43203
2.46022
2.48982
2.52095
2.55374
2.58822
2.62443
2.66242
2.70226
2.74402
2.78778
2.83354
2.88135
2.93134
2.98344
3.03775
3.09423
3.15289
3.21375
3.27684
3.34216
3.40957
3.47915
3.55082
3.62441
3.69989
3.77727
3.85638
3.93702
4.01915
4.10248
4.18684
4.27201
4.35765
4.44356
4.52933
4.61462
4.69899
4.78211
4.86342
4.94239
5.01871
5.09154
5.16029
5.22415
5.2825
5.33492
5.38041
5.41879
5.45014
5.47501
5.48951
5.50016
5.51025
5.5206
5.53257
5.54229
5.55985
5.60303
5.52229
5.73978
6.89329
2.21605
19.5026
1.72204
1.7206
1.71917
1.71765
1.71596
1.71413
1.71215
1.71001
1.70767
1.70517
1.70251
1.69967
1.69663
1.69339
1.68998
1.68641
1.68269
1.67883
1.67487
1.67088
1.66693
1.66311
1.65954
1.65624
1.65301
1.64943
1.64514
1.64094
1.64044
1.65138
1.68476
1.74894
1.83937
1.92938
1.9707
1.90865
1.70651
1.36687
0.938916
0.506214
0.155994
-0.057179
-0.132638
-0.114832
-0.0615384
-0.0137917
0.01376
0.0239313
0.0236704
0.0169773
0.00464235
-0.0135453
-0.0373911
-0.0662137
-0.0991551
-0.135414
-0.174257
-0.214949
-0.25677
-0.299061
-0.341169
-0.382567
-0.422581
-0.461167
-0.49699
-0.53192
-0.561996
-0.592592
-0.605345
-0.633208
-0.620839
-0.684472
-0.583895
-0.803746
-0.389191
-1.17422
0.275746
-2.27413
2.3417
-5.28483
1.72325
1.72425
1.72525
1.7262
1.72712
1.72801
1.72879
1.72951
1.73017
1.73071
1.73112
1.73139
1.73153
1.73149
1.73125
1.7308
1.73012
1.72921
1.728
1.7265
1.72473
1.72262
1.72015
1.71733
1.71416
1.71061
1.70671
1.70243
1.69779
1.69285
1.68759
1.68206
1.67627
1.6703
1.66421
1.65804
1.65186
1.64574
1.63983
1.63415
1.62875
1.62374
1.61924
1.61527
1.61193
1.60931
1.6074
1.6063
1.606
1.60659
1.60809
1.61036
1.61337
1.61688
1.62071
1.62457
1.62823
1.63164
1.63446
1.63663
1.63808
1.63887
1.63906
1.63862
1.63815
1.63745
1.63743
1.64571
1.64154
1.62946
1.61093
1.5902
1.57236
1.57981
1.64164
1.66122
1.86
2.4823
0.0306016
8.1719
)
;

boundaryField
{
    inlet
    {
        type            freestreamPressure;
        freestreamValue uniform 0;
        value           nonuniform List<scalar> 
134
(
3.58785
-0.579317
-4.89934
-8.6101
-11.248
-12.7976
-12.9472
-11.677
-9.01335
-4.19828
-0.774218
-1.25059
-2.08592
-2.87002
-3.66097
-4.48809
-5.3594
-6.27982
-7.26274
-8.33208
7.68116
-9.52048
-10.8447
-12.2432
-13.5579
-14.5074
-14.9675
-15.781
-15.8004
-16.1112
-19.2294
-17.6808
-17.7461
-18.0898
-18.3451
-18.4719
-18.5947
-18.913
-19.7114
-20.6807
11.5593
15.5813
19.0357
21.0073
20.8327
17.3581
9.38795
-22.8013
-22.3024
-21.5235
-21.0187
-20.6451
-20.2263
-19.7541
-19.2708
-18.7883
-18.2998
-17.7992
-17.2864
-16.7617
-16.222
-15.662
-15.0723
-14.437
-13.7395
-12.9586
-12.4623
-11.9958
-11.4332
-10.7778
-10.0194
-9.04783
-7.73357
-5.40761
-2.3333
3.2493
7.20938
11.6103
15.9709
20.2178
24.249
27.6747
30.2992
32.1828
33.3861
34.0696
34.4128
34.5724
34.6756
34.9083
35.5672
36.766
38.0703
39.1436
40.027
40.794
41.4583
41.9966
42.3971
42.6669
42.8292
42.9382
43.1044
43.6072
44.8704
47.5873
48.7362
47.5934
46.2782
45.4379
44.7501
43.9669
43.1091
42.2408
41.3688
40.4755
39.5509
38.5905
37.5885
36.5339
35.4095
34.1933
32.8436
31.3302
29.4745
28.2846
27.1193
25.6429
23.8857
21.8437
19.3127
16.0696
11.0184
4.62071
)
;
    }
    outlet
    {
        type            freestreamPressure;
        freestreamValue uniform 0;
        value           nonuniform List<scalar> 
160
(
0.00496026
0.00496415
0.0049557
0.00496745
0.00495114
0.0049708
0.00494627
0.00497402
0.00494091
0.00497721
0.0049351
0.00498034
0.00492886
0.0049832
0.00492209
0.00498594
0.00491473
0.00498851
0.00490685
0.00499082
0.00489849
0.00499281
0.00488958
0.00499443
0.00488004
0.00499574
0.00486986
0.00499661
0.00485917
0.00499699
0.00484797
0.00499681
0.00483625
0.00499605
0.00482412
0.00499475
0.00481161
0.00499265
0.00479893
0.00498982
0.00478629
0.00498632
0.00477393
0.00498195
0.00476226
0.00497666
0.00475138
0.00497052
0.00474086
0.0049635
0.00472955
0.00495552
0.00471608
0.00494672
0.00470203
0.00493699
0.00469655
0.0049264
0.00472072
0.00491513
0.00480577
0.00490317
0.00497714
0.00489066
0.00522561
0.00487761
0.00548074
0.00486431
0.00560948
0.00485096
0.00545427
0.00483766
0.00489959
0.00482467
0.00393958
0.0048122
0.00271051
0.00480072
0.00145975
0.00479032
0.000448378
0.00478116
-0.000163672
0.00477361
-0.000378227
0.00476808
-0.000326571
0.00476469
-0.000174759
0.00476372
-3.9147e-05
0.00476555
3.90567e-05
0.00477024
6.79352e-05
0.00477807
6.72005e-05
0.00478919
4.82015e-05
0.00480389
1.31815e-05
0.00482233
-3.84663e-05
0.00484425
-0.000106208
0.0048696
-0.000188137
0.00489785
-0.000281859
0.00492855
-0.000385149
0.00496095
-0.000495986
0.00499446
-0.000612361
0.0050291
-0.000732313
0.0050639
-0.000854065
0.00509882
-0.000975866
0.00513378
-0.00109632
0.00516904
-0.00121362
0.00520498
-0.00132773
0.00524164
-0.00143499
0.00528102
-0.00154074
0.00532279
-0.00163393
0.0053701
-0.00172863
0.00544074
-0.00177224
0.00546656
-0.00185965
0.00547064
-0.00183361
0.00545748
-0.00202615
0.00544152
-0.00174694
0.00544059
-0.00239592
0.00553335
-0.00119032
0.00582766
-0.00349521
0.00599445
0.000882298
0.00681973
-0.00653859
0.00927549
0.00834772
0.000121006
-0.0130892
0.0296487
)
;
    }
    walls
    {
        type            zeroGradient;
    }
    frontAndBack
    {
        type            empty;
    }
}


// ************************************************************************* //
