/*--------------------------------*- C++ -*----------------------------------*\
| =========                 |                                                 |
| \\      /  F ield         | OpenFOAM: The Open Source CFD Toolbox           |
|  \\    /   O peration     | Version:  v1806                                 |
|   \\  /    A nd           | Web:      www.OpenFOAM.com                      |
|    \\/     M anipulation  |                                                 |
\*---------------------------------------------------------------------------*/
FoamFile
{
    version     2.0;
    format      ascii;
    class       volScalarField;
    location    "178";
    object      p;
}
// * * * * * * * * * * * * * * * * * * * * * * * * * * * * * * * * * * * * * //

dimensions      [0 2 -2 0 0 0 0];


internalField   nonuniform List<scalar> 
10720
(
1883.17
1910.39
1903.89
1852.74
1741.71
1574.7
1366.19
1126.31
862.745
591.265
319.585
54.3718
-198.673
-436.289
-655.028
-850.6
-1022.91
-1165.76
-1280.18
-1359.88
-1405.72
-1414.03
-1391.44
-1339.27
-1271.07
-1209.44
-1152.84
-1088
-1014.7
-934.748
-848.254
-755.415
-656.402
-550.916
-438.29
-314.455
-174.968
8.68191
250.952
1812.39
1696.38
1518.43
1278.19
978.641
626.463
248.382
-109.689
-409.031
-648.432
-816.994
-914.891
-966.766
-989.129
-989.592
-983.999
-973.874
-965.31
-960.728
-965.114
-976.431
-995.84
-1020.12
-1043.68
-1048.3
-1026.52
-990.568
-944.896
-889.808
-825.105
-751.705
-670.557
-582.249
-486.465
-382.487
-266.502
-133.077
43.392
288.066
1789.38
1817.8
1813.14
1769.75
1683.73
1555.8
1391.26
1195.89
975.575
739.458
495.117
249.1
7.43022
-225.02
-443.746
-644.418
-824.486
-979.064
-1106.64
-1202.49
-1265.98
-1293.96
-1290.06
-1257.48
-1208.07
-1159.68
-1111.95
-1054.65
-987.605
-912.785
-830.583
-741.305
-645.226
-542.124
-431.372
-308.968
-170.599
12.3172
248.377
1731.94
1644.3
1515.58
1340.62
1121.56
862.23
577.264
290.907
25.4217
-207.583
-398.173
-542.713
-649.964
-727.139
-778.819
-815.058
-840.131
-859.568
-877.135
-896.917
-919.002
-944.735
-972.148
-996.46
-1003.59
-987.285
-956.694
-915.98
-865.428
-804.88
-735.179
-657.234
-571.617
-478.053
-375.833
-261.197
-128.855
46.9254
285.263
1676.93
1701.77
1700.08
1667.06
1598.65
1492.83
1352.09
1180.54
982.718
765.572
536.537
302.095
68.5415
-158.581
-374.313
-574.24
-754.666
-911.482
-1041.94
-1142.43
-1211.2
-1245.79
-1249.11
-1224.87
-1182.81
-1137.63
-1091.31
-1036.27
-971.625
-899.082
-819.057
-731.757
-637.414
-535.788
-426.224
-304.756
-167.138
14.6414
244.58
1628.86
1555.83
1447.78
1299.05
1111.85
887.226
634.149
370.457
115.478
-116.385
-315.508
-475.467
-597.391
-685.862
-747.012
-789.215
-818.758
-840.741
-859.323
-878.27
-898.99
-922.542
-947.433
-969.335
-977.219
-964.443
-936.958
-898.858
-850.658
-792.305
-724.597
-648.426
-564.347
-472.101
-370.951
-257.17
-125.549
49.1226
281.019
1557.35
1579.44
1579.66
1553.69
1498.3
1410.93
1293.08
1147.44
976.774
786.231
581.594
368.258
151.921
-62.1175
-268.805
-463.493
-641.965
-800.073
-934.303
-1041.16
-1118.21
-1163.57
-1178.97
-1167.72
-1137.46
-1100.34
-1059.77
-1010.15
-950.188
-881.506
-804.756
-720.21
-628.154
-528.412
-420.352
-300.093
-163.517
16.5289
240.214
1516.22
1454.96
1364.68
1240.56
1085.13
897.748
684.623
459.942
238.159
30.2779
-154.945
-311.468
-438.509
-538.583
-615.734
-675.134
-721.498
-758.723
-790.317
-819.678
-848.577
-877.861
-906.422
-930.589
-941.787
-933.871
-910.75
-876.436
-831.668
-776.437
-711.492
-637.714
-555.667
-465.128
-365.362
-252.707
-122.109
50.8691
275.876
1441.16
1460.85
1462.15
1441.29
1395.74
1322.5
1222.39
1097.15
948.251
779.557
595.486
400.452
199.592
-2.10384
-199.685
-388.368
-563.614
-721.126
-856.963
-967.651
-1050.34
-1103.27
-1127.07
-1124.66
-1102.53
-1070.92
-1033.95
-987.758
-930.968
-865.082
-790.883
-708.642
-618.628
-520.66
-414.095
-295.105
-159.733
18.2383
235.247
1405.58
1353.28
1276.07
1169.6
1036.57
875.306
690.092
492.426
293.676
102.442
-73.4724
-228.124
-359.387
-467.68
-554.898
-624.08
-678.952
-723.015
-759.664
-792.115
-822.48
-851.769
-879.314
-902.177
-913.623
-908.082
-887.714
-856.023
-813.817
-761.078
-698.462
-626.805
-546.641
-457.752
-359.382
-247.929
-118.526
52.3904
269.971
1331.43
1349.02
1350.81
1333.5
1295.24
1232.97
1147.13
1039.03
909.274
760.745
596.759
420.718
236.988
49.9952
-135.723
-315.526
-484.81
-639.251
-774.688
-887.485
-974.574
-1033.98
-1065.88
-1072.66
-1059.55
-1034.87
-1002.91
-961.298
-908.726
-846.503
-775.504
-696.042
-608.4
-512.43
-407.514
-289.929
-155.925
19.5982
229.622
1300.32
1255.16
1188.45
1096.25
981.444
841.826
680.525
507.309
331.496
159.673
-1.50733
-146.731
-273.793
-382.223
-472.825
-547.503
-608.967
-659.967
-703.262
-741.474
-776.513
-809.29
-839.297
-863.979
-878.02
-876.516
-860.343
-832.401
-793.604
-744.001
-684.201
-615.021
-536.995
-449.934
-353.1
-242.974
-114.941
53.5235
263.312
1229.49
1245.17
1247.11
1232.33
1199.57
1145.84
1071.42
977.302
863.538
732.329
586.114
427.424
259.882
87.2668
-86.364
-256.624
-419.056
-569.336
-703.2
-816.904
-907.193
-971.939
-1010.71
-1025.31
-1019.88
-1001.25
-973.698
-936.055
-887.212
-828.278
-760.2
-683.338
-597.976
-503.976
-400.733
-284.625
-152.129
20.5937
223.439
1202.14
1162.74
1104.48
1023.73
923.428
801.093
659.047
505.775
349.101
194.068
46.2189
-89.7585
-211.898
-319.323
-412.026
-490.917
-557.693
-614.204
-662.56
-704.857
-742.816
-777.326
-808.095
-833.107
-848.183
-849.102
-835.798
-810.591
-774.445
-727.447
-670.114
-603.195
-527.192
-441.921
-346.635
-237.91
-111.392
54.2399
256.027
1135.43
1149.37
1151.23
1138.27
1109.69
1062.7
997.476
914.86
814.594
698.361
567.985
425.299
273.215
114.873
-46.1922
-206.009
-360.372
-505.077
-635.901
-749.061
-841.169
-909.899
-954.391
-975.928
-977.682
-965.149
-942.339
-908.96
-864.135
-808.781
-743.879
-669.836
-586.941
-495.072
-393.647
-279.168
-148.356
21.2218
216.788
1111.27
1076.63
1025.33
954.025
865.62
757.553
631.595
495.27
355.297
215.638
80.9348
-44.7412
-159.77
-263.217
-354.679
-434.53
-503.73
-563.498
-615.379
-660.991
-701.744
-738.395
-770.725
-797.035
-813.952
-817.866
-808.075
-786.257
-753.326
-709.392
-654.891
-590.52
-516.765
-433.459
-339.875
-232.703
-107.886
54.5499
248.261
1048.92
1061.28
1062.9
1051.28
1025.95
984.336
926.589
853.48
764.559
661.161
544.662
416.332
278.498
133.717
-15.0286
-164.209
-309.959
-448.306
-575.157
-686.753
-779.626
-851.286
-900.507
-928.008
-936.151
-929.276
-911.018
-881.718
-840.765
-788.918
-727.154
-655.931
-575.536
-485.856
-386.332
-273.605
-144.65
21.4569
209.691
1027.5
996.854
951.37
887.943
809.412
713.206
600.715
478.669
353.001
226.856
104.142
-11.6137
-119.174
-217.707
-306.665
-386.116
-456.514
-518.515
-573.145
-621.506
-664.633
-703.095
-736.703
-764.043
-782.387
-788.668
-781.761
-762.812
-732.669
-691.479
-639.602
-577.659
-506.104
-424.771
-332.941
-227.428
-104.479
54.4319
240.081
969.414
980.339
981.649
971.014
948.263
910.998
859.389
794.192
714.857
622.474
518.095
402.584
277.792
145.733
8.89174
-129.642
-266.43
-397.784
-519.82
-628.849
-721.422
-794.918
-847.798
-880.296
-894.115
-892.553
-878.796
-853.574
-816.524
-768.265
-709.736
-641.433
-563.641
-476.26
-378.755
-267.927
-141.021
21.2875
202.161
950.369
923.119
882.573
825.81
755.583
669.388
568.315
458.47
345.157
230.938
119.14
12.8637
-87.0057
-179.826
-265.032
-342.555
-412.546
-475.282
-531.353
-581.454
-626.271
-666.178
-700.962
-729.407
-749.234
-757.837
-753.869
-737.957
-710.804
-672.552
-623.481
-564.133
-494.924
-415.697
-325.754
-222.055
-101.171
53.885
231.513
896.345
905.979
906.934
897.036
876.348
842.661
796.157
737.598
666.393
583.476
489.666
385.522
272.507
152.21
26.6581
-101.521
-229.292
-353.305
-469.925
-575.63
-667.029
-741.422
-797.033
-833.635
-852.385
-855.687
-846.236
-824.972
-791.739
-747.045
-691.767
-626.425
-551.303
-466.307
-370.93
-262.146
-137.485
20.7164
194.216
879.37
855.033
818.716
767.656
704.499
626.831
535.529
436.165
333.542
229.794
127.811
30.3217
-62.0776
-148.94
-229.756
-304.456
-373.045
-435.529
-492.184
-543.346
-589.39
-630.462
-666.292
-695.786
-716.993
-727.665
-726.338
-713.221
-688.863
-653.403
-607.052
-550.263
-483.412
-406.34
-318.369
-216.614
-97.986
52.9136
222.587
829.143
837.615
838.204
828.872
809.867
779.152
736.942
684
619.74
544.987
460.396
366.312
263.895
154.37
39.3788
-78.8612
-197.733
-314.236
-425.033
-526.798
-616.251
-690.673
-748.111
-787.952
-810.894
-818.598
-813.24
-795.818
-766.335
-725.201
-673.209
-610.884
-538.508
-455.991
-362.858
-256.271
-134.056
19.7475
185.888
813.985
792.178
759.51
713.375
656.295
585.966
503.098
412.807
319.494
224.973
131.779
42.3451
-42.9396
-123.807
-199.865
-271.083
-337.419
-398.739
-455.09
-506.546
-553.205
-595.019
-631.64
-662.042
-684.497
-697.042
-698.193
-687.803
-666.238
-633.599
-590.022
-535.869
-471.463
-396.645
-310.762
-211.107
-94.9323
51.5321
213.331
767.276
774.709
774.931
766.041
748.433
720.229
681.666
633.517
575.233
507.547
431.013
345.819
252.896
153.181
47.9786
-60.8611
-171.103
-280.1
-384.829
-482.2
-569.089
-642.793
-701.251
-743.534
-769.944
-781.553
-780.013
-766.271
-740.426
-702.807
-654.106
-594.835
-525.269
-445.321
-354.546
-250.312
-130.74
18.3959
177.205
753.725
734.123
704.635
662.781
610.979
547.015
471.48
389.103
303.94
217.56
132.222
50.1252
-28.4993
-103.542
-174.722
-242.093
-305.613
-365.087
-420.431
-471.546
-518.312
-560.503
-597.682
-628.847
-652.424
-666.647
-670.056
-662.225
-643.332
-613.43
-572.586
-521.07
-459.146
-386.651
-302.958
-205.547
-92.0216
49.7515
203.782
710.263
716.766
716.636
708.095
691.665
665.61
630.178
586.16
533.047
471.512
402.036
324.703
240.265
149.443
53.2454
-46.7951
-148.771
-250.388
-348.938
-441.587
-525.403
-597.746
-656.495
-700.481
-729.663
-744.672
-746.643
-736.389
-714.058
-679.893
-634.476
-578.289
-511.594
-434.301
-346.003
-244.279
-127.552
16.6792
168.206
698.129
680.467
653.764
615.666
568.472
510.077
440.974
365.538
287.545
208.37
130.061
54.6195
-17.8374
-87.3207
-153.653
-216.974
-277.291
-334.402
-388.164
-438.365
-484.735
-526.909
-564.359
-596.088
-620.609
-636.299
-641.755
-636.329
-620.018
-592.806
-554.684
-505.83
-446.443
-376.351
-294.958
-199.945
-89.2624
47.5972
193.976
657.666
663.33
662.872
654.618
639.205
615.005
582.288
541.863
493.257
437.104
373.839
303.469
226.611
143.81
55.8557
-35.9939
-130.136
-224.596
-316.981
-404.721
-485.078
-555.522
-613.924
-658.939
-690.238
-708.128
-713.269
-706.285
-687.312
-656.516
-614.359
-561.272
-497.497
-422.944
-337.238
-238.181
-124.497
14.6145
158.934
646.79
630.832
606.59
571.807
528.67
475.177
411.747
342.444
270.79
198.024
126.009
56.5944
-10.1898
-74.4403
-136.06
-195.282
-252.169
-306.564
-358.307
-407.127
-452.664
-494.448
-531.886
-563.968
-589.253
-606.205
-613.491
-610.293
-596.44
-571.833
-536.391
-490.197
-433.384
-365.765
-286.778
-194.312
-86.663
45.0879
183.954
609.084
613.997
613.241
605.239
590.71
568.128
537.792
500.518
455.866
404.45
346.664
282.471
212.388
136.825
56.3922
-27.8835
-114.666
-202.264
-288.586
-371.318
-447.944
-516.06
-573.565
-619.002
-651.815
-672.07
-680.02
-676.06
-660.27
-632.735
-593.794
-543.811
-482.998
-411.262
-328.261
-232.029
-121.582
12.229
149.432
599.337
584.889
562.821
530.983
491.437
442.29
383.893
320.039
254.024
186.977
120.612
56.6511
-4.93133
-64.2923
-121.411
-176.585
-229.949
-281.394
-330.793
-377.855
-422.177
-463.229
-500.367
-532.567
-558.408
-576.411
-585.305
-584.152
-572.626
-550.536
-517.726
-474.188
-419.981
-354.905
-278.43
-188.659
-84.2274
42.254
173.758
564.174
568.416
567.389
559.612
545.862
524.711
496.481
461.986
420.829
373.601
320.67
261.978
197.958
128.919
55.3271
-21.9798
-101.892
-182.973
-263.4
-341.117
-413.828
-479.279
-535.424
-580.745
-614.524
-636.638
-647.027
-645.821
-633.02
-608.617
-572.83
-525.939
-468.12
-399.273
-319.088
-225.833
-118.808
9.55059
139.743
555.433
542.331
522.198
492.986
456.636
411.362
357.458
298.468
237.494
175.569
114.292
55.2728
-1.54857
-56.3754
-109.233
-160.484
-210.319
-258.695
-305.524
-350.54
-393.331
-433.344
-469.912
-502
-528.189
-547.029
-557.307
-558.006
-548.66
-528.982
-498.742
-457.84
-406.263
-343.79
-269.927
-182.997
-81.9565
39.1254
163.431
522.62
526.263
524.995
517.423
504.368
484.5
458.147
426.124
388.075
344.571
295.964
242.178
183.588
120.425
53.0478
-17.8622
-91.3927
-166.323
-241.078
-313.839
-382.537
-445.071
-499.476
-544.22
-578.473
-601.967
-614.416
-615.682
-605.654
-584.237
-551.521
-507.697
-452.892
-386.997
-309.734
-219.601
-116.176
6.61289
129.921
514.776
502.875
484.474
457.616
424.127
382.321
332.449
277.828
221.379
164.066
107.382
52.8467
0.372733
-50.2634
-99.1261
-146.619
-192.993
-238.26
-282.384
-325.147
-366.158
-404.868
-440.61
-472.353
-498.675
-518.14
-529.58
-531.933
-524.609
-507.228
-479.483
-441.188
-392.255
-332.441
-261.289
-177.335
-79.8505
35.7391
153.025
484.139
487.247
485.769
478.389
465.969
447.256
422.588
392.781
357.514
317.338
272.594
223.2
169.485
111.625
49.8904
-15.1632
-82.7871
-151.949
-221.295
-289.224
-353.878
-413.318
-465.686
-509.458
-543.748
-568.178
-582.311
-585.753
-578.27
-559.672
-529.929
-489.129
-437.346
-374.457
-300.215
-213.344
-113.682
3.4521
120.017
477.098
466.272
449.429
424.687
393.77
355.087
308.851
258.171
205.808
152.662
100.14
49.6778
1.17793
-45.5947
-90.7327
-134.666
-177.691
-219.875
-261.237
-301.611
-340.652
-377.844
-412.538
-443.715
-469.953
-489.835
-502.216
-506.022
-500.554
-485.343
-460.005
-424.275
-377.99
-320.883
-252.529
-171.683
-77.9035
32.1315
142.589
448.479
451.115
449.455
442.258
430.421
412.757
389.616
361.808
329.042
291.854
250.579
205.131
155.806
102.737
46.1237
-13.5782
-75.7534
-139.536
-203.757
-267.013
-327.652
-383.894
-433.996
-476.474
-510.416
-535.376
-550.825
-556.143
-550.966
-535.007
-508.119
-470.288
-421.521
-361.682
-290.55
-207.071
-111.32
0.107068
110.085
442.158
432.299
416.859
394.028
365.431
329.573
286.631
239.525
190.865
141.502
92.7598
46.0091
1.14862
-42.0674
-83.7462
-124.335
-164.157
-203.331
-241.928
-279.846
-316.789
-352.289
-385.737
-416.145
-442.101
-462.193
-475.3
-480.358
-476.573
-463.394
-440.367
-407.149
-363.505
-309.142
-243.67
-166.048
-76.1084
28.3434
132.174
415.417
417.631
415.814
408.799
397.502
380.8
359.052
333.057
302.553
268.064
229.913
188.02
142.653
93.9143
41.953
-12.8613
-70.0197
-128.794
-188.181
-246.96
-303.658
-356.655
-404.328
-445.25
-478.522
-503.652
-520.064
-526.961
-523.843
-510.33
-486.165
-451.228
-405.459
-348.701
-280.76
-200.787
-109.081
-3.37904
100.181
409.741
400.753
386.578
365.479
338.988
305.693
265.747
221.893
176.603
130.685
85.3931
42.0298
0.49937
-39.4446
-77.9171
-115.372
-152.158
-188.427
-224.306
-259.748
-294.515
-328.199
-360.24
-389.7
-415.183
-435.29
-448.917
-455.026
-452.747
-441.455
-420.632
-389.861
-348.839
-297.25
-234.731
-160.44
-74.4541
24.4188
121.832
384.748
386.586
384.637
377.804
367.013
351.198
330.729
306.387
277.94
245.896
210.574
171.893
130.106
85.2892
37.5527
-12.7955
-65.342
-119.471
-174.325
-228.84
-281.708
-331.46
-376.598
-415.763
-448.091
-473.081
-490.124
-498.308
-497
-485.731
-464.142
-432.011
-389.207
-335.55
-270.866
-194.502
-106.951
-6.961
90.3625
379.651
371.447
358.418
338.893
314.319
283.362
246.151
205.269
163.06
120.294
78.1563
37.894
-0.582566
-37.5125
-73.0179
-107.553
-141.477
-174.977
-208.219
-241.207
-273.765
-305.548
-336.06
-364.417
-389.254
-409.192
-423.145
-430.108
-429.155
-419.6
-400.865
-372.466
-334.038
-285.237
-225.732
-154.864
-72.9279
20.3997
111.617
356.285
357.793
355.733
349.085
338.768
323.778
304.489
281.664
255.094
225.278
192.523
156.758
118.216
76.9592
33.0656
-13.2066
-61.5172
-111.35
-161.968
-212.444
-261.617
-308.164
-350.709
-387.974
-419.136
-443.714
-461.086
-470.278
-470.535
-461.301
-442.13
-412.703
-372.817
-322.264
-260.891
-188.22
-104.916
-10.597
80.684
351.71
344.218
332.225
314.138
291.314
262.494
227.791
189.636
150.254
110.378
71.1381
33.7238
-1.94807
-36.1065
-68.8709
-100.692
-131.935
-162.812
-193.521
-224.109
-254.461
-284.298
-313.192
-340.319
-364.358
-383.958
-398.054
-405.684
-405.88
-397.907
-381.135
-355.023
-319.147
-273.141
-216.697
-149.325
-71.5119
16.3319
101.581
329.862
331.078
328.931
322.468
312.601
298.383
280.187
258.758
233.911
206.13
175.716
142.603
107.011
68.9923
28.6003
-13.9487
-58.374
-104.236
-150.903
-197.569
-243.208
-286.623
-326.56
-361.827
-391.65
-415.59
-433.025
-442.962
-444.542
-437.132
-420.211
-393.373
-356.344
-308.887
-250.86
-181.949
-102.957
-14.2387
71.2028
325.757
318.91
307.863
291.09
269.867
243.009
210.612
174.968
138.188
100.973
64.401
29.6076
-3.48226
-35.0858
-65.3197
-94.6237
-123.364
-151.77
-180.065
-208.335
-236.517
-264.395
-291.61
-317.411
-340.524
-359.638
-373.71
-381.826
-382.998
-376.451
-361.513
-337.594
-304.218
-260.997
-207.648
-143.829
-70.1877
12.2602
91.7761
305.328
306.285
304.074
297.794
288.357
274.864
257.686
237.549
214.29
188.376
160.103
129.411
96.5077
61.4373
24.2394
-14.9055
-55.7646
-97.9621
-140.958
-184.044
-226.319
-266.702
-304.05
-337.259
-365.616
-388.731
-405.996
-416.433
-419.104
-413.311
-398.466
-374.094
-339.846
-295.457
-240.8
-175.691
-101.057
-17.841
61.9722
301.648
295.384
285.2
269.633
249.88
224.828
194.559
161.232
126.856
92.1005
57.9919
25.6161
-5.09178
-34.3366
-62.2322
-89.208
-115.623
-141.715
-167.725
-193.775
-219.848
-245.784
-271.292
-295.69
-317.774
-336.268
-350.168
-358.602
-360.582
-355.307
-342.071
-320.242
-289.305
-248.848
-198.608
-138.379
-68.9348
8.22882
82.2506
282.545
283.275
281.017
274.924
265.897
253.087
236.86
217.924
196.132
171.938
145.628
117.152
86.7066
54.328
20.0479
-15.9822
-53.5671
-92.3878
-131.974
-171.712
-210.8
-248.269
-283.075
-314.205
-341.008
-363.147
-380.048
-390.762
-394.303
-389.922
-376.982
-354.937
-323.382
-282.024
-230.733
-169.453
-99.19
-21.3582
53.044
279.248
273.515
264.118
249.658
231.26
207.876
179.576
148.397
116.247
83.7703
51.9438
21.8043
-6.70416
-33.7736
-59.5108
-84.3301
-108.586
-132.518
-156.38
-180.318
-204.36
-228.394
-252.191
-275.146
-296.116
-313.88
-327.476
-336.077
-338.705
-334.549
-322.879
-303.032
-274.458
-236.731
-189.602
-132.977
-67.7322
4.28102
73.0515
261.387
261.918
259.628
253.723
245.091
232.927
217.593
199.776
179.345
156.739
132.236
105.794
77.598
47.6845
16.072
-17.1055
-51.6848
-87.3909
-123.819
-160.431
-196.512
-231.194
-263.53
-292.588
-317.782
-338.838
-355.211
-366.007
-370.212
-367.047
-355.835
-335.978
-307.016
-268.628
-220.692
-163.238
-97.338
-24.7524
44.4661
258.433
253.184
244.509
231.069
213.922
192.081
165.608
136.425
106.344
75.9833
46.2756
18.21
-8.2612
-33.3181
-57.0626
-79.8891
-102.143
-124.066
-145.917
-167.865
-189.964
-212.153
-234.261
-255.749
-275.548
-292.495
-305.673
-314.301
-317.431
-314.247
-304.008
-286.028
-259.735
-224.688
-180.654
-127.626
-66.5561
0.454448
64.2216
241.737
242.094
239.786
234.072
225.82
214.269
199.776
183.005
163.839
142.704
119.87
95.297
69.1684
41.5123
12.3468
-18.2153
-50.0335
-82.8709
-116.374
-150.071
-183.329
-215.362
-245.316
-272.335
-295.897
-315.787
-331.504
-342.211
-346.896
-344.763
-335.104
-317.287
-290.809
-255.32
-210.699
-157.051
-95.4811
-27.9799
36.2804
239.093
234.287
226.273
213.775
197.786
177.376
152.602
125.278
97.1237
68.7348
40.9982
14.8594
-9.72298
-32.9155
-54.8165
-75.8023
-96.2061
-116.266
-136.243
-156.32
-176.578
-196.995
-217.449
-237.469
-256.061
-272.122
-284.787
-293.321
-296.817
-294.466
-285.525
-269.296
-245.19
-212.762
-171.785
-122.329
-65.3868
-3.20782
55.8003
223.489
223.695
221.383
215.86
207.976
197.007
183.307
167.516
149.531
129.762
108.471
85.6241
61.3957
35.8158
8.89392
-19.2666
-48.5471
-78.7415
-109.54
-140.526
-171.136
-200.666
-228.336
-253.372
-275.306
-293.977
-308.94
-319.413
-324.413
-323.137
-314.864
-298.937
-274.821
-242.147
-200.784
-150.896
-93.5914
-31.0069
28.5273
221.125
216.722
209.316
197.689
182.774
163.697
140.506
114.917
88.5624
62.0135
36.116
11.7698
-11.0588
-32.5252
-52.72
-72.0042
-90.6962
-109.032
-127.268
-145.596
-164.118
-182.845
-201.697
-220.268
-237.636
-252.764
-264.84
-273.176
-276.917
-275.268
-267.492
-252.896
-230.88
-200.993
-163.023
-117.087
-64.1977
-6.6747
47.8216
206.545
206.619
204.315
198.985
191.455
181.042
168.093
153.222
136.342
117.845
97.9844
76.733
54.2578
30.5863
5.72842
-20.2259
-47.1725
-74.9305
-103.23
-131.699
-159.836
-187.005
-212.503
-235.62
-255.949
-273.377
-287.513
-297.637
-302.805
-302.227
-295.18
-280.994
-259.114
-229.152
-190.976
-144.777
-91.6551
-33.7976
21.2414
204.434
200.398
193.553
182.734
168.816
150.98
129.269
105.303
80.6323
55.8051
31.6255
8.95151
-12.2446
-32.1095
-50.7267
-68.4386
-85.551
-102.291
-118.913
-135.615
-152.509
-169.634
-186.949
-204.105
-220.249
-234.413
-245.843
-253.894
-257.772
-256.704
-249.97
-236.886
-216.854
-189.423
-154.387
-111.902
-62.9728
-9.91309
40.313
190.816
190.776
188.49
183.352
176.166
166.283
154.044
140.041
124.196
106.885
88.3549
68.5806
47.7245
25.8136
2.85498
-21.0684
-45.8676
-71.3817
-97.3699
-123.504
-149.336
-174.288
-197.726
-219.007
-237.771
-253.952
-267.215
-276.896
-282.11
-282.087
-276.113
-263.521
-243.745
-216.385
-181.3
-138.7
-89.6521
-36.3259
14.449
188.932
185.233
178.904
168.835
155.846
139.168
118.842
96.3964
73.3044
50.0902
27.52
6.40782
-13.2682
-31.6446
-48.8011
-65.0609
-80.7154
-95.9839
-111.115
-126.305
-141.681
-157.297
-173.149
-188.935
-203.871
-217.059
-227.801
-235.498
-239.418
-238.822
-233.012
-221.322
-203.163
-178.091
-145.903
-106.776
-61.6917
-12.8969
33.2983
176.216
176.079
173.819
168.874
162.02
152.645
141.08
127.895
113.02
96.8195
79.5266
61.1244
41.7668
21.4818
0.274074
-21.7798
-44.5998
-68.0445
-91.8985
-115.87
-139.555
-162.435
-183.931
-203.463
-220.717
-235.666
-248.028
-257.197
-262.355
-262.759
-257.718
-246.576
-228.767
-203.886
-171.782
-132.673
-87.5671
-38.5677
8.1705
174.538
171.148
165.294
155.922
143.8
128.205
109.177
88.1588
66.5489
44.8485
23.7862
4.13544
-14.123
-31.1162
-46.9183
-61.8357
-76.145
-90.0574
-103.813
-117.606
-131.568
-145.773
-160.238
-174.71
-188.469
-200.682
-210.71
-218.001
-221.887
-221.664
-216.666
-206.254
-189.854
-167.031
-137.591
-101.713
-60.3377
-15.6025
26.7955
162.669
162.448
160.224
155.471
148.938
140.049
129.125
116.713
102.751
87.5883
71.4497
54.3223
36.354
17.5713
-2.01943
-22.349
-43.3449
-64.8811
-86.7656
-108.735
-130.427
-151.372
-171.045
-188.922
-204.729
-218.476
-229.93
-238.537
-243.556
-244.277
-240.04
-230.21
-214.231
-191.697
-162.45
-126.699
-85.3891
-40.5039
2.42287
161.176
158.07
152.656
143.932
132.619
118.038
100.228
80.5528
60.336
40.0574
20.4105
2.12783
-14.8069
-30.5129
-45.0594
-58.7363
-71.806
-84.4692
-96.958
-109.462
-122.116
-135.005
-148.166
-161.385
-174.005
-185.258
-194.562
-201.411
-205.197
-205.26
-200.972
-191.725
-176.969
-156.281
-129.471
-96.7172
-58.9002
-18.014
20.8156
150.102
149.811
147.629
143.066
136.845
128.42
118.106
106.424
93.3224
79.1338
64.0738
48.1336
31.4547
14.0631
-4.0343
-22.7719
-42.0861
-61.8631
-81.9281
-102.046
-121.889
-141.033
-159
-175.318
-189.752
-202.339
-212.89
-220.908
-225.721
-226.666
-223.116
-214.466
-200.179
-179.854
-153.328
-120.79
-83.1077
-42.1213
-2.78703
148.777
145.931
140.925
132.805
122.248
108.619
91.9537
73.5403
54.6349
35.6947
17.3781
0.377291
-15.3202
-29.8278
-43.2098
-55.7414
-67.6682
-79.183
-90.5067
-101.824
-113.27
-124.938
-136.879
-148.914
-160.445
-170.763
-179.343
-185.725
-189.359
-189.635
-185.964
-177.775
-164.546
-145.871
-121.564
-91.7945
-57.3688
-20.1184
15.3622
138.449
138.099
135.965
131.59
125.671
117.692
107.958
96.9684
84.6762
71.4016
57.3501
42.5166
27.0355
10.934
-5.78134
-23.0494
-40.8112
-58.9645
-77.351
-95.7578
-113.89
-131.359
-147.738
-162.595
-175.732
-187.21
-196.879
-204.294
-208.852
-209.94
-206.973
-199.382
-186.65
-168.392
-144.437
-114.953
-80.7208
-43.414
-7.45647
137.275
134.669
130.039
122.484
112.634
99.8977
84.3101
67.0865
49.4157
31.7358
14.6696
-1.12853
-15.6704
-29.0616
-41.3643
-52.8358
-63.7103
-74.17
-84.4242
-94.652
-104.986
-115.525
-126.33
-137.252
-147.747
-157.166
-165.034
-170.936
-174.38
-174.806
-171.668
-164.435
-152.616
-135.828
-113.888
-86.9479
-55.7391
-21.9089
10.4363
127.647
127.249
125.168
120.979
115.352
107.801
98.6189
88.2846
76.7561
64.3401
51.2335
37.4319
23.0653
8.16036
-7.27503
-23.1845
-39.5135
-56.1683
-73.0056
-89.8326
-106.382
-122.301
-137.202
-150.697
-162.618
-173.043
-181.861
-188.672
-192.943
-194.109
-191.633
-184.984
-173.677
-157.341
-135.801
-109.199
-78.2274
-44.3788
-11.5898
126.611
124.224
119.944
112.915
103.728
91.8308
77.2571
61.1552
44.6485
28.1554
12.2656
-2.40455
-15.8652
-28.2166
-39.5177
-50.0105
-59.9162
-69.4069
-78.681
-87.9101
-97.2234
-106.721
-116.474
-126.356
-135.873
-144.435
-151.611
-157.032
-160.259
-160.782
-158.101
-151.729
-141.206
-126.176
-106.46
-82.1862
-54.0069
-23.3848
6.03147
117.64
117.202
115.178
111.172
105.828
98.6854
90.0301
80.3166
69.5093
57.9009
45.6792
32.8419
19.5134
5.71983
-8.52997
-23.1833
-38.1887
-53.4608
-68.869
-84.2386
-99.3256
-113.811
-127.343
-139.573
-150.358
-159.793
-167.796
-174.016
-177.977
-179.171
-177.106
-171.295
-161.284
-146.724
-127.438
-103.539
-75.6289
-45.0198
-15.1965
116.727
114.542
110.586
104.05
95.4847
84.3755
70.7571
55.7121
40.3033
24.9291
10.1461
-3.46502
-15.9149
-27.2971
-37.6688
-47.2581
-56.2722
-64.8741
-73.251
-81.5662
-89.9448
-98.4869
-107.268
-116.183
-124.785
-132.534
-139.048
-143.994
-146.987
-147.565
-145.276
-139.673
-130.337
-116.934
-99.2927
-77.5166
-52.1757
-24.5475
2.1365
108.372
107.903
105.939
102.113
97.0417
90.2915
82.1374
73.0125
62.8867
52.0382
40.6456
28.7094
16.3481
3.58789
-9.56311
-23.0534
-36.8363
-50.8325
-64.9232
-78.9482
-92.6875
-105.849
-118.117
-129.176
-138.906
-147.416
-154.649
-160.296
-163.938
-165.12
-163.397
-158.326
-149.49
-136.561
-119.365
-97.985
-72.9337
-45.3446
-18.2911
107.57
105.572
101.917
95.8409
87.8588
77.491
64.773
50.7253
36.3521
22.032
8.2909
-4.32614
-15.8302
-26.31
-35.8196
-44.5745
-52.7692
-60.5564
-68.1135
-75.594
-83.1192
-90.7862
-98.6737
-106.695
-114.444
-121.431
-127.314
-131.801
-134.551
-135.151
-133.195
-128.28
-120.023
-108.118
-92.4001
-72.948
-50.2504
-25.407
-1.26519
99.7931
99.2997
97.3982
93.7497
88.9415
82.5669
74.8902
66.3239
56.8415
46.708
36.0933
24.9998
13.5404
1.74006
-10.3913
-22.8055
-35.4585
-48.2778
-61.1539
-73.9404
-86.4377
-98.3805
-109.482
-119.461
-128.218
-135.869
-142.379
-147.478
-150.801
-151.942
-150.502
-146.083
-138.307
-126.868
-111.598
-92.5488
-70.1512
-45.3671
-20.8942
99.091
97.2644
93.8891
88.2439
80.8094
71.1397
59.2702
46.1633
32.7671
19.4405
6.67947
-5.00514
-15.6245
-25.2635
-33.9741
-41.9587
-49.4002
-56.4424
-63.2509
-69.9709
-76.718
-83.5861
-90.6557
-97.8535
-104.813
-111.089
-116.379
-120.426
-122.931
-123.528
-121.856
-117.553
-110.274
-99.7397
-85.7928
-68.4894
-48.2394
-25.9747
-4.19301
91.8563
91.3447
89.5079
86.0325
81.4785
75.4633
68.2416
60.2047
51.3302
41.8699
31.9854
21.6799
11.0611
0.154126
-11.0316
-22.4497
-34.0592
-45.7924
-57.5493
-69.1964
-80.5508
-91.3728
-101.403
-110.389
-118.25
-125.107
-130.944
-135.527
-138.537
-139.616
-138.41
-134.565
-127.74
-117.655
-104.147
-87.243
-67.2945
-45.1041
-23.0291
91.2443
89.5758
86.4605
81.2182
74.2979
65.2847
54.2153
41.9962
29.5211
17.1307
5.29172
-5.51803
-15.3107
-24.167
-32.1373
-39.4118
-46.162
-52.5226
-58.6486
-64.6769
-70.7161
-76.8575
-83.1803
-89.6227
-95.854
-101.473
-106.21
-109.841
-112.106
-112.682
-111.249
-107.489
-101.092
-91.8049
-79.4796
-64.1498
-46.1533
-26.2667
-6.67158
84.5174
83.993
82.2225
78.9159
74.6066
68.9355
62.1469
54.6118
46.3116
37.4852
28.2855
18.7173
8.88278
-1.19347
-11.5013
-21.9975
-32.6431
-43.3748
-54.1011
-64.6999
-75.0052
-84.7982
-93.846
-101.922
-108.962
-115.09
-120.306
-124.406
-127.115
-128.118
-127.105
-123.764
-117.789
-108.927
-97.0222
-82.08
-64.3788
-44.5766
-24.7227
83.9866
82.4638
79.5901
74.7251
68.2874
59.8923
49.5767
38.195
26.5885
15.0796
4.10774
-5.8822
-14.9023
-23.0304
-30.3153
-36.9355
-43.0515
-48.7896
-54.295
-59.6949
-65.0922
-70.5739
-76.2165
-81.9698
-87.5341
-92.5473
-96.7723
-100.014
-102.047
-102.589
-101.361
-98.0802
-92.475
-84.3166
-73.4664
-59.939
-44.0056
-26.3032
-8.72736
77.735
77.2025
75.4992
72.3571
68.2834
62.9412
56.5647
49.5051
41.7472
33.5175
24.9605
16.0822
6.97923
-2.32417
-11.8179
-21.4605
-31.2154
-41.0241
-50.8025
-60.4383
-69.7807
-78.631
-86.78
-94.0245
-100.316
-105.779
-110.424
-114.077
-116.5
-117.42
-116.566
-113.665
-108.447
-100.685
-90.2306
-77.0715
-61.4209
-43.8078
-26.0062
77.2772
75.8886
73.2397
68.7279
62.7434
54.9297
45.3249
34.7324
23.9445
13.2657
3.1081
-6.11367
-14.4132
-21.8643
-28.515
-34.5326
-40.0675
-45.238
-50.1791
-55.0095
-59.8254
-64.7097
-69.7359
-74.8619
-79.8178
-84.2771
-88.0314
-90.912
-92.7258
-93.2265
-92.1709
-89.3139
-84.4158
-77.2732
-67.7575
-55.8661
-41.8114
-26.1059
-10.3895
71.4705
70.9341
69.2985
66.3161
62.469
57.441
51.4563
44.8472
37.6014
29.9333
21.9793
13.7462
5.32563
-3.25905
-11.9974
-20.8502
-29.783
-38.7415
-47.648
-56.4003
-64.8602
-72.8488
-80.1772
-86.665
-92.2754
-97.1325
-101.257
-104.499
-106.656
-107.489
-106.767
-104.25
-99.7041
-92.9254
-83.7762
-72.228
-58.4388
-42.8238
-26.9113
71.0784
69.8135
67.3735
63.1923
57.6332
50.3665
41.4312
31.583
21.5656
11.6676
2.27429
-6.22843
-13.8558
-20.6783
-26.7431
-32.2066
-37.2097
-41.863
-46.292
-50.6071
-54.8981
-59.2428
-63.7114
-68.2688
-72.672
-76.6273
-79.9518
-82.5013
-84.1097
-84.5645
-83.6559
-81.1716
-76.903
-70.6702
-62.3546
-51.94
-39.5866
-25.6989
-11.6898
65.6878
65.1511
63.5831
60.7557
57.1261
52.398
46.7857
40.6032
33.8406
26.7007
19.3121
11.6826
3.89812
-4.01821
-12.056
-20.178
-28.3523
-36.5279
-44.6337
-52.5756
-60.2286
-67.4304
-74.0115
-79.8124
-84.806
-89.1145
-92.7666
-95.6347
-97.5444
-98.2922
-97.6782
-95.4972
-91.5448
-85.6416
-77.6598
-67.5595
-55.451
-41.6515
-27.472
65.3546
64.2038
61.958
58.086
52.9263
46.1743
37.8694
28.7216
19.4296
10.2651
1.58876
-6.24183
-13.2429
-19.4825
-25.0061
-29.9609
-34.478
-38.6607
-42.6256
-46.4753
-50.293
-54.1518
-58.1179
-62.1619
-66.0649
-69.5638
-72.4986
-74.7463
-76.1652
-76.5728
-75.7891
-73.6321
-69.9215
-64.4996
-57.2575
-48.1681
-37.3477
-25.1078
-12.6602
60.3531
59.8192
58.3185
55.6411
52.22
47.7778
42.519
36.7403
30.4335
23.7901
16.9318
9.86635
2.67491
-4.62036
-12.009
-19.4554
-26.9301
-34.3856
-41.7561
-48.9563
-55.8722
-62.357
-68.259
-73.4375
-77.8741
-81.6883
-84.914
-87.4431
-89.1272
-89.7921
-89.2682
-87.3796
-83.9503
-78.823
-71.8806
-63.0746
-52.476
-40.3187
-27.7229
60.0726
59.0268
56.9616
53.3792
48.5941
42.3256
34.6139
26.1254
17.5153
9.03953
1.03476
-6.16816
-12.5867
-18.286
-23.3107
-27.7988
-31.8725
-35.6277
-39.173
-42.6029
-45.995
-49.417
-52.931
-56.5127
-59.9651
-63.0528
-65.6363
-67.6109
-68.8568
-69.2179
-68.5409
-66.6711
-63.4534
-58.7506
-52.4634
-44.5571
-35.1109
-24.3579
-13.3337
55.4345
54.9062
53.4721
50.9397
47.7182
43.5484
38.6251
33.2279
27.3507
21.1742
14.8125
8.27399
1.63514
-5.08299
-11.8702
-18.6926
-25.5226
-32.3161
-39.0127
-45.5342
-51.7776
-57.6105
-62.8971
-67.5132
-71.4486
-74.8187
-77.6613
-79.8852
-81.3646
-81.9517
-81.5029
-79.8688
-76.8989
-72.4566
-66.435
-58.7802
-49.5309
-38.8531
-27.6991
55.2013
54.2523
52.3549
49.0433
44.6096
38.7954
31.6413
23.7725
15.803
7.97287
0.59637
-6.02124
-11.8984
-17.098
-21.6633
-25.7239
-29.3933
-32.7608
-35.927
-38.9794
-41.9894
-45.0198
-48.1286
-51.2952
-54.343
-57.0619
-59.33
-61.0593
-62.1486
-62.4654
-61.8802
-60.2616
-57.4778
-53.41
-47.9682
-41.1126
-32.8923
-23.4757
-13.7436
50.9026
50.3821
49.0138
46.621
43.5904
39.6797
35.0744
30.0377
24.5652
18.827
12.9304
6.88391
0.759395
-5.4229
-11.653
-17.8993
-24.1355
-30.3211
-36.4005
-42.3025
-47.9333
-53.1743
-57.9039
-62.0135
-65.4991
-68.4716
-70.9716
-72.9224
-74.2177
-74.7329
-74.3472
-72.9345
-70.367
-66.5266
-61.3171
-54.6814
-46.6332
-37.2817
-27.4352
50.7115
49.8516
48.1102
45.0516
40.9472
35.5595
28.9294
21.6426
14.2739
7.04858
0.259027
-5.81339
-11.1884
-15.9263
-20.0694
-23.7386
-27.0401
-30.0566
-32.8812
-35.5942
-38.2619
-40.9421
-43.6885
-46.4838
-49.1697
-51.5588
-53.5456
-55.0558
-56.0047
-56.2805
-55.7742
-54.3752
-51.9719
-48.4623
-43.7658
-37.8389
-30.7072
-22.4859
-13.9225
46.7296
46.2188
44.915
42.6566
39.8083
36.1439
31.8396
27.143
22.0514
16.7247
11.2632
5.67585
0.0299696
-5.65543
-11.3701
-17.0849
-22.7749
-28.4028
-33.9174
-39.254
-44.3279
-49.0321
-53.2592
-56.9135
-59.9966
-62.6145
-64.8094
-66.5168
-67.6479
-68.0976
-67.7651
-66.5449
-64.3289
-61.0156
-56.5194
-50.782
-43.7975
-35.6306
-26.9647
46.576
45.798
44.2014
41.3793
37.5833
32.5955
26.457
19.7163
12.9107
6.25118
0.00912737
-5.55633
-10.466
-14.778
-18.5335
-21.8454
-24.8126
-27.5118
-30.0288
-32.4377
-34.7993
-37.1667
-39.5898
-42.054
-44.4172
-46.5128
-48.2495
-49.5652
-50.3892
-50.6277
-50.1896
-48.9821
-46.9116
-43.891
-39.8483
-34.7388
-28.5691
-21.4126
-13.9017
42.8895
42.3899
41.1493
39.0201
36.3456
32.9149
28.8955
24.5196
19.7861
14.8451
9.79055
4.63104
-0.569885
-5.79451
-11.0328
-16.2575
-21.4455
-26.5621
-31.5606
-36.3822
-40.9504
-45.1692
-48.9431
-52.1893
-54.9132
-57.216
-59.1399
-60.6317
-61.617
-62.008
-61.7208
-60.6676
-58.758
-55.905
-52.0327
-47.0837
-41.0374
-33.924
-26.3197
42.7692
42.0666
40.6044
38.0029
34.4956
29.8824
24.2048
17.9759
11.6973
5.56617
-0.165691
-5.26038
-9.73978
-13.6595
-17.0598
-20.0459
-22.7097
-25.1225
-27.3632
-29.5
-31.5883
-33.6774
-35.8127
-37.9822
-40.0585
-41.8937
-43.4092
-44.5531
-45.2669
-45.4721
-45.0929
-44.0524
-42.2721
-39.6781
-36.2068
-31.8134
-26.4906
-20.2789
-13.7119
39.358
38.871
37.6922
35.6867
33.1777
29.9686
26.2182
22.1447
17.7475
13.1676
8.49316
3.73247
-1.05519
-5.85298
-10.6514
-15.4246
-20.1516
-24.8001
-29.3276
-33.6806
-37.7904
-41.5707
-44.9372
-47.8182
-50.2225
-52.2456
-53.9299
-55.2315
-56.0882
-56.427
-56.1786
-55.2705
-53.6271
-51.1747
-47.8463
-43.5866
-38.3647
-32.1845
-25.5309
39.2673
38.634
37.2964
34.9006
31.6632
27.4008
22.1548
16.4049
10.6188
4.98044
-0.2768
-4.93522
-9.01717
-12.5762
-15.6515
-18.3411
-20.7302
-22.8849
-24.8777
-26.7712
-28.6163
-30.4578
-32.3376
-34.2454
-36.0677
-37.6727
-38.993
-39.9861
-40.6031
-40.779
-40.451
-39.5557
-38.0278
-35.8049
-32.831
-29.0625
-24.4822
-19.1052
-13.3812
36.1126
35.6392
34.5204
32.6333
30.2817
27.2825
23.7861
19.9969
15.9153
11.6735
7.35368
2.96412
-1.43999
-5.84269
-10.2351
-14.5931
-18.8971
-23.1176
-27.2157
-31.143
-34.8376
-38.2225
-41.2234
-43.7781
-45.8985
-47.6745
-49.1476
-50.2819
-51.0257
-51.3187
-51.1038
-50.3215
-48.909
-46.8042
-43.9484
-40.2891
-35.789
-30.4323
-24.6267
36.048
35.4782
34.256
32.052
29.0666
25.1322
20.29
14.9878
9.66122
4.48186
-0.334605
-4.58919
-8.30484
-11.5329
-14.3112
-16.7313
-18.8719
-20.7944
-22.5653
-24.2418
-25.8705
-27.4925
-29.146
-30.822
-32.4195
-33.8218
-34.9709
-35.8316
-36.3643
-36.5147
-36.2315
-35.4623
-34.1534
-32.2521
-29.7097
-26.4845
-22.5526
-17.9104
-12.9361
33.132
32.6731
31.6125
29.8385
27.6364
24.8356
21.5787
18.0567
14.271
10.3453
6.3562
2.31167
-1.73689
-5.77437
-9.79241
-13.7686
-17.685
-21.5145
-25.2217
-28.7626
-32.0819
-35.1108
-37.784
-40.048
-41.9168
-43.4749
-44.7624
-45.7501
-46.3953
-46.6482
-46.4624
-45.7892
-44.5768
-42.7729
-40.3265
-37.1885
-33.318
-28.6855
-23.6331
33.0904
32.5788
31.4633
29.4379
26.6876
23.0596
18.5946
13.7103
8.81206
4.05948
-0.348329
-4.22983
-7.60838
-10.5331
-13.0407
-15.2161
-17.1324
-18.8463
-20.4188
-21.9021
-23.3389
-24.7664
-26.2197
-27.691
-29.0904
-30.3144
-31.3135
-32.0589
-32.5183
-32.6469
-32.4027
-31.743
-30.6236
-29.0003
-26.831
-24.0767
-20.7091
-16.7112
-12.401
30.3964
29.9526
28.9484
27.2823
25.2218
22.6085
19.5771
16.3061
12.7975
9.16699
5.48585
1.76184
-1.95731
-5.65745
-9.33076
-12.9565
-16.518
-19.9906
-23.3421
-26.5329
-29.5133
-32.2223
-34.6024
-36.6078
-38.2542
-39.6204
-40.745
-41.6046
-42.164
-42.3824
-42.222
-41.6433
-40.6038
-39.0598
-36.967
-34.2805
-30.9575
-26.9595
-22.5737
30.3751
29.9167
28.8999
27.0405
24.5093
21.1671
17.0539
12.5593
8.05964
3.70335
-0.326217
-3.86362
-6.93247
-9.57977
-11.8407
-13.7945
-15.5087
-17.0355
-18.4308
-19.7424
-21.0091
-22.2648
-23.5413
-24.8322
-26.0573
-27.1251
-27.9931
-28.6383
-29.0344
-29.1445
-28.9344
-28.3696
-27.4138
-26.0303
-24.1827
-21.8351
-18.9568
-15.522
-11.7977
27.8875
27.4593
26.5095
24.9461
23.0197
20.5834
17.7638
14.7282
11.4788
8.12381
4.72923
1.30268
-2.11163
-5.5005
-8.85658
-12.1608
-15.3977
-18.545
-21.5735
-24.4474
-27.1224
-29.5441
-31.6624
-33.4381
-34.888
-36.0857
-37.0679
-37.816
-38.301
-38.4896
-38.3515
-37.8546
-36.9643
-35.6443
-33.8564
-31.5597
-28.7115
-25.2678
-21.4696
27.8837
27.474
26.5485
24.8432
22.5159
19.4398
15.6546
11.5227
7.39333
3.4043
-0.275622
-3.49616
-6.28099
-8.67486
-10.7117
-12.465
-13.9973
-15.3565
-16.5939
-17.7531
-18.8693
-19.9733
-21.0941
-22.2262
-23.2982
-24.2294
-24.9834
-25.5418
-25.8832
-25.9778
-25.7976
-25.3149
-24.5002
-23.323
-21.7521
-19.7547
-17.2997
-14.3553
-11.1458
25.5881
25.1757
24.2783
22.8126
21.0131
18.7433
16.123
13.3079
10.3007
7.20233
4.07413
0.923255
-2.20917
-5.31106
-8.37554
-11.3851
-14.3257
-17.1767
-19.912
-22.4994
-24.8992
-27.0635
-28.9483
-30.5204
-31.7972
-32.8471
-33.7049
-34.356
-34.7766
-34.9399
-34.8213
-34.3953
-33.6337
-32.5063
-30.9807
-29.0199
-26.5823
-23.6214
-20.3394
25.5995
25.2342
24.3927
22.8304
20.6927
17.8643
14.3842
10.5893
6.80348
3.15439
-0.202972
-3.13221
-5.65692
-7.81978
-9.6533
-11.2256
-12.5944
-13.8038
-14.9007
-15.9247
-16.9079
-17.8783
-18.8621
-19.8546
-20.7925
-21.6044
-22.2594
-22.7427
-23.0373
-23.1189
-22.965
-22.5533
-21.8599
-20.8598
-19.5262
-17.8298
-15.7397
-13.221
-10.4624
23.4822
23.0859
22.2388
20.8657
19.186
17.073
14.6395
12.0307
9.24962
6.3902
3.50935
0.613838
-2.25828
-5.09591
-7.89265
-10.6324
-13.3024
-15.884
-18.3535
-20.6821
-22.8346
-24.7683
-26.4451
-27.8368
-28.9613
-29.8818
-30.6313
-31.1982
-31.5634
-31.705
-31.6037
-31.239
-30.5882
-29.6265
-28.326
-26.6539
-24.5706
-22.0289
-19.1989
23.5067
23.1818
22.4178
20.9878
19.026
16.4276
13.231
9.74901
6.28147
2.94647
-0.11383
-2.77572
-5.06268
-7.01527
-8.66454
-10.0736
-11.2956
-12.3713
-13.3432
-14.2476
-15.1135
-15.9663
-16.8297
-17.6999
-18.5203
-19.2283
-19.7975
-20.2162
-20.4707
-20.5415
-20.4106
-20.0602
-19.4711
-18.6228
-17.4925
-16.0539
-14.2776
-12.1276
-9.76231
21.555
21.1748
20.3759
19.0906
17.5239
15.5582
13.2998
10.8838
8.31341
5.67622
3.02486
0.365632
-2.26635
-4.86082
-7.41194
-9.90497
-12.3283
-14.665
-16.8938
-18.989
-20.9192
-22.6468
-24.1385
-25.3707
-26.3612
-27.1685
-27.8239
-28.3179
-28.6354
-28.7587
-28.6726
-28.361
-27.8055
-26.9859
-25.8784
-24.4541
-22.6758
-20.4974
-18.0619
21.5906
21.3025
20.6095
19.302
17.5032
15.1182
12.1846
8.9925
5.81929
2.77405
-0.012997
-2.42996
-4.49992
-6.26139
-7.74398
-9.00609
-10.0966
-11.0529
-11.914
-12.7126
-13.4752
-14.2246
-14.9824
-15.7453
-16.4632
-17.0808
-17.5757
-17.9387
-18.159
-18.221
-18.1103
-17.8128
-17.3132
-16.5947
-15.6381
-14.4201
-12.913
-11.0812
-9.058
19.7925
19.4284
18.6757
17.4735
16.0131
14.1856
12.0911
9.85503
7.48099
5.05028
2.61155
0.170681
-2.23993
-4.61091
-6.93693
-9.2045
-11.4031
-13.5175
-15.5286
-17.4134
-19.1441
-20.6874
-22.0146
-23.1059
-23.9788
-24.6874
-25.2607
-25.6919
-25.9684
-26.0763
-26.0036
-25.7379
-25.2644
-24.5665
-23.6244
-22.4123
-20.8963
-19.0318
-16.9397
19.8376
19.5827
18.9551
17.7605
16.1126
13.9252
11.2352
8.31133
5.40989
2.63155
0.0954041
-2.09749
-3.96972
-5.55775
-6.88979
-8.01976
-8.99263
-9.84269
-10.6054
-11.3106
-11.9822
-12.6409
-13.3061
-13.9752
-14.6036
-15.1427
-15.5733
-15.8885
-16.0798
-16.1345
-16.0415
-15.7896
-15.3667
-14.7591
-13.9506
-12.921
-11.6444
-10.0867
-8.36
18.182
17.8339
17.1253
16.0015
14.6411
12.9432
11.0018
8.93356
6.74215
4.50306
2.26116
0.0218889
-2.18486
-4.35063
-6.47047
-8.53219
-10.5263
-12.439
-14.2533
-15.9487
-17.5004
-18.8793
-20.0605
-21.0273
-21.7971
-22.4196
-22.9217
-23.2985
-23.5398
-23.6348
-23.5741
-23.3481
-22.945
-22.3515
-21.5507
-20.5203
-19.2292
-17.6356
-15.8415
18.235
18.0102
17.4423
16.3518
14.8433
12.8386
10.3739
7.69781
5.04687
2.514
0.207878
-1.78035
-3.4727
-4.9036
-6.09982
-7.11113
-7.97882
-8.73433
-9.40992
-10.0327
-10.6242
-11.2034
-11.7875
-12.3746
-12.9251
-13.396
-13.7712
-14.0453
-14.2119
-14.2608
-14.1832
-13.9706
-13.6133
-13.1004
-12.4182
-11.549
-10.4694
-9.14717
-7.6768
16.7116
16.3792
15.7127
14.6628
13.3962
11.8196
10.0212
8.10923
6.08756
4.02614
1.96626
-0.086997
-2.10619
-4.08363
-6.01483
-7.88876
-9.69685
-11.4268
-13.0634
-14.5883
-15.9797
-17.2119
-18.2635
-19.1206
-19.8
-20.3473
-20.7878
-21.1176
-21.3289
-21.413
-21.363
-21.1713
-20.8287
-20.3245
-19.6446
-18.7695
-17.6711
-16.3108
-14.7748
16.771
16.5733
16.0601
15.0653
13.6852
11.849
9.59243
7.14484
4.72456
2.41718
0.321629
-1.47999
-3.00894
-4.29767
-5.37154
-6.2764
-7.05019
-7.72167
-8.32019
-8.87028
-9.39152
-9.90087
-10.4141
-10.9295
-11.4121
-11.8239
-12.1513
-12.3903
-12.5359
-12.5801
-12.5161
-12.3373
-12.0362
-11.6039
-11.0291
-10.2966
-9.38506
-8.26466
-7.01518
15.3706
15.0536
14.4271
13.4467
12.268
10.8046
9.1395
7.37282
5.50873
3.6119
1.72023
-0.161519
-2.00824
-3.81304
-5.57183
-7.27457
-8.91365
-10.4781
-11.9542
-13.3258
-14.5737
-15.6752
-16.6119
-17.3722
-17.9724
-18.4543
-18.8413
-19.1307
-19.3163
-19.3914
-19.3508
-19.1888
-18.8982
-18.4704
-17.8937
-17.1513
-16.2179
-15.0582
-13.7451
15.4351
15.2615
14.7982
13.8911
12.6292
10.9482
8.88334
6.64604
4.4378
2.33736
0.434289
-1.19744
-2.57818
-3.73846
-4.70226
-5.51179
-6.20179
-6.79865
-7.32898
-7.81504
-8.27454
-8.7228
-9.17409
-9.62696
-10.0504
-10.411
-10.6972
-10.9061
-11.0338
-11.0743
-11.0222
-10.8725
-10.6194
-10.2557
-9.77233
-9.15591
-8.38756
-7.43996
-6.38043
14.1488
13.8471
13.2585
12.3433
11.2469
9.88909
8.34794
6.7161
4.99811
3.25346
1.51698
-0.20682
-1.8951
-3.54171
-5.14295
-6.68972
-8.17526
-9.58981
-10.9212
-12.1551
-13.2744
-14.2595
-15.0943
-15.7695
-16.3003
-16.7253
-17.0659
-17.3204
-17.4841
-17.5518
-17.5196
-17.3832
-17.1374
-16.775
-16.2865
-15.6573
-14.8648
-13.8774
-12.7567
14.2173
14.0654
13.6473
12.8204
11.667
10.1284
8.24003
6.19579
4.18196
2.27108
0.543766
-0.933488
-2.17995
-3.22428
-4.08912
-4.81331
-5.42868
-5.9593
-6.42938
-6.85908
-7.26436
-7.65915
-8.05625
-8.45455
-8.82656
-9.14288
-9.39358
-9.57663
-9.68934
-9.72681
-9.68507
-9.56036
-9.34823
-9.04309
-8.63726
-8.11945
-7.47289
-6.6729
-5.77632
13.0363
12.7494
12.1968
11.3429
10.3233
9.06395
7.63813
6.13141
4.54887
2.94476
1.35126
-0.227285
-1.77023
-3.27208
-4.72941
-6.1341
-7.48024
-8.75913
-9.95993
-11.07
-12.0744
-12.9558
-13.7004
-14.3004
-14.7706
-15.1459
-15.4464
-15.671
-15.816
-15.8775
-15.8528
-15.7387
-15.5313
-15.225
-14.8117
-14.2791
-13.6073
-12.7676
-11.8125
13.1079
12.9752
12.5983
11.8445
10.7905
9.38251
7.65631
5.78907
3.95328
2.21566
0.648324
-0.688714
-1.81362
-2.75335
-3.52929
-4.17712
-4.72599
-5.19786
-5.6147
-5.99476
-6.35251
-6.70047
-7.05022
-7.40092
-7.7282
-8.00612
-8.22624
-8.38724
-8.48719
-8.52231
-8.48963
-8.38641
-8.20928
-7.9539
-7.61395
-7.17982
-6.63674
-5.96271
-5.20569
12.0231
11.7504
11.2319
10.4353
9.4876
8.31979
7.00139
5.61101
4.15423
2.67988
1.21883
-0.225628
-1.63541
-3.00509
-4.33121
-5.60667
-6.8264
-7.98264
-9.0658
-10.0647
-10.9663
-11.7553
-12.42
-12.9539
-13.3709
-13.7032
-13.9689
-14.1677
-14.2968
-14.3533
-14.3352
-14.2405
-14.066
-13.8077
-13.4587
-13.0086
-12.4397
-11.7268
-10.9141
12.0967
11.9811
11.6415
10.9541
9.99123
8.70252
7.12532
5.42059
3.74931
2.17023
0.747759
-0.4627
-1.4779
-2.32343
-3.01963
-3.59927
-4.08894
-4.50873
-4.87856
-5.21496
-5.53098
-5.83794
-6.14633
-6.45552
-6.74388
-6.98854
-7.18234
-7.32445
-7.41355
-7.44678
-7.422
-7.33721
-7.18995
-6.97684
-6.69277
-6.32958
-5.87437
-5.30763
-4.66984
11.1027
10.8436
10.3571
9.61358
8.7326
7.64924
6.43056
5.14778
3.80726
2.45298
1.11531
-0.20449
-1.49216
-2.74149
-3.94819
-5.10622
-6.21144
-7.2569
-8.23408
-9.1333
-9.94294
-10.6497
-11.2437
-11.7194
-12.09
-12.3847
-12.6204
-12.7971
-12.9127
-12.9651
-12.9531
-12.8752
-12.7293
-12.5121
-12.2181
-11.8384
-11.3575
-10.7531
-10.0628
11.1775
11.0768
10.7706
10.1429
9.26285
8.08224
6.64082
5.08486
3.56614
2.13339
0.841915
-0.254698
-1.17116
-1.93207
-2.55687
-3.07567
-3.51271
-3.88635
-4.21467
-4.51265
-4.79204
-5.06314
-5.3354
-5.60838
-5.86282
-6.07874
-6.24987
-6.37581
-6.45577
-6.48758
-6.46976
-6.40082
-6.27909
-6.10197
-5.86531
-5.56225
-5.1816
-4.70623
-4.17033
10.275
10.0291
9.57251
8.87776
8.05772
7.05136
5.92382
4.73814
3.50342
2.2611
1.03357
-0.172565
-1.34826
-2.48717
-3.58429
-4.63485
-5.63563
-6.58045
-7.4617
-8.27105
-8.99828
-9.63183
-10.1631
-10.5875
-10.9173
-11.1794
-11.389
-11.5466
-11.6506
-11.6997
-11.693
-11.6297
-11.5083
-11.3264
-11.0794
-10.7599
-10.3542
-9.84285
-9.25737
10.35
10.2617
9.98506
9.41056
8.60493
7.52079
6.20209
4.78013
3.39388
2.09687
0.925519
-0.0674947
-0.894239
-1.57857
-2.13913
-2.60343
-2.9936
-3.32623
-3.61785
-3.88195
-4.12915
-4.36875
-4.60937
-4.85066
-5.07551
-5.26641
-5.41788
-5.52992
-5.60199
-5.63262
-5.62071
-5.56529
-5.46531
-5.31869
-5.1222
-4.87009
-4.55264
-4.15486
-3.70543
9.53464
9.30155
8.87331
8.22362
7.45963
6.52366
5.47994
4.38038
3.24337
2.10297
0.969095
-0.135903
-1.20934
-2.24544
-3.2407
-4.1923
-5.09749
-5.95044
-6.74457
-7.47268
-8.12595
-8.69407
-9.16952
-9.54877
-9.84312
-10.0768
-10.2641
-10.4056
-10.5001
-10.5468
-10.5452
-10.4947
-10.3947
-10.2431
-10.0363
-9.7682
-9.4269
-8.99531
-8.50037
9.60911
9.53143
9.28092
8.75341
8.01499
7.01653
5.81115
4.50886
3.23076
2.05641
0.995507
0.0978668
-0.646537
-1.26103
-1.76335
-2.17853
-2.52664
-2.82273
-3.0818
-3.31599
-3.53495
-3.74697
-3.95993
-4.17358
-4.37286
-4.54215
-4.67684
-4.7771
-4.84272
-4.87261
-4.86597
-4.82239
-4.74108
-4.62053
-4.45817
-4.24925
-3.98539
-3.65377
-3.27853
8.96298
8.73792
8.32511
7.7023
6.97262
6.08097
5.09796
4.06235
3.01459
1.94161
0.939736
-0.0580612
-1.04534
-1.99656
-2.91252
-3.79186
-4.62992
-5.41986
-6.15532
-6.82955
-7.43396
-7.95895
-8.39743
-8.74638
-9.01651
-9.23046
-9.40201
-9.5313
-9.6183
-9.66286
-9.66183
-9.61837
-9.53174
-9.39992
-9.21971
-8.98588
-8.68818
-8.31146
-7.87915
9.03582
8.96189
8.72238
8.21675
7.51522
6.56306
5.43982
4.23026
3.11011
2.04104
1.07104
0.247725
-0.435184
-0.999279
-1.4603
-1.84108
-2.15991
-2.43084
-2.66754
-2.88128
-3.08095
-3.27425
-3.4684
-3.66331
-3.8453
-3.99993
-4.12305
-4.21496
-4.27572
-4.3045
-4.30099
-4.26498
-4.19587
-4.09277
-3.95348
-3.774
-3.54703
-3.26137
-2.93754
8.50953
8.28938
7.88424
7.2758
6.56602
5.70345
4.76446
3.78073
2.81454
1.7925
0.933218
0.0365133
-0.878261
-1.75613
-2.60631
-3.4295
-4.21757
-4.96188
-5.6559
-6.29259
-6.8633
-7.35848
-7.77124
-8.0988
-8.35155
-8.55109
-8.71105
-8.83103
-8.91235
-8.95542
-8.95259
-8.91258
-8.83453
-8.71573
-8.55333
-8.34309
-8.07594
-7.7381
-7.35102
8.57967
8.50493
8.26675
7.76782
7.08407
6.15743
5.09657
3.94935
2.98866
2.02169
1.13532
0.377527
-0.254643
-0.778897
-1.20822
-1.56298
-1.86005
-2.11239
-2.3327
-2.53154
-2.71718
-2.89694
-3.07756
-3.25899
-3.42853
-3.57256
-3.68727
-3.77322
-3.83057
-3.8587
-3.85751
-3.82691
-3.76665
-3.67612
-3.55354
-3.39545
-3.19545
-2.94357
-2.65864
8.06732
7.85273
7.45654
6.8644
6.17658
5.34589
4.4524
3.52272
2.63459
1.66538
0.941911
0.136499
-0.710672
-1.51776
-2.3029
-3.07002
-3.80808
-4.50661
-5.15893
-5.75796
-6.29512
-6.76068
-7.14818
-7.45498
-7.691
-7.87688
-8.02603
-8.13741
-8.21343
-8.25547
-8.25123
-8.21479
-8.14547
-8.03956
-7.89453
-7.70716
-7.46951
-7.16912
-6.82642
8.13469
8.05974
7.82389
7.33362
6.66929
5.76997
4.76991
3.67727
2.86593
1.99611
1.19044
0.4972
-0.0846044
-0.56915
-0.96682
-1.2956
-1.57102
-1.80489
-2.00901
-2.19316
-2.36505
-2.53149
-2.69891
-2.86726
-3.02472
-3.15851
-3.26524
-3.34542
-3.39926
-3.4265
-3.42713
-3.40132
-3.34919
-3.27031
-3.16332
-3.02544
-2.85093
-2.63087
-2.38157
7.6391
7.43056
7.04449
6.47019
5.806
5.00941
4.16217
3.28823
2.47394
1.5626
0.961014
0.239539
-0.542039
-1.28165
-2.00376
-2.71531
-3.40362
-4.05656
-4.66728
-5.2288
-5.73257
-6.16894
-6.53177
-6.81834
-7.03823
-7.21097
-7.34989
-7.45316
-7.52447
-7.5659
-7.56083
-7.52811
-7.46726
-7.37361
-7.24488
-7.0788
-6.86845
-6.60228
-6.29784
7.70359
7.62895
7.39625
6.91633
6.27254
5.40222
4.46022
3.41986
2.7387
1.96366
1.23646
0.605856
0.073419
-0.371848
-0.738082
-1.04124
-1.29529
-1.511
-1.69914
-1.86883
-2.02717
-2.18055
-2.33495
-2.49048
-2.63615
-2.76012
-2.85942
-2.93458
-2.9859
-3.01327
-3.01674
-2.99659
-2.95307
-2.88593
-2.79405
-2.6752
-2.52444
-2.33435
-2.12068
7.22875
7.02664
6.65163
6.09643
5.457
4.69575
3.89455
3.07637
2.33063
1.48024
0.984684
0.341707
-0.374669
-1.04942
-1.71043
-2.36696
-3.00556
-3.61319
-4.18255
-4.70679
-5.17738
-5.58508
-5.92379
-6.19098
-6.39562
-6.55611
-6.6855
-6.78134
-6.84845
-6.88966
-6.88467
-6.85642
-6.8045
-6.72354
-6.61144
-6.46659
-6.2832
-6.05173
-5.79093
7.29032
7.21642
6.98747
6.51913
5.89613
5.05508
4.16675
3.17502
2.60292
1.92138
1.27207
0.702243
0.217882
-0.188653
-0.523639
-0.80134
-1.03426
-1.23217
-1.40483
-1.56053
-1.70579
-1.84653
-1.9882
-2.13117
-2.26506
-2.37887
-2.46976
-2.5384
-2.58536
-2.61075
-2.6149
-2.59833
-2.56143
-2.50424
-2.42602
-2.32485
-2.19632
-2.03326
-1.84711
6.83982
6.64439
6.28094
5.74558
5.13138
4.40581
3.64956
2.88565
2.20243
1.41326
1.00762
0.439551
-0.210487
-0.822361
-1.42424
-2.02615
-2.615
-3.17754
-3.70611
-4.1937
-4.63185
-5.01152
-5.32671
-5.57516
-5.76535
-5.91466
-6.03568
-6.12522
-6.18866
-6.22954
-6.2242
-6.19913
-6.15393
-6.08278
-5.98394
-5.8565
-5.69495
-5.48904
-5.24989
6.89843
6.82552
6.60055
6.14445
5.5417
4.72888
3.88872
2.93947
2.45528
1.86671
1.29618
0.785553
0.347764
-0.0206962
-0.324987
-0.577702
-0.78967
-0.96967
-1.12681
-1.26874
-1.4015
-1.53038
-1.66046
-1.79221
-1.91644
-2.02323
-2.10979
-2.17655
-2.22378
-2.25144
-2.25986
-2.24953
-2.22087
-2.17395
-2.10841
-2.02275
-1.9138
-1.77665
-1.62549
6.47642
6.28748
5.93524
5.41908
4.8292
4.1381
3.42441
2.71147
2.08406
1.35395
1.02235
0.52849
-0.0521086
-0.602307
-1.14696
-1.69454
-2.23312
-2.7502
-3.238
-3.68947
-4.09629
-4.44946
-4.74278
-4.97352
-5.14966
-5.28777
-5.40051
-5.48479
-5.54662
-5.5902
-5.58896
-5.57241
-5.53976
-5.48432
-5.40426
-5.29936
-5.16639
-5.00059
-4.82278
6.53208
6.45994
6.2383
5.79367
5.20858
4.42055
3.62151
2.70619
2.28954
1.79605
1.30716
0.854347
0.461639
0.13137
-0.142206
-0.371074
-0.563983
-0.727406
-0.869117
-0.996316
-1.11492
-1.23003
-1.34643
-1.464
-1.57379
-1.66672
-1.74095
-1.79772
-1.83776
-1.86134
-1.86891
-1.86105
-1.83832
-1.8009
-1.7485
-1.67975
-1.59105
-1.47621
-1.34114
6.14343
5.96033
5.61789
5.11864
4.55018
3.89004
3.21412
2.54656
1.96776
1.29318
1.01931
0.602116
0.097195
-0.390676
-0.879482
-1.37352
-1.86203
-2.33351
-2.77999
-3.19444
-3.5692
-3.89608
-4.1693
-4.38586
-4.55194
-4.68163
-4.78659
-4.86317
-4.91812
-4.95664
-4.94944
-4.9289
-4.89495
-4.84127
-4.76648
-4.67038
-4.54733
-4.38474
-4.18081
6.19617
6.12415
5.90421
5.46857
4.89564
4.12592
3.35917
2.46727
2.09692
1.70436
1.30365
0.907866
0.557249
0.26457
0.0241996
-0.17765
-0.35056
-0.500437
-0.633083
-0.753447
-0.865816
-0.974449
-1.08409
-1.19611
-1.30386
-1.39817
-1.47531
-1.53538
-1.57886
-1.60618
-1.61796
-1.61479
-1.59728
-1.56592
-1.52071
-1.46112
-1.38575
-1.2924
-1.19464
5.8451
5.66756
5.33421
4.84995
4.29991
3.66624
3.02116
2.39128
1.8524
1.22457
0.987973
0.651706
0.231417
-0.190424
-0.621309
-1.06028
-1.49905
-1.92732
-2.33567
-2.71556
-3.05879
-3.35723
-3.60551
-3.8024
-3.95626
-4.08151
-4.18901
-4.27405
-4.34242
-4.39879
-4.41277
-4.41812
-4.41245
-4.38774
-4.34264
-4.27891
-4.19843
-4.10547
-4.03171
5.89508
5.82307
5.60419
5.17581
4.60941
3.85247
3.10809
2.22028
1.86794
1.5837
1.2818
0.947399
0.637611
0.376172
0.161868
-0.0135049
-0.156145
-0.273411
-0.374687
-0.467533
-0.556976
-0.646489
-0.738813
-0.83209
-0.917882
-0.990723
-1.0514
-1.10051
-1.138
-1.16373
-1.17813
-1.18166
-1.17478
-1.15783
-1.13052
-1.09179
-1.03854
-0.965235
-0.872423
5.58347
5.41183
5.08831
4.61937
4.08701
3.47691
2.85637
2.25678
1.74569
1.14339
0.918154
0.66944
0.341855
-0.0114661
-0.379439
-0.754242
-1.13382
-1.51325
-1.88378
-2.23561
-2.55938
-2.84514
-3.08349
-3.26733
-3.4004
-3.49804
-3.57413
-3.62591
-3.66224
-3.68882
-3.66967
-3.64241
-3.61015
-3.56672
-3.50978
-3.43755
-3.34003
-3.1961
-2.97976
5.63097
5.55972
5.34324
4.92297
4.36095
3.61722
2.88263
1.96264
1.59536
1.42768
1.22988
0.96433
0.711317
0.494563
0.300164
0.118179
-0.0481295
-0.192554
-0.315141
-0.419908
-0.512402
-0.597943
-0.682611
-0.770905
-0.859171
-0.936489
-0.997787
-1.04433
-1.07754
-1.09821
-1.10701
-1.10461
-1.09174
-1.06908
-1.03704
-0.995736
-0.945156
-0.884868
-0.827123
5.36352
5.19507
4.8763
4.41599
3.89415
3.29912
2.69414
2.11664
1.6173
1.01798
0.79164
0.649879
0.426995
0.138137
-0.175858
-0.489573
-0.801656
-1.11323
-1.42038
-1.71687
-1.99676
-2.25483
-2.48834
-2.6948
-2.8731
-3.0257
-3.16114
-3.27544
-3.37276
-3.46288
-3.51609
-3.56034
-3.59099
-3.60251
-3.59617
-3.57729
-3.55732
-3.55651
-3.62891
5.40874
5.33605
5.11743
4.69703
4.12867
3.38971
2.634
1.64827
1.26605
1.24261
1.14324
0.926355
0.723895
0.586957
0.500424
0.436372
0.378781
0.318297
0.250838
0.176212
0.0955047
0.00929322
-0.0816919
-0.171988
-0.252671
-0.323009
-0.385968
-0.441335
-0.488202
-0.526165
-0.555492
-0.576594
-0.589856
-0.59559
-0.593764
-0.583835
-0.56372
-0.529933
-0.480575
5.20454
5.02883
4.69383
4.21282
3.6705
3.05951
2.44457
1.86905
1.35975
0.769484
0.569895
0.567169
0.492057
0.298198
0.0373992
-0.247406
-0.540362
-0.833342
-1.11762
-1.38342
-1.61989
-1.81342
-1.95128
-2.03067
-2.07252
-2.10419
-2.13096
-2.146
-2.1568
-2.1547
-2.11115
-2.07577
-2.05259
-2.02619
-1.99076
-1.94435
-1.86853
-1.72936
-1.45759
5.24781
5.16382
4.92163
4.46575
3.84973
3.06737
2.21785
1.17622
0.84274
1.02227
1.06555
0.901827
0.660323
0.413536
0.18998
0.00271116
-0.143393
-0.24711
-0.317163
-0.364687
-0.399362
-0.427862
-0.457372
-0.495643
-0.542775
-0.585717
-0.616819
-0.637624
-0.650227
-0.655847
-0.654792
-0.647575
-0.634845
-0.617205
-0.594967
-0.568199
-0.536794
-0.499475
-0.462839
5.13056
4.93887
4.56998
4.04088
3.44758
2.78902
2.13676
1.53903
0.999878
0.431808
0.241176
0.33607
0.43727
0.450402
0.387394
0.262005
0.0822628
-0.145284
-0.414244
-0.718899
-1.05435
-1.4129
-1.77669
-2.11225
-2.37672
-2.56822
-2.75019
-2.8985
-3.06862
-3.31331
-3.30785
-3.34135
-3.40548
-3.44795
-3.46365
-3.47338
-3.5096
-3.61725
-3.87236
5.17297
5.07046
4.78761
4.26668
3.56896
2.69784
1.69919
0.631095
0.307181
0.619516
0.901698
1.08494
1.19263
1.25114
1.2582
1.21642
1.14151
1.04473
0.936289
0.82391
0.711447
0.599584
0.488436
0.382968
0.289533
0.204604
0.124463
0.0506651
-0.0148549
-0.0717567
-0.120215
-0.160521
-0.193005
-0.21821
-0.236904
-0.250162
-0.259519
-0.267052
-0.274998
709.646
687.176
661.559
633.676
603.909
572.947
541.585
510.414
479.762
449.787
420.574
392.194
364.712
338.192
312.685
288.235
264.873
242.62
221.485
201.467
182.554
164.729
147.964
132.231
117.494
103.717
90.8629
78.8945
67.7787
57.4807
47.9694
39.2161
31.1919
23.8713
17.2294
11.2406
5.8802
1.12191
-3.06107
-6.69693
-9.81491
-12.4466
-14.6243
-16.3807
-17.7507
-18.7692
-19.4705
-19.8892
-20.0589
-20.0123
-19.7807
-19.3931
-18.877
-18.2575
-17.5573
-16.7967
-15.9938
-15.1642
-14.3213
-13.4765
-12.6392
-11.8169
-11.0157
-10.2401
-9.49428
-8.77855
-8.0993
-7.53387
-7.04552
-6.56051
-6.06303
-5.59649
-5.06768
-4.69958
-4.02467
-3.98942
-2.82031
-3.67767
-1.28817
-4.04086
710.071
687.628
660.82
632.899
603.297
572.545
541.442
510.583
480.328
450.864
422.277
394.622
367.948
342.295
317.698
294.178
271.747
250.413
230.168
210.997
192.881
175.794
159.703
144.575
130.373
117.064
104.61
92.9779
82.1357
72.0542
62.7074
54.0689
46.1142
38.821
32.1671
26.1299
20.6863
15.8122
11.4827
7.67087
4.34901
1.48804
-0.943261
-2.97669
-4.64455
-5.97963
-7.01466
-7.7818
-8.31264
-8.63736
-8.78503
-8.78294
-8.65629
-8.42829
-8.12
-7.75019
-7.33537
-6.88999
-6.42632
-5.95475
-5.48392
-5.02066
-4.57074
-4.13786
-3.72637
-3.33574
-2.97288
-2.67675
-2.43189
-2.18432
-1.95473
-1.70203
-1.51169
-1.23723
-1.12273
-0.802738
-0.783339
-0.444829
-0.433641
-0.271861
259.088
256.992
257.138
257.078
256.567
255.478
253.67
251.037
247.525
243.136
237.893
231.837
225.014
217.479
209.297
200.535
191.273
181.595
171.585
161.332
150.926
140.455
129.999
119.638
109.443
99.4783
89.7991
80.4528
71.4801
62.9121
54.7741
47.086
39.8603
33.1066
26.8304
21.0329
15.7129
10.8658
6.48445
2.55901
-0.923081
-3.97753
-6.6221
-8.87625
-10.7628
-12.306
-13.5308
-14.4638
-15.1321
-15.5631
-15.7839
-15.8208
-15.6993
-15.4436
-15.076
-14.6176
-14.0872
-13.502
-12.8769
-12.2252
-11.5583
-10.8858
-10.2157
-9.5543
-8.90789
-8.27816
-7.67304
-7.16399
-6.72095
-6.27917
-5.81939
-5.39099
-4.89131
-4.55638
-3.90531
-3.88923
-2.76003
-3.58939
-1.30786
-3.93016
260.759
261.002
263.069
265.707
267.63
268.651
268.622
267.397
264.938
261.283
256.498
250.662
243.868
236.21
227.789
218.712
209.086
199.022
188.627
178.004
167.253
156.466
145.731
135.126
124.721
114.576
104.742
95.2624
86.1701
77.4925
69.251
61.4598
54.1287
47.2642
40.8692
34.9431
29.4831
24.4833
19.9359
15.8298
12.1515
8.88551
6.01364
3.51642
1.37229
-0.442197
-1.95176
-3.18193
-4.15868
-4.90791
-5.45546
-5.82636
-6.04442
-6.13234
-6.11133
-6.0008
-5.81839
-5.58
-5.29956
-4.9893
-4.65972
-4.31957
-3.97648
-3.63583
-3.3038
-2.98117
-2.67638
-2.42306
-2.21238
-1.99572
-1.79506
-1.56808
-1.40062
-1.14868
-1.04798
-0.751755
-0.734255
-0.42177
-0.408169
-0.254552
118.08
117.396
116.877
116.174
115.555
115.033
114.594
114.219
113.885
113.561
113.204
112.765
112.196
111.446
110.469
109.219
107.658
105.753
103.478
100.816
97.7615
94.3169
90.4954
86.3211
81.8254
77.049
72.038
66.8437
61.521
56.1248
50.7101
45.3307
40.0358
34.8719
29.8802
25.097
20.5532
16.2744
12.2812
8.58892
5.20788
2.14343
-0.603023
-3.03381
-5.15598
-6.97943
-8.51691
-9.78391
-10.7979
-11.5781
-12.1446
-12.5183
-12.7202
-12.7711
-12.6912
-12.4999
-12.2155
-11.8547
-11.4331
-10.9645
-10.4613
-9.93434
-9.39321
-8.84531
-8.29848
-7.75579
-7.22607
-6.77477
-6.37848
-5.98115
-5.56139
-5.17128
-4.7059
-4.39889
-3.78546
-3.77034
-2.71109
-3.47522
-1.34522
-3.77733
118.257
117.657
117.227
116.881
116.593
116.541
116.761
117.203
117.81
118.517
119.248
119.92
120.451
120.759
120.771
120.419
119.644
118.403
116.666
114.423
111.674
108.433
104.727
100.595
96.0838
91.2467
86.143
80.8349
75.3843
69.8528
64.2999
58.7807
53.3457
48.0413
42.9079
37.9804
33.2884
28.8555
24.7007
20.8378
17.2763
14.0216
11.0744
8.43151
6.08634
4.02895
2.24674
0.724576
-0.554495
-1.60879
-2.45775
-3.12127
-3.61933
-3.97169
-4.19751
-4.31503
-4.34131
-4.29225
-4.18225
-4.0243
-3.82992
-3.60904
-3.37061
-3.12125
-2.86853
-2.61446
-2.36844
-2.15882
-1.98312
-1.79871
-1.6275
-1.4286
-1.28311
-1.05768
-0.967943
-0.700648
-0.681772
-0.398729
-0.382326
-0.236567
119.924
119.666
119.206
118.521
117.649
116.563
115.277
113.805
112.161
110.359
108.409
106.324
104.116
101.798
99.3789
96.8665
94.2674
91.5846
88.8169
85.962
83.0155
79.9699
76.8181
73.5536
70.1705
66.6663
63.0415
59.3011
55.4553
51.5185
47.5102
43.4546
39.3788
35.3124
31.2872
27.3347
23.4862
19.771
16.2164
12.8466
9.68204
6.73902
4.03027
1.56472
-0.653339
-2.62297
-4.3469
-5.83118
-7.08455
-8.11848
-8.94631
-9.58286
-10.0443
-10.3473
-10.509
-10.5464
-10.4759
-10.3135
-10.074
-9.77138
-9.41835
-9.02626
-8.60553
-8.16452
-7.71208
-7.25246
-6.7952
-6.39917
-6.04699
-5.69158
-5.30992
-4.9564
-4.52345
-4.24488
-3.66357
-3.65889
-2.64883
-3.38184
-1.34553
-3.67193
119.949
119.712
119.301
118.686
117.846
116.786
115.505
114.029
112.402
110.663
108.844
106.965
105.045
103.096
101.13
99.1494
97.1528
95.1311
93.0688
90.9465
88.7406
86.4264
83.9801
81.381
78.6123
75.6629
72.528
69.2109
65.7217
62.0781
58.3045
54.4295
50.4858
46.509
42.5353
38.6009
34.741
30.988
27.372
23.9193
20.6518
17.5881
14.7417
12.1222
9.73525
7.58249
5.66223
3.96919
2.49542
1.23055
0.162127
-0.723765
-1.44227
-2.00916
-2.44044
-2.75208
-2.95961
-3.0779
-3.12094
-3.10169
-3.032
-2.92237
-2.78255
-2.61998
-2.44325
-2.25536
-2.06657
-1.89942
-1.7574
-1.60417
-1.46168
-1.29001
-1.16667
-0.966095
-0.889373
-0.647413
-0.631386
-0.373304
-0.35678
-0.222
107.406
107.07
106.68
106.243
105.731
105.124
104.415
103.593
102.648
101.567
100.34
98.959
97.4151
95.7036
93.8215
91.7685
89.547
87.1618
84.6202
81.9319
79.1079
76.16
73.1013
69.9449
66.7029
63.3878
60.0107
56.5823
53.113
49.6126
46.0916
42.5614
39.034
35.523
32.0438
28.6129
25.2481
21.9681
18.7922
15.739
12.8266
10.0711
7.4873
5.0874
2.88067
0.873868
-0.929427
-2.52866
-3.92586
-5.126
-6.13637
-6.96611
-7.62631
-8.12926
-8.48833
-8.71739
-8.83053
-8.84179
-8.76488
-8.61285
-8.39807
-8.13186
-7.82491
-7.48602
-7.12469
-6.74596
-6.35989
-6.01847
-5.70988
-5.39606
-5.05243
-4.73567
-4.33486
-4.08649
-3.53426
-3.54719
-2.57442
-3.2958
-1.32483
-3.58744
107.523
107.419
107.278
107.119
106.92
106.651
106.277
105.77
105.117
104.305
103.324
102.166
100.826
99.3034
97.6001
95.7223
93.68
91.4856
89.153
86.6975
84.1337
81.4757
78.7355
75.9231
73.046
70.1096
67.117
64.0704
60.9715
57.8225
54.6273
51.3914
48.1231
44.834
41.5383
38.253
34.9972
31.791
28.656
25.6131
22.6826
19.8833
17.2318
14.7422
12.4257
10.2907
8.3423
6.58252
5.01046
3.62256
2.41277
1.37298
0.493223
-0.237804
-0.832262
-1.30306
-1.66334
-1.92613
-2.10414
-2.20956
-2.2539
-2.24755
-2.20054
-2.12069
-2.01721
-1.89374
-1.76121
-1.6361
-1.52743
-1.40525
-1.29162
-1.14712
-1.04671
-0.870377
-0.808643
-0.590213
-0.580064
-0.344798
-0.330058
-0.207508
81.7221
81.3697
81.0163
80.6427
80.2329
79.7872
79.3062
78.7873
78.2276
77.6222
76.9655
76.2508
75.47
74.6147
73.6757
72.6437
71.5092
70.2633
68.8978
67.4057
65.7817
64.022
62.1256
60.0935
57.9295
55.6396
53.232
50.717
48.1065
45.4136
42.6524
39.8379
36.985
34.1093
31.2265
28.3524
25.5029
22.6942
19.9425
17.2638
14.674
12.1879
9.81987
7.58311
5.4888
3.54668
1.76418
0.146383
-1.30377
-2.586
-3.70229
-4.65665
-5.45522
-6.1057
-6.61738
-7.00052
-7.26615
-7.42583
-7.49124
-7.474
-7.38541
-7.23613
-7.03655
-6.79542
-6.52244
-6.22308
-5.90761
-5.62099
-5.35659
-5.08519
-4.78074
-4.50179
-4.13453
-3.91741
-3.39586
-3.42693
-2.49355
-3.20202
-1.30098
-3.49373
81.8286
81.6664
81.5003
81.349
81.189
81.019
80.8347
80.6253
80.3818
80.0996
79.7721
79.3906
78.9447
78.4219
77.8095
77.0944
76.2635
75.305
74.209
72.9681
71.5772
70.0346
68.3418
66.5029
64.525
62.4174
60.1909
57.8575
55.4297
52.9202
50.3419
47.7068
45.027
42.3149
39.5826
36.8428
34.1091
31.3951
28.7158
26.0862
23.5219
21.0383
18.6502
16.3715
14.2148
12.1908
10.3083
8.57364
6.99079
5.56143
4.28479
3.15796
2.17594
1.33201
0.61809
0.024886
-0.457702
-0.840212
-1.13338
-1.3479
-1.49428
-1.58222
-1.62144
-1.61968
-1.58633
-1.52534
-1.44801
-1.36467
-1.2894
-1.1986
-1.11426
-0.997519
-0.920752
-0.769307
-0.723462
-0.529071
-0.525805
-0.31362
-0.301732
-0.19108
63.2633
63.0204
62.7808
62.5156
62.2183
61.8906
61.5322
61.1425
60.7209
60.2655
59.7747
59.2464
58.6782
58.0678
57.4124
56.7088
55.9534
55.1426
54.2714
53.3346
52.3275
51.2441
50.0786
48.8256
47.4806
46.0397
44.5001
42.8609
41.1228
39.2885
37.3631
35.3535
33.2687
31.1193
28.9177
26.6773
24.4127
22.1389
19.8717
17.6269
15.4201
13.2665
11.1809
9.17736
7.26865
5.46644
3.78079
2.21997
0.790482
-0.503369
-1.65926
-2.67688
-3.558
-4.30603
-4.92628
-5.42527
-5.81077
-6.09145
-6.27655
-6.37568
-6.39862
-6.35484
-6.25389
-6.10408
-5.91483
-5.69174
-5.4449
-5.21221
-4.9917
-4.76274
-4.49788
-4.2571
-3.92445
-3.73879
-3.24987
-3.29818
-2.4077
-3.09988
-1.27472
-3.38987
63.3374
63.2183
63.099
62.982
62.8438
62.6865
62.5114
62.3118
62.0821
61.8235
61.5387
61.2275
60.8883
60.5189
60.1165
59.6775
59.1968
58.6682
58.0854
57.4408
56.7259
55.9319
55.05
54.0722
52.9914
51.8019
50.4997
49.0838
47.5546
45.9155
44.1723
42.3324
40.4054
38.4024
36.3354
34.2176
32.0626
29.8845
27.6979
25.5173
23.3575
21.233
19.1583
17.1469
15.2119
13.3653
11.6177
9.97805
8.45361
7.04976
5.76972
4.61484
3.58442
2.67591
1.88514
1.20652
0.633221
0.157555
-0.228796
-0.534559
-0.768679
-0.939689
-1.05652
-1.12638
-1.15845
-1.15662
-1.13225
-1.08951
-1.04699
-0.987272
-0.932098
-0.84328
-0.790353
-0.664278
-0.634729
-0.46491
-0.469141
-0.280268
-0.272222
-0.173107
52.2633
52.1062
51.9489
51.7717
51.5722
51.3498
51.1031
50.8311
50.5325
50.2048
49.8459
49.4533
49.0245
48.5571
48.0488
47.497
46.8996
46.2547
45.5599
44.8132
44.013
43.1573
42.2441
41.2714
40.2374
39.1403
37.9779
36.7488
35.4517
34.0857
32.651
31.1487
29.581
27.9514
26.2653
24.5292
22.7515
20.9417
19.1108
17.2706
15.4339
13.6136
11.8231
10.0757
8.38391
6.75994
5.21488
3.75864
2.39985
1.14538
0.000561951
-1.03107
-1.94786
-2.74971
-3.43843
-4.01721
-4.49065
-4.86452
-5.14548
-5.34091
-5.4587
-5.50682
-5.49367
-5.42666
-5.3146
-5.16289
-4.98115
-4.80024
-4.62222
-4.43462
-4.20877
-4.00565
-3.7078
-3.55333
-3.09784
-3.16321
-2.31632
-2.99286
-1.24235
-3.28334
52.3159
52.2479
52.179
52.1106
52.0266
51.9283
51.8167
51.6867
51.5307
51.3452
51.132
50.8907
50.6193
50.316
49.9789
49.6063
49.1963
48.747
48.2569
47.7243
47.147
46.5226
45.8483
45.1208
44.3367
43.4918
42.5817
41.6026
40.5503
39.4219
38.2152
36.9294
35.5652
34.1251
32.6135
31.0364
29.4018
27.7189
25.9985
24.2519
22.4918
20.731
18.9827
17.2597
15.5749
13.9406
12.3681
10.8678
9.44863
8.11842
6.88314
5.74719
4.71316
3.78193
2.95273
2.22326
1.58985
1.04764
0.590872
0.213037
-0.0929407
-0.334087
-0.51818
-0.651519
-0.742714
-0.795312
-0.820429
-0.816187
-0.804957
-0.775238
-0.748419
-0.687055
-0.657699
-0.556882
-0.543867
-0.398489
-0.411
-0.245037
-0.241912
-0.154263
43.9022
43.7834
43.6631
43.5301
43.3824
43.2189
43.0388
42.8418
42.6264
42.3911
42.1342
41.8535
41.547
41.2125
40.8475
40.4494
40.0158
39.544
39.0314
38.4753
37.8734
37.2233
36.5229
35.7704
34.9642
34.1032
33.1865
32.2134
31.1839
30.0981
28.9567
27.7606
26.5114
25.2111
23.8628
22.4699
21.037
19.5696
18.0744
16.5588
15.0313
13.5013
11.9788
10.4742
8.99841
7.56197
6.17532
4.84833
3.59012
2.40864
1.3108
0.302154
-0.613343
-1.43303
-2.156
-2.78264
-3.31482
-3.75565
-4.10933
-4.38097
-4.5765
-4.70216
-4.76493
-4.77114
-4.72865
-4.6424
-4.52125
-4.38921
-4.25166
-4.10374
-3.91578
-3.74934
-3.48598
-3.3622
-2.94032
-3.02291
-2.2191
-2.88206
-1.20309
-3.17627
43.9442
43.8988
43.8524
43.8082
43.7553
43.6938
43.6257
43.5494
43.4596
43.3506
43.2217
43.0735
42.9044
42.7121
42.4942
42.2481
41.9711
41.6603
41.3132
40.9272
40.4997
40.0286
39.5118
38.9473
38.3337
37.6695
36.9532
36.1838
35.3599
34.4805
33.5448
32.552
31.5018
30.3942
29.2303
28.012
26.7421
25.4248
24.0653
22.6704
21.2477
19.8062
18.3555
16.9058
15.4677
14.0521
12.6695
11.33
10.0431
8.81731
7.66013
6.57775
5.57494
4.65507
3.81997
3.07005
2.40434
1.82059
1.31546
0.884686
0.523148
0.22554
-0.0145398
-0.202225
-0.345273
-0.446633
-0.516889
-0.548346
-0.566411
-0.565116
-0.565381
-0.530561
-0.524172
-0.448129
-0.451713
-0.330308
-0.351838
-0.208145
-0.210971
-0.13467
36.687
36.5907
36.4935
36.3873
36.2704
36.1419
36.0016
35.8491
35.6836
35.5041
35.3095
35.0984
34.8695
34.6213
34.352
34.0602
33.7438
33.4009
33.0295
32.6272
32.1921
31.7215
31.2132
30.6649
30.0744
29.4395
28.7583
28.0295
27.2516
26.4238
25.546
24.6183
23.6415
22.6169
21.5464
20.4328
19.2792
18.0895
16.8686
15.6216
14.3548
13.0747
11.789
10.5057
9.23306
7.98001
6.75542
5.56809
4.42659
3.33888
2.31226
1.35323
0.467033
-0.342019
-1.07106
-1.71841
-2.2837
-2.76779
-3.17269
-3.50141
-3.75793
-3.94673
-4.07327
-4.14258
-4.16141
-4.13404
-4.06833
-3.9817
-3.88219
-3.77192
-3.62037
-3.48929
-3.25982
-3.16601
-2.77769
-2.87743
-2.11632
-2.76711
-1.15798
-3.06744
36.722
36.6878
36.6528
36.6205
36.5826
36.5384
36.4896
36.4366
36.3771
36.3062
36.2211
36.123
36.0119
35.8863
35.7449
35.5857
35.4069
35.2063
34.9817
34.7305
34.4503
34.1383
33.7918
33.4081
32.9846
32.5188
32.0085
31.4518
30.847
30.1928
29.4885
28.7335
27.928
27.0722
26.167
25.2138
24.2145
23.1717
22.0886
20.9691
19.8181
18.6414
17.4454
16.2373
15.0251
13.8171
12.622
11.4487
10.3056
9.20106
8.14276
7.13759
6.19147
5.3092
4.49442
3.74954
3.07571
2.47285
1.93977
1.47427
1.07314
0.732806
0.448369
0.216
0.0290044
-0.114775
-0.225165
-0.289
-0.333958
-0.359113
-0.384826
-0.375298
-0.390969
-0.338956
-0.358959
-0.260933
-0.291997
-0.169917
-0.179578
-0.114269
30.7595
30.6834
30.6065
30.5229
30.431
30.3302
30.2206
30.1016
29.9729
29.8335
29.6826
29.5194
29.3427
29.1515
28.9446
28.7208
28.4789
28.2174
27.935
27.63
27.3011
26.9464
26.5643
26.153
25.7107
25.2356
24.7259
24.1798
23.5958
22.9723
22.3081
21.6023
20.8545
20.0645
19.2327
18.3603
17.4489
16.5008
15.5191
14.5074
13.4702
12.4123
11.3396
10.2581
9.1747
8.09641
7.03069
5.98513
4.96734
3.98473
3.04438
2.15291
1.3162
0.539378
-0.173473
-0.81921
-1.39582
-1.90241
-2.33913
-2.70715
-3.00868
-3.24652
-3.42459
-3.5466
-3.61803
-3.64239
-3.62637
-3.58118
-3.51683
-3.44172
-3.32466
-3.22725
-3.03067
-2.96578
-2.61073
-2.72721
-2.00853
-2.64794
-1.10784
-2.95588
30.7884
30.7634
30.7379
30.7147
30.6875
30.6555
30.6196
30.5804
30.5375
30.488
30.428
30.3572
30.2768
30.1864
30.0846
29.9706
29.843
29.7005
29.5416
29.3649
29.1686
28.9509
28.71
28.4437
28.1499
27.8263
27.4707
27.0807
26.6541
26.1889
25.6831
25.1352
24.5439
23.9086
23.2288
22.5049
21.7377
20.9285
20.0795
19.1933
18.2732
17.3232
16.348
15.3527
14.3434
13.3264
12.3086
11.2971
10.2993
9.32261
8.37404
7.46044
6.588
5.76221
4.98771
4.2682
3.60633
3.00369
2.46083
1.97734
1.5517
1.182
0.864833
0.597704
0.375094
0.195763
0.0508006
-0.0416079
-0.110643
-0.159867
-0.209003
-0.223141
-0.259629
-0.2306
-0.266554
-0.191134
-0.231999
-0.13079
-0.148011
-0.0931553
26.0294
25.9696
25.9093
25.8437
25.7718
25.6932
25.6077
25.5152
25.4152
25.3071
25.1901
25.0636
24.9268
24.7788
24.6188
24.4457
24.2585
24.0562
23.8376
23.6015
23.3467
23.0719
22.7757
22.4568
22.1139
21.7455
21.3503
20.927
20.4741
19.9903
19.4747
18.9261
18.3436
17.7267
17.075
16.3886
15.6679
14.9138
14.1279
13.3122
12.4694
11.6028
10.7162
9.81426
8.90199
7.98494
7.06911
6.16079
5.26649
4.39275
3.54608
2.73277
1.9587
1.22931
0.549273
-0.0773852
-0.647564
-1.15906
-1.61064
-2.00195
-2.33367
-2.60712
-2.82475
-2.98899
-3.10404
-3.17253
-3.19991
-3.19169
-3.15918
-3.1163
-3.03133
-2.96545
-2.80035
-2.76296
-2.44054
-2.57307
-1.89643
-2.5249
-1.05308
-2.84168
26.053
26.0354
26.0173
26.0012
25.9823
25.96
25.9345
25.9065
25.8761
25.8422
25.8017
25.7521
25.6946
25.6298
25.5565
25.4741
25.3816
25.2779
25.1619
25.0325
24.8884
24.7284
24.5511
24.355
24.1387
23.9006
23.639
23.3523
23.0387
22.6965
22.3241
21.9196
21.4816
21.0088
20.4999
19.9542
19.3714
18.7515
18.0951
17.4033
16.678
15.9215
15.1369
14.3278
13.4985
12.6537
11.7989
10.9397
10.082
9.23224
8.39659
7.58131
6.79231
6.0352
5.31497
4.636
4.00187
3.41532
2.87819
2.39147
1.95508
1.56857
1.2299
0.937866
0.688142
0.480455
0.306915
0.190148
0.100215
0.0296885
-0.0404555
-0.076248
-0.13195
-0.124535
-0.175664
-0.121824
-0.172512
-0.0912705
-0.116611
-0.0715606
22.1739
22.1261
22.0778
22.0255
21.9684
21.9061
21.8386
21.7657
21.6871
21.6022
21.5105
21.4116
21.3048
21.1894
21.0647
20.9301
20.7846
20.6275
20.4578
20.2746
20.0768
19.8634
19.6332
19.3852
19.1182
18.8309
18.5222
18.1909
17.8358
17.4558
17.0499
16.6171
16.1566
15.6677
15.1498
14.6029
14.0267
13.4216
12.7882
12.1277
11.4416
10.7317
10.0007
9.25159
8.48787
7.71364
6.93345
6.15223
5.37527
4.60806
3.85624
3.12546
2.4212
1.74878
1.11299
0.518236
-0.0317643
-0.53399
-0.986187
-1.3869
-1.73556
-2.03223
-2.27811
-2.4744
-2.62409
-2.72895
-2.79314
-2.81707
-2.81273
-2.79874
-2.74309
-2.70621
-2.57074
-2.55908
-2.2683
-2.41593
-1.78072
-2.39846
-0.994419
-2.72502
22.1935
22.1809
22.1679
22.1567
22.1435
22.1279
22.1101
22.0903
22.0687
22.0454
22.0187
21.9854
21.9453
21.8996
21.8481
21.7898
21.7241
21.6501
21.5671
21.4741
21.37
21.254
21.1247
20.9811
20.8219
20.6458
20.4515
20.2377
20.003
19.746
19.4653
19.1597
18.8278
18.4683
18.0803
17.6627
17.2148
16.736
16.2263
15.6857
15.1149
14.515
13.8877
13.235
12.5598
11.8653
11.1553
10.4341
9.70639
8.97719
8.25177
7.53551
6.83377
6.15177
5.49444
4.86635
4.27151
3.71332
3.19447
2.71698
2.28187
1.88987
1.54014
1.23264
0.96416
0.735387
0.539479
0.40284
0.295461
0.206707
0.118289
0.063188
-0.00979983
-0.0223044
-0.087536
-0.0540079
-0.114285
-0.0519416
-0.0857328
-0.0497418
18.9582
18.9194
18.8801
18.8378
18.7916
18.7415
18.6873
18.629
18.5661
18.4984
18.4255
18.3469
18.2622
18.1709
18.0725
17.9663
17.8518
17.7283
17.5951
17.4514
17.2965
17.1295
16.9495
16.7556
16.5469
16.3223
16.0808
15.8214
15.543
15.2446
14.9253
14.5839
14.2198
13.8321
13.4201
12.9835
12.5219
12.0353
11.5238
10.988
10.4287
9.84709
9.24476
8.62373
7.98643
7.33573
6.67498
6.00789
5.3386
4.67151
4.01128
3.36275
2.73077
2.1202
1.53563
0.981454
0.46161
-0.0204564
-0.461874
-0.860401
-1.21458
-1.52348
-1.78724
-2.00603
-2.18172
-2.31526
-2.40956
-2.46065
-2.48058
-2.4919
-2.46244
-2.45171
-2.34372
-2.35568
-2.09525
-2.25664
-1.6622
-2.26896
-0.932568
-2.60555
18.9746
18.9656
18.9561
18.9482
18.9389
18.9278
18.9152
18.901
18.8854
18.8688
18.8506
18.8286
18.8009
18.7684
18.7317
18.6902
18.6433
18.5905
18.531
18.4642
18.3894
18.3056
18.2121
18.1079
17.992
17.8633
17.7207
17.5631
17.3893
17.1981
16.9882
16.7585
16.5077
16.2348
15.9386
15.6183
15.2729
14.9019
14.5047
14.0812
13.6314
13.1557
12.6548
12.13
11.5828
11.0153
10.4301
9.83012
9.21882
8.60004
7.97794
7.35693
6.74156
6.13646
5.54615
4.975
4.42708
3.90605
3.41506
2.95675
2.53296
2.14527
1.79381
1.47953
1.20023
0.957454
0.745386
0.593479
0.472254
0.368553
0.264836
0.193044
0.104977
0.0745213
-0.00345582
0.0112675
-0.0581039
-0.0134393
-0.0557733
-0.0280073
16.2576
16.2258
16.1937
16.1592
16.1217
16.081
16.0372
15.99
15.9393
15.8847
15.8261
15.7631
15.6952
15.6221
15.5435
15.4588
15.3675
15.2693
15.1634
15.0494
14.9265
14.7943
14.6518
14.4985
14.3335
14.1561
13.9653
13.7605
13.5406
13.3047
13.0521
12.7819
12.4931
12.1851
11.8571
11.5085
11.1389
10.7478
10.3353
9.90131
9.44629
8.97078
8.47576
7.9625
7.43263
6.88815
6.33145
5.76531
5.19284
4.6175
4.04303
3.47343
2.91283
2.36547
1.83553
1.32712
0.844116
0.390084
-0.0318324
-0.418922
-0.769128
-1.0808
-1.35325
-1.58584
-1.77943
-1.93428
-2.05213
-2.12529
-2.16549
-2.19836
-2.19179
-2.20409
-2.12111
-2.15428
-1.92274
-2.09607
-1.54193
-2.13652
-0.86866
-2.48253
16.2714
16.265
16.2581
16.2526
16.246
16.2381
16.2292
16.219
16.2077
16.1956
16.1827
16.168
16.1493
16.1261
16.0996
16.0696
16.0358
15.9975
15.9544
15.9058
15.8513
15.7902
15.7218
15.6454
15.5603
15.4656
15.3605
15.244
15.1151
14.9729
14.8164
14.6443
14.4558
14.2496
14.0249
13.7805
13.5157
13.2296
12.9215
12.5911
12.238
11.8621
11.4638
11.0435
10.6022
10.141
9.6617
9.16617
8.65687
8.1366
7.60851
7.07605
6.54293
6.01302
5.49026
4.97859
4.48185
4.00364
3.54725
3.11564
2.7111
2.33585
1.99068
1.67735
1.39447
1.14436
0.922143
0.759541
0.62811
0.51284
0.39695
0.311278
0.210572
0.164366
0.0752768
0.0728824
-0.00477181
0.0235658
-0.0271257
-0.00674027
13.9843
13.9582
13.9318
13.9035
13.8728
13.8396
13.8039
13.7656
13.7244
13.6802
13.6328
13.5818
13.527
13.4681
13.4048
13.3367
13.2634
13.1845
13.0997
13.0084
12.9101
12.8044
12.6906
12.5681
12.4365
12.2949
12.1428
11.9794
11.8039
11.6158
11.4142
11.1983
10.9675
10.721
10.4582
10.1784
9.88105
9.56581
9.23229
8.88035
8.51002
8.12147
7.7152
7.29194
6.85267
6.39874
5.93181
5.45384
4.96716
4.4744
3.97848
3.48263
2.99023
2.50491
2.03028
1.57006
1.12784
0.707076
0.31095
-0.057635
-0.39628
-0.70286
-0.976112
-1.21477
-1.41889
-1.58812
-1.7232
-1.81347
-1.86993
-1.92051
-1.93337
-1.96538
-1.90478
-1.95636
-1.75224
-1.93493
-1.42127
-2.0011
-0.803867
-2.35469
13.996
13.9914
13.9865
13.9827
13.9781
13.9725
13.9662
13.959
13.9508
13.9419
13.9326
13.9226
13.9104
13.8944
13.8752
13.8535
13.8289
13.8012
13.7697
13.7342
13.6942
13.6493
13.5989
13.5424
13.4794
13.409
13.3307
13.2438
13.1474
13.0407
12.9229
12.7932
12.6506
12.4942
12.3231
12.1364
11.9332
11.7127
11.4741
11.217
10.9406
10.6448
10.3293
9.99435
9.64019
9.26751
8.87728
8.47074
8.04953
7.61561
7.17127
6.71915
6.26212
5.8033
5.34599
4.8936
4.44952
4.01711
3.59954
3.19984
2.82048
2.46404
2.13177
1.82597
1.54595
1.29459
1.06785
0.89895
0.760888
0.637438
0.512578
0.41596
0.305237
0.245638
0.147322
0.129645
0.0448461
0.0582143
-0.000220526
0.0135788
12.0578
12.0363
12.0145
11.9912
11.966
11.9388
11.9095
11.8782
11.8446
11.8085
11.7699
11.7284
11.6839
11.6361
11.5848
11.5296
11.4704
11.4067
11.3382
11.2645
11.1853
11.1002
11.0086
10.9102
10.8044
10.6906
10.5684
10.4371
10.2962
10.1451
9.983
9.80943
9.6237
9.42516
9.21323
8.98731
8.74689
8.4915
8.22073
7.93432
7.63211
7.31406
6.98034
6.63132
6.26755
5.88987
5.49936
5.09738
4.6856
4.26596
3.84069
3.41229
2.98349
2.55726
2.13667
1.72492
1.32523
0.940773
0.574616
0.229619
-0.0916722
-0.386894
-0.654414
-0.892511
-1.10064
-1.27798
-1.42441
-1.52702
-1.59588
-1.66032
-1.68916
-1.73729
-1.69663
-1.76299
-1.58565
-1.77344
-1.30236
-1.86128
-0.74059
-2.2195
12.0677
12.0645
12.0611
12.0585
12.0553
12.0514
12.047
12.0419
12.0361
12.0297
12.0229
12.0158
12.0078
11.9972
11.9836
11.9679
11.9502
11.9301
11.9072
11.8813
11.8521
11.819
11.7818
11.7401
11.6933
11.6409
11.5824
11.5172
11.4448
11.3644
11.2754
11.177
11.0685
10.9492
10.8182
10.6748
10.5183
10.3477
10.1625
9.96199
9.74556
9.51276
9.26325
8.99682
8.71349
8.4135
8.09729
7.76558
7.41937
7.05998
6.689
6.30834
5.92017
5.5269
5.1312
4.73586
4.3438
3.958
3.58134
3.2167
2.86658
2.53365
2.21943
1.92657
1.65484
1.40756
1.18143
1.01031
0.869021
0.740668
0.610052
0.50538
0.387456
0.316788
0.211553
0.180324
0.0900526
0.0896835
0.0247444
0.0323297
10.4229
10.4052
10.3871
10.3677
10.3467
10.3241
10.2999
10.2739
10.2461
10.2163
10.1843
10.1501
10.1134
10.0741
10.0319
9.98665
9.93807
9.88591
9.82991
9.76977
9.70515
9.63577
9.56126
9.48122
9.39521
9.30286
9.20374
9.09733
8.98314
8.86067
8.72941
8.58881
8.43831
8.27738
8.10544
7.92203
7.72662
7.51873
7.29799
7.06407
6.81669
6.55568
6.28106
5.99293
5.6916
5.37753
5.05139
4.71414
4.36688
4.01103
3.64828
3.28045
2.90973
2.53848
2.16921
1.80463
1.4475
1.10064
0.766856
0.448817
0.149086
-0.129981
-0.386481
-0.618456
-0.82494
-1.00479
-1.15715
-1.2676
-1.34517
-1.41957
-1.46123
-1.52133
-1.49885
-1.5749
-1.42541
-1.61107
-1.18801
-1.71582
-0.682265
-2.07517
10.4312
10.4286
10.4255
10.4229
10.4195
10.4152
10.4103
10.4049
10.3991
10.3935
10.3885
10.3845
10.3815
10.378
10.3716
10.3615
10.3484
10.3332
10.3162
10.2969
10.2752
10.2505
10.2226
10.1913
10.1562
10.1167
10.0726
10.0233
9.96837
9.90734
9.83959
9.76452
9.68152
9.58999
9.48927
9.3786
9.25736
9.12493
8.98062
8.82377
8.65381
8.47024
8.27261
8.06064
7.83409
7.59294
7.33732
7.06753
6.78418
6.48803
6.18016
5.86189
5.53474
5.20055
4.86139
4.51947
4.17718
3.83707
3.50164
3.17349
2.855
2.54876
2.2564
1.98065
1.72171
1.48306
1.26207
1.09242
0.951137
0.820904
0.687781
0.577749
0.455774
0.376135
0.266844
0.223495
0.130095
0.116945
0.0474168
0.0487796
8.58771
8.57382
8.55958
8.54436
8.52797
8.51045
8.49169
8.4716
8.45018
8.42733
8.40284
8.37665
8.34866
8.31867
8.28659
8.25223
8.2154
8.17591
8.13356
8.08815
8.03945
7.98716
7.93107
7.87092
7.80627
7.73688
7.66248
7.58259
7.49686
7.40489
7.30631
7.20064
7.08743
6.96623
6.83653
6.698
6.55015
6.39248
6.22462
6.04626
5.857
5.65657
5.44483
5.22171
4.98724
4.74154
4.48489
4.21784
3.941
3.65522
3.36158
3.06132
2.75595
2.44721
2.13696
1.82732
1.52048
1.21884
0.924778
0.640775
0.369178
0.112366
-0.127637
-0.348726
-0.549432
-0.728356
-0.884088
-1.00036
-1.08602
-1.1685
-1.22426
-1.29313
-1.29372
-1.37282
-1.26198
-1.43296
-1.07625
-1.55419
-0.632378
-1.9163
8.59464
8.59358
8.59208
8.59117
8.59001
8.58843
8.58652
8.58442
8.58202
8.57926
8.57632
8.57329
8.57022
8.56686
8.56231
8.55584
8.5478
8.53855
8.52798
8.51591
8.50208
8.48636
8.46851
8.44822
8.42526
8.39937
8.37023
8.33747
8.30071
8.25965
8.21383
8.16273
8.10592
8.04298
7.97332
7.89631
7.81145
7.71824
7.61609
7.50434
7.38249
7.24997
7.10636
6.95127
6.78427
6.60515
6.41379
6.21009
5.99428
5.76666
5.52773
5.27826
5.01913
4.75151
4.47681
4.19663
3.91269
3.62696
3.34152
3.05853
2.7801
2.5086
2.24576
1.99415
1.75457
1.53016
1.3197
1.15489
1.01709
0.887001
0.754805
0.64024
0.517771
0.428653
0.318907
0.262023
0.168734
0.141236
0.0697863
0.0634687
6.79436
6.78411
6.77368
6.76261
6.75074
6.73805
6.72448
6.70999
6.69457
6.67816
6.66056
6.64173
6.6217
6.60022
6.5773
6.55279
6.52649
6.49836
6.46823
6.43597
6.40142
6.36434
6.32461
6.28207
6.23635
6.18735
6.13481
6.0784
6.01789
5.95297
5.88337
5.80875
5.72877
5.64305
5.55116
5.45286
5.34774
5.23537
5.1154
4.98749
4.85128
4.70643
4.55266
4.38983
4.21773
4.03623
3.84536
3.64528
3.43619
3.21849
2.99269
2.75954
2.51996
2.27499
2.0259
1.7742
1.5215
1.26963
1.02052
0.776238
0.538876
0.310612
0.093447
-0.110476
-0.299422
-0.471757
-0.625586
-0.743921
-0.833933
-0.922665
-0.987823
-1.06681
-1.08244
-1.17309
-1.08462
-1.263
-0.941072
-1.41188
-0.550188
-1.80361
6.79988
6.80001
6.79994
6.8005
6.80109
6.80154
6.80194
6.80229
6.80236
6.80185
6.80059
6.7985
6.7957
6.79255
6.78923
6.78555
6.78141
6.77662
6.77101
6.76445
6.75678
6.74799
6.73795
6.72635
6.71308
6.69799
6.68087
6.66149
6.63954
6.61478
6.58698
6.55573
6.52072
6.4817
6.43819
6.3897
6.3359
6.27635
6.21055
6.13799
6.05823
5.97074
5.87511
5.77086
5.65752
5.53479
5.40232
5.25977
5.10708
4.9442
4.77114
4.58824
4.39581
4.19441
3.98486
3.76809
3.54522
3.3176
3.08671
2.85423
2.62186
2.39163
2.16509
1.94469
1.73131
1.52816
1.33447
1.18023
1.04964
0.924728
0.796323
0.682844
0.561023
0.468835
0.357569
0.29424
0.198152
0.163587
0.0862862
0.0814788
5.42822
5.42081
5.41322
5.40517
5.39653
5.38726
5.37732
5.36675
5.35549
5.34348
5.33062
5.31688
5.30226
5.28656
5.26981
5.25191
5.23267
5.21212
5.19012
5.16657
5.14134
5.11427
5.08529
5.05423
5.02087
4.98514
4.94676
4.90559
4.86144
4.81405
4.76327
4.70877
4.65034
4.5877
4.52053
4.44856
4.3715
4.28906
4.2009
4.1067
4.00621
3.89908
3.785
3.66384
3.5353
3.3992
3.25543
3.10398
2.94486
2.77815
2.60413
2.42318
2.2358
2.04258
1.8444
1.6422
1.43714
1.23053
1.02382
0.818636
0.616659
0.419749
0.229657
0.0483583
-0.12246
-0.281157
-0.425617
-0.539388
-0.627821
-0.716802
-0.785084
-0.868509
-0.892713
-0.990906
-0.917579
-1.10334
-0.806569
-1.27778
-0.46147
-1.70019
5.43238
5.43285
5.43308
5.43362
5.43405
5.43428
5.4344
5.43441
5.43437
5.43429
5.43406
5.4337
5.43336
5.43316
5.43296
5.43244
5.43118
5.42897
5.42606
5.42261
5.41844
5.41354
5.40786
5.40115
5.39337
5.38437
5.37397
5.36211
5.34852
5.33301
5.31546
5.29559
5.27313
5.24793
5.21962
5.18788
5.15244
5.11295
5.06903
5.02032
4.96643
4.90695
4.84151
4.76966
4.69102
4.60527
4.51198
4.41082
4.30155
4.18402
4.05801
3.92354
3.7807
3.62966
3.4708
3.30462
3.13176
2.95308
2.76956
2.58239
2.3928
2.20242
2.01243
1.825
1.64086
1.46305
1.29094
1.15195
1.03282
0.917744
0.797864
0.690605
0.5741
0.484131
0.375288
0.310636
0.21455
0.177644
0.0961282
0.0966977
4.32599
4.3205
4.31488
4.30892
4.30252
4.29568
4.28835
4.28056
4.27228
4.26344
4.25399
4.24392
4.2332
4.22168
4.20939
4.19628
4.18221
4.1672
4.15111
4.13387
4.11541
4.09562
4.07444
4.05169
4.02729
4.00116
3.97304
3.94288
3.91051
3.87576
3.83849
3.79845
3.75546
3.70933
3.65983
3.60671
3.54974
3.48871
3.42333
3.35331
3.2785
3.19858
3.11325
3.02238
2.92569
2.82302
2.71418
2.59911
2.47771
2.34998
2.216
2.07596
1.93011
1.77879
1.62257
1.46201
1.29791
1.13118
0.962876
0.794195
0.626424
0.461052
0.299506
0.143464
-0.00556742
-0.146129
-0.276083
-0.3804
-0.462762
-0.547145
-0.613596
-0.696211
-0.724163
-0.824572
-0.762675
-0.950443
-0.677373
-1.14345
-0.374433
-1.5855
4.32924
4.3299
4.33043
4.3312
4.33187
4.33243
4.33292
4.33332
4.33369
4.33409
4.33447
4.33476
4.33506
4.3355
4.33606
4.33669
4.33704
4.33666
4.33561
4.33411
4.33221
4.32986
4.32702
4.32352
4.31931
4.31431
4.30834
4.3014
4.2933
4.28387
4.27305
4.26062
4.24637
4.23022
4.21185
4.19105
4.16763
4.1413
4.11177
4.07877
4.042
4.00112
3.95581
3.90574
3.85058
3.79003
3.72373
3.65135
3.57263
3.48737
3.3953
3.2963
3.19035
3.0774
2.9576
2.83119
2.69846
2.55996
2.41627
2.26818
2.11655
1.96258
1.8071
1.65192
1.49752
1.34663
1.1986
1.07765
0.972786
0.870738
0.762977
0.665751
0.558654
0.474952
0.372725
0.310554
0.218245
0.182216
0.0996255
0.106901
3.39531
3.39122
3.38705
3.3826
3.37784
3.37278
3.36735
3.36158
3.35547
3.34894
3.34197
3.33455
3.32664
3.31815
3.30911
3.29948
3.28917
3.27816
3.26639
3.25378
3.24027
3.22582
3.21037
3.19377
3.17598
3.15695
3.13648
3.11453
3.09098
3.06569
3.03857
3.00945
2.97816
2.94459
2.90854
2.86983
2.82829
2.78371
2.73591
2.68463
2.62974
2.57099
2.50814
2.44102
2.3694
2.29315
2.21204
2.12598
2.03484
1.93854
1.83709
1.73053
1.61897
1.50259
1.38171
1.25667
1.12801
0.996339
0.862379
0.727
0.591166
0.456005
0.322645
0.192438
0.066665
-0.0534804
-0.16596
-0.257716
-0.330985
-0.407356
-0.46827
-0.546077
-0.573722
-0.672072
-0.617716
-0.803292
-0.551021
-1.00775
-0.285563
-1.45977
3.39782
3.39851
3.39914
3.39996
3.40071
3.40136
3.40195
3.40249
3.403
3.40353
3.40411
3.40468
3.40523
3.40582
3.40656
3.40748
3.40848
3.40916
3.40926
3.40885
3.40818
3.40724
3.40599
3.40436
3.40227
3.39969
3.39647
3.3926
3.388
3.38252
3.37611
3.36862
3.3599
3.3499
3.33837
3.32515
3.31014
3.2931
3.2738
3.25205
3.22758
3.20016
3.16955
3.13545
3.09758
3.05569
3.00949
2.9587
2.90302
2.84226
2.77617
2.70455
2.62733
2.54434
2.45559
2.36118
2.2612
2.15594
2.04574
1.93112
1.8126
1.69107
1.56706
1.44203
1.31623
1.19205
1.06872
0.966988
0.877807
0.790611
0.697206
0.612642
0.517869
0.443618
0.351232
0.294919
0.209476
0.177435
0.096677
0.11215
2.60048
2.59751
2.59445
2.59119
2.58772
2.58404
2.58009
2.57589
2.57143
2.56667
2.56159
2.55619
2.55042
2.54424
2.53767
2.53068
2.52318
2.51516
2.50661
2.49747
2.48766
2.47718
2.46599
2.45397
2.4411
2.42732
2.41251
2.39665
2.37964
2.36138
2.34181
2.3208
2.29823
2.27404
2.24807
2.22018
2.19027
2.15814
2.1237
2.08673
2.04713
2.00471
1.95927
1.91067
1.85872
1.80331
1.74423
1.68136
1.6146
1.54382
1.46898
1.39005
1.30704
1.22003
1.12919
1.03469
0.936878
0.836127
0.732924
0.627882
0.52167
0.415131
0.3091
0.204628
0.102741
0.0043535
-0.0886885
-0.165666
-0.227576
-0.293303
-0.34569
-0.415399
-0.439181
-0.531828
-0.481172
-0.661106
-0.425294
-0.869726
-0.191144
-1.32255
2.60236
2.60301
2.6036
2.60433
2.60502
2.60564
2.60621
2.60672
2.6072
2.6077
2.60822
2.60877
2.60934
2.6099
2.61055
2.61135
2.61232
2.61331
2.61402
2.61425
2.61411
2.61378
2.6133
2.6126
2.61164
2.61037
2.60867
2.60656
2.60398
2.60083
2.59707
2.59259
2.58731
2.58118
2.57401
2.56571
2.55621
2.54532
2.53289
2.51879
2.50279
2.48474
2.46447
2.44172
2.41628
2.38794
2.35649
2.32169
2.28327
2.24107
2.19484
2.14438
2.08958
2.03026
1.96632
1.8978
1.82464
1.747
1.66502
1.57904
1.48934
1.39656
1.30099
1.2038
1.10501
1.00668
0.907901
0.825843
0.753088
0.681864
0.604323
0.534334
0.454087
0.391882
0.311961
0.264523
0.18856
0.163423
0.0870441
0.112331
1.89801
1.89588
1.89368
1.89133
1.88885
1.88622
1.88341
1.88043
1.87726
1.87388
1.87029
1.86647
1.8624
1.85806
1.85346
1.84855
1.84329
1.83769
1.83172
1.82535
1.81852
1.81125
1.80346
1.79512
1.78623
1.77669
1.76644
1.75548
1.74372
1.73112
1.7176
1.70308
1.6875
1.67079
1.65284
1.63355
1.61285
1.59062
1.56676
1.54115
1.51367
1.48419
1.45259
1.41873
1.38248
1.34377
1.30239
1.25827
1.21133
1.16143
1.10851
1.05254
0.993481
0.931356
0.866238
0.798223
0.72749
0.654264
0.578858
0.501673
0.423149
0.343868
0.264416
0.185552
0.108049
0.0325239
-0.0394273
-0.0997255
-0.148317
-0.201094
-0.242295
-0.300915
-0.317596
-0.401071
-0.350427
-0.521091
-0.297951
-0.725053
-0.0897872
-1.1604
1.89942
1.90002
1.90058
1.90125
1.90189
1.9025
1.90309
1.90364
1.90416
1.90471
1.90528
1.9059
1.90659
1.90734
1.90815
1.90908
1.91019
1.91145
1.91273
1.91372
1.91425
1.91448
1.91462
1.91461
1.91442
1.91402
1.91334
1.91238
1.9111
1.90945
1.90737
1.90481
1.9017
1.89802
1.89362
1.88848
1.88252
1.87562
1.86765
1.85858
1.84823
1.83647
1.8232
1.80821
1.7914
1.77259
1.75162
1.72833
1.7025
1.67401
1.64265
1.60825
1.57073
1.52988
1.48563
1.43793
1.3867
1.33199
1.27385
1.21246
1.14797
1.08078
1.01104
0.939635
0.866389
0.793058
0.718586
0.656495
0.600731
0.546383
0.485953
0.432168
0.368357
0.320483
0.255379
0.219513
0.155475
0.139863
0.0704584
0.106112
1.28812
1.2867
1.28524
1.28368
1.28201
1.28024
1.27835
1.27634
1.27419
1.27188
1.26943
1.26681
1.26401
1.26104
1.25787
1.25445
1.25082
1.24695
1.2428
1.23836
1.23363
1.22859
1.22318
1.21741
1.21124
1.20463
1.19756
1.19002
1.18193
1.17329
1.16403
1.15412
1.14352
1.13218
1.12003
1.10704
1.09313
1.07822
1.06229
1.04523
1.02697
1.00743
0.986519
0.964151
0.940258
0.914762
0.887523
0.858514
0.827652
0.794838
0.760026
0.723176
0.684258
0.643263
0.600209
0.555152
0.508177
0.4594
0.409011
0.357249
0.304371
0.250748
0.196752
0.142868
0.08963
0.0373631
-0.0126139
-0.0550567
-0.0890242
-0.127243
-0.155279
-0.200607
-0.207448
-0.279236
-0.224904
-0.383571
-0.169079
-0.571821
0.0164997
-0.958027
1.28906
1.28941
1.28975
1.29016
1.29053
1.29086
1.29115
1.29137
1.29155
1.29168
1.29176
1.29181
1.29186
1.2919
1.2919
1.29188
1.29189
1.29205
1.29238
1.29275
1.2929
1.29276
1.29254
1.29235
1.29213
1.29183
1.29136
1.29072
1.28989
1.28883
1.28752
1.28591
1.28396
1.28165
1.27889
1.27566
1.27194
1.26762
1.26261
1.25691
1.2504
1.24297
1.23459
1.22511
1.21448
1.20255
1.18922
1.1744
1.15794
1.13974
1.11969
1.09765
1.07354
1.04725
1.01869
0.987825
0.954546
0.918903
0.880866
0.840555
0.797995
0.753471
0.706987
0.659213
0.609812
0.560263
0.509366
0.467047
0.42833
0.391191
0.348475
0.311859
0.265631
0.233684
0.18495
0.1627
0.112265
0.10803
0.0477293
0.0927096
0.599847
0.599709
0.599618
0.599526
0.599423
0.599329
0.599245
0.599162
0.599055
0.598937
0.598824
0.598691
0.598541
0.598371
0.598163
0.597904
0.597607
0.597255
0.596819
0.596301
0.595702
0.594985
0.594143
0.593154
0.591992
0.590634
0.589066
0.587258
0.585176
0.582798
0.580082
0.577009
0.573541
0.569639
0.565272
0.560416
0.555009
0.549004
0.542391
0.535095
0.527098
0.518348
0.508779
0.498352
0.487058
0.47484
0.461619
0.447411
0.432159
0.415825
0.398392
0.379843
0.360167
0.339366
0.317437
0.294421
0.270364
0.245312
0.219365
0.192637
0.165247
0.137388
0.109239
0.0810441
0.0531019
0.0254726
-0.000853196
-0.023727
-0.0413746
-0.0630894
-0.0758323
-0.105248
-0.100173
-0.15587
-0.098473
-0.233106
-0.0417275
-0.377879
0.102914
-0.638379
0.599782
0.599433
0.599081
0.598795
0.598578
0.598491
0.598628
0.599162
0.600312
0.602305
0.605406
0.609906
0.6161
0.624185
0.634212
0.64605
0.659324
0.673338
0.686993
0.699008
0.708187
0.713719
0.7157
0.715082
0.713152
0.710871
0.708577
0.706207
0.703667
0.700976
0.698133
0.695146
0.692018
0.688745
0.685316
0.681716
0.677959
0.674002
0.669806
0.665382
0.660664
0.6556
0.650189
0.644356
0.638049
0.631212
0.623774
0.615676
0.606848
0.597223
0.586739
0.575317
0.562903
0.549423
0.534822
0.51907
0.502085
0.483913
0.464489
0.44388
0.422057
0.399213
0.375247
0.350643
0.324949
0.29936
0.272555
0.250704
0.229868
0.211008
0.187377
0.169448
0.142732
0.128505
0.0986685
0.0915957
0.0580811
0.064954
0.0197017
0.0647972
0.333193
0.331771
0.330252
0.328611
0.32684
0.324944
0.322916
0.320744
0.318412
0.315926
0.313284
0.31048
0.307506
0.304353
0.301024
0.297514
0.293829
0.289966
0.285918
0.2817
0.277315
0.27276
0.268053
0.263193
0.258187
0.253055
0.247796
0.242428
0.236968
0.231422
0.2258
0.220132
0.214421
0.208683
0.202942
0.197206
0.191483
0.185787
0.180121
0.174483
0.168894
0.163344
0.157804
0.152279
0.146777
0.141261
0.135702
0.130118
0.124456
0.118705
0.112846
0.106859
0.100722
0.0944236
0.0879395
0.0812676
0.0744102
0.0673592
0.0601345
0.0527539
0.0452382
0.0376401
0.0299893
0.022341
0.0147987
0.00721815
0.000274598
-0.00624326
-0.0103448
-0.0177506
-0.0181532
-0.0320686
-0.0199303
-0.053878
-0.00727295
-0.0930279
0.032251
-0.162328
0.10702
-0.247578
0.334497
0.33574
0.337019
0.338306
0.339548
0.340658
0.341473
0.34179
0.34132
0.339687
0.33646
0.33116
0.323294
0.312372
0.297994
0.27997
0.258528
0.234596
0.209804
0.186337
0.166582
0.152513
0.145013
0.143303
0.145141
0.148169
0.151187
0.154023
0.156802
0.159591
0.162326
0.164946
0.1674
0.169658
0.171697
0.173475
0.174983
0.176197
0.177108
0.177718
0.177999
0.177944
0.177576
0.176882
0.175856
0.174514
0.172844
0.170855
0.168546
0.165925
0.163006
0.159775
0.156245
0.152407
0.148254
0.143802
0.139012
0.133942
0.128539
0.122854
0.116834
0.11061
0.10402
0.0974042
0.0902849
0.0835628
0.0760074
0.0706123
0.064308
0.0600401
0.0522168
0.0491005
0.039227
0.0385493
0.0261374
0.0293492
0.0134952
0.0240304
-6.16094e-05
0.029299
)
;

boundaryField
{
    inlet
    {
        type            freestreamPressure;
        freestreamValue uniform 0;
        value           nonuniform List<scalar> 
134
(
5.13017
4.9385
4.56963
4.04057
3.44732
2.78881
2.13659
1.53891
0.999802
0.431775
0.122686
0.170954
0.222425
0.229099
0.197047
0.133268
0.0418434
-0.0739018
-0.210723
-0.365719
5.17257
-0.536403
-0.718867
-0.904026
-1.07485
-1.2095
-1.29765
-1.4088
-1.44914
-1.49864
-1.78904
-1.68393
-1.70107
-1.73381
-1.75551
-1.76359
-1.76863
-1.78716
-1.84207
-1.90283
5.07007
4.78725
4.26635
3.56869
2.69763
1.69906
0.631047
-2.05793
-2.00158
-1.92376
-1.8701
-1.82709
-1.77939
-1.72651
-1.67227
-1.61776
-1.56235
-1.50555
-1.4474
-1.38799
-1.32715
-1.26451
-1.1994
-1.13054
-1.05703
-0.976118
-0.918722
-0.866042
-0.807619
-0.743574
-0.673674
-0.591074
-0.487983
-0.325161
-0.126101
0.150892
0.304284
0.44284
0.532793
0.585648
0.614358
0.617814
0.59729
0.560509
0.512986
0.459739
0.40456
0.34934
0.294414
0.239839
0.188053
0.142174
0.100472
0.0611193
0.0248803
-0.00729499
-0.0352393
-0.0590381
-0.0788345
-0.0947897
-0.10717
-0.116354
-0.122868
-0.127466
-0.131168
-0.135073
-0.133534
-0.125033
-0.1162
-0.109045
-0.101927
-0.0938584
-0.0850303
-0.0757746
-0.0661509
-0.0561299
-0.0457588
-0.0351514
-0.0244338
-0.0137576
-0.00331092
0.00667008
0.0158808
0.0239612
0.0311766
0.0400233
0.0474988
0.0525105
0.0550886
0.0551776
0.0521226
0.0455391
0.0318284
0.0143917
)
;
    }
    outlet
    {
        type            freestreamPressure;
        freestreamValue uniform 0;
        value           nonuniform List<scalar> 
160
(
2.90224e-05
2.91351e-05
2.88999e-05
2.92448e-05
2.87702e-05
2.93607e-05
2.86306e-05
2.94819e-05
2.84803e-05
2.96061e-05
2.83194e-05
2.97271e-05
2.81475e-05
2.98317e-05
2.79634e-05
2.99012e-05
2.77659e-05
2.99074e-05
2.75552e-05
2.98131e-05
2.73315e-05
2.95744e-05
2.70941e-05
2.91427e-05
2.68422e-05
2.84681e-05
2.65752e-05
2.75036e-05
2.62932e-05
2.62133e-05
2.5996e-05
2.45853e-05
2.56838e-05
2.26491e-05
2.53566e-05
2.04982e-05
2.50135e-05
1.82855e-05
2.46559e-05
1.62068e-05
2.42843e-05
1.44674e-05
2.38981e-05
1.32309e-05
2.34987e-05
1.25655e-05
2.30865e-05
1.23994e-05
2.26615e-05
1.25401e-05
2.22259e-05
1.27872e-05
2.17792e-05
1.30375e-05
2.1323e-05
1.32734e-05
2.08589e-05
1.3504e-05
2.03873e-05
1.37343e-05
1.99089e-05
1.39589e-05
1.94263e-05
1.41728e-05
1.894e-05
1.43711e-05
1.8451e-05
1.45517e-05
1.79616e-05
1.47121e-05
1.74722e-05
1.48491e-05
1.69838e-05
1.49615e-05
1.64972e-05
1.50475e-05
1.60129e-05
1.51063e-05
1.55306e-05
1.51381e-05
1.5052e-05
1.51405e-05
1.45765e-05
1.51131e-05
1.4101e-05
1.50579e-05
1.36262e-05
1.49738e-05
1.31525e-05
1.48605e-05
1.26768e-05
1.47194e-05
1.21961e-05
1.45498e-05
1.17122e-05
1.43526e-05
1.12201e-05
1.41278e-05
1.07186e-05
1.38765e-05
1.0206e-05
1.36e-05
9.68013e-06
1.32974e-05
9.13909e-06
1.29702e-05
8.58152e-06
1.26176e-05
8.00518e-06
1.22399e-05
7.4096e-06
1.18384e-05
6.79496e-06
1.14104e-05
6.16034e-06
1.09612e-05
5.50751e-06
1.04865e-05
4.83806e-06
9.99136e-06
4.15397e-06
9.47138e-06
3.46011e-06
8.93834e-06
2.75947e-06
8.3783e-06
2.05731e-06
7.82092e-06
1.36355e-06
7.22526e-06
6.65331e-07
6.66772e-06
2.53116e-08
6.0444e-06
-5.75482e-07
5.60337e-06
-9.52936e-07
5.08911e-06
-1.63551e-06
4.74537e-06
-1.66863e-06
4.11197e-06
-2.95365e-06
3.86629e-06
-1.82225e-06
3.07278e-06
-4.9687e-06
3.0263e-06
-6.5702e-07
2.03602e-06
-8.63949e-06
2.29989e-06
2.8384e-06
1.04501e-06
-1.53997e-05
1.88339e-06
8.91863e-06
-4.73745e-09
-2.46449e-05
2.30479e-06
)
;
    }
    walls
    {
        type            zeroGradient;
    }
    frontAndBack
    {
        type            empty;
    }
}


// ************************************************************************* //
