/*--------------------------------*- C++ -*----------------------------------*\
| =========                 |                                                 |
| \\      /  F ield         | OpenFOAM: The Open Source CFD Toolbox           |
|  \\    /   O peration     | Version:  v1806                                 |
|   \\  /    A nd           | Web:      www.OpenFOAM.com                      |
|    \\/     M anipulation  |                                                 |
\*---------------------------------------------------------------------------*/
FoamFile
{
    version     2.0;
    format      ascii;
    class       volScalarField;
    location    "290";
    object      p;
}
// * * * * * * * * * * * * * * * * * * * * * * * * * * * * * * * * * * * * * //

dimensions      [0 2 -2 0 0 0 0];


internalField   nonuniform List<scalar> 
10720
(
-1669.07
-1106.49
-475.718
117.674
641.196
1089.82
1441.34
1695.56
1855.84
1925.97
1934.07
1891.25
1793.67
1660.04
1503.99
1332.26
1151.21
969.585
793.112
628.939
481.16
355.991
253.911
176.126
116.041
60.3544
8.75154
-31.3501
-59.8858
-78.104
-86.4111
-85.2617
-75.0774
-56.0888
-28.4335
10.0466
61.9347
148.234
287.025
-2270.56
-2841.38
-3537.55
-4250.03
-4903.62
-5494.24
-5949.91
-6193.26
-6214.98
-6100.66
-5867.15
-5541.75
-5195.51
-4860.31
-4536.13
-4231.65
-3938.71
-3659.45
-3399.34
-3171.47
-2979.55
-2822.03
-2688.81
-2568.19
-2436.2
-2281.74
-2118.38
-1951.53
-1780.67
-1605.21
-1426.19
-1244.42
-1060.21
-872.566
-680.755
-479.448
-271.011
-26.7326
172.934
-634.965
-249.936
142.27
530.787
890.97
1212.39
1479.47
1683.52
1820.65
1889.59
1901.88
1863.49
1778.28
1659.54
1517.35
1358.12
1188.13
1014.99
844.756
683.824
536.9
409.396
302.883
218.304
150.664
89.7185
34.6463
-8.82236
-40.4857
-61.5626
-72.4255
-73.5311
-65.343
-48.0931
-21.8737
15.49
66.5252
152.437
285.26
-1025.74
-1453.41
-1931.7
-2438.08
-2946.8
-3439.23
-3886.27
-4237.89
-4454.88
-4559.38
-4584.23
-4552.78
-4484.02
-4377.82
-4225.26
-4034.74
-3813.54
-3578.35
-3345.85
-3134.46
-2951.41
-2797.35
-2664.34
-2542.03
-2409.9
-2258.03
-2097.57
-1933.47
-1765.33
-1592.54
-1415.98
-1236.38
-1053.98
-867.823
-677.183
-476.774
-269.04
-24.7845
170.246
-440.401
-81.7094
279.881
628.135
945.488
1226.9
1461.29
1642
1766.04
1833.23
1850.31
1820.82
1748.48
1642.32
1510.83
1360.76
1198.48
1031.06
864.876
706.118
559.919
431.321
322.648
234.711
163.832
101.719
46.3881
2.05465
-30.6443
-52.7388
-64.6316
-66.7278
-59.4734
-43.0681
-17.5525
19.2589
69.9077
155.137
283.069
-792.837
-1167.35
-1581.09
-2040.79
-2513.39
-2977.57
-3408.36
-3762.23
-4011.84
-4166.19
-4239.18
-4241.25
-4186.57
-4087.59
-3952.5
-3790.79
-3609.2
-3416.88
-3224.12
-3043.44
-2881.62
-2740.62
-2615.48
-2498.1
-2372.08
-2227.84
-2073.51
-1914.09
-1749.7
-1580.01
-1406
-1228.51
-1047.84
-863.1
-673.587
-474.083
-267.074
-23.3198
170.53
-148.706
138.947
431.372
718.043
981.732
1220.26
1423.14
1583.3
1697.1
1763.39
1785.36
1764.78
1704.83
1612.06
1493.5
1355.49
1204.02
1045.58
886.433
732.56
589.214
461.226
351.382
260.629
186.322
121.817
64.7278
18.3052
-16.4607
-40.4519
-54.1508
-57.9035
-52.1202
-36.9771
-12.4856
23.5237
73.5453
157.69
280.91
-434.382
-741.794
-1089.97
-1475.29
-1875.57
-2278.75
-2663.55
-3001.6
-3275.39
-3483.94
-3626.7
-3705.08
-3725.45
-3697
-3627.99
-3525.55
-3396.91
-3250.26
-3095.2
-2942.55
-2800.18
-2671.49
-2554.04
-2441.59
-2321.78
-2185.96
-2039.32
-1886.46
-1727.73
-1562.85
-1392.77
-1218.41
-1040.22
-857.44
-669.471
-471.233
-265.25
-22.558
171.479
-15.0902
239.581
498.512
750.391
980.996
1190.82
1370.91
1515.13
1620.46
1685.68
1711.97
1699.77
1651.64
1572.1
1466.7
1341.05
1200.7
1051.66
899.967
751.419
611.363
484.544
374.088
281.216
204.146
137.718
79.4548
31.6945
-4.47977
-29.8235
-44.8339
-49.8276
-45.1781
-31.0478
-7.41873
27.8722
77.2553
160.191
278.548
-268.915
-539.358
-845.745
-1188.57
-1546.85
-1913.88
-2274.01
-2603.75
-2885.56
-3108.92
-3272.52
-3376.84
-3427.73
-3432.74
-3398.12
-3328.86
-3231.35
-3113.01
-2982.62
-2849.65
-2721.83
-2602.93
-2491.86
-2383.68
-2269.04
-2140.52
-2000.96
-1854.41
-1701.43
-1541.77
-1376.25
-1205.75
-1030.74
-850.527
-664.595
-468.055
-263.465
-22.3462
171.529
91.0444
313.063
540.177
761.606
964.365
1150.4
1311.58
1442.41
1540.34
1604.24
1633.91
1629.04
1591.53
1524.43
1431.97
1318.95
1190.35
1051.63
908.457
766.45
630.869
506.396
396.397
302.396
223.335
155.289
95.9041
46.7893
9.06383
-17.8237
-34.3508
-40.8005
-37.5016
-24.5777
-1.9741
32.455
81.0616
162.527
275.9
-130.61
-366.533
-636.376
-939.455
-1257.37
-1586.9
-1914.83
-2220.28
-2488.3
-2711.67
-2888.88
-3018.78
-3102.7
-3143.9
-3146.08
-3112.93
-3049.79
-2963.12
-2860.52
-2750.25
-2639.51
-2532.48
-2429.29
-2326.48
-2217.27
-2095.48
-1962.42
-1821.62
-1673.88
-1519.09
-1357.99
-1191.41
-1019.78
-842.486
-659
-464.585
-261.794
-22.8313
170.389
155.288
353.67
557.179
755.244
936.229
1103.23
1248.86
1368.24
1459.71
1521.91
1553.9
1555.24
1527.02
1471.26
1391.11
1290.46
1173.66
1045.57
911.468
776.662
646.272
524.912
416.111
321.702
241.241
171.864
111.491
61.1953
22.0758
-6.22
-24.1415
-31.9402
-29.9023
-18.1162
3.50094
37.0679
84.8458
164.627
272.983
-43.2364
-253.888
-495.685
-768.578
-1055.36
-1355.04
-1657.01
-1942.75
-2199.38
-2420.9
-2603.02
-2743.53
-2842.61
-2902.92
-2927.59
-2919.45
-2882.46
-2821.45
-2742.46
-2652.25
-2557.21
-2461.56
-2366.31
-2269.31
-2165.69
-2050.43
-1923.79
-1788.65
-1646.01
-1495.9
-1339.03
-1176.24
-1007.99
-833.689
-652.847
-460.889
-260.319
-24.1759
168.014
198.567
376.813
560.345
738.876
901.78
1052.85
1185.28
1294.73
1380.32
1440.52
1473.97
1480.32
1460.05
1414.39
1345.6
1256.77
1151.54
1034.22
909.569
782.535
658.039
540.592
433.804
339.779
258.61
188.307
127.156
75.8652
35.4777
5.83001
-13.4669
-22.6323
-21.9035
-11.32
9.23465
41.8454
88.6708
166.517
269.826
19.9207
-169.154
-387.146
-633.953
-893.676
-1166.69
-1444.11
-1709
-1950.07
-2162.23
-2341.51
-2486.05
-2595.74
-2671.7
-2715.73
-2729.48
-2715.56
-2677.54
-2620.16
-2548.97
-2469.52
-2385.85
-2299.51
-2209.35
-2112.03
-2003.62
-1883.74
-1754.61
-1617.35
-1472.11
-1319.57
-1160.59
-995.706
-824.434
-646.352
-457.072
-259.109
-26.4481
164.283
225.014
386.708
553.643
715.879
863.673
1001.22
1122.3
1223.1
1303.29
1361.2
1395.45
1405.74
1392.13
1355.3
1296.82
1219.03
1124.94
1018.24
903.159
784.245
666.156
553.257
449.169
356.229
274.976
204.143
142.428
90.3222
48.807
17.8957
-2.71848
-13.2123
-13.7741
-4.39038
15.0861
46.6923
92.4739
168.166
266.418
62.7301
-108.662
-306.856
-531.903
-768.822
-1019.04
-1274.95
-1521.09
-1747.28
-1949.51
-2124.14
-2268.78
-2383.35
-2468.22
-2524.68
-2553.91
-2557.61
-2538.24
-2499.34
-2445.17
-2380.28
-2308.31
-2231.02
-2148
-2057.14
-1955.48
-1842.31
-1719.3
-1587.56
-1447.37
-1299.35
-1144.37
-982.973
-814.813
-639.586
-453.166
-258.176
-29.6131
159.096
240.346
387.9
540.617
688.917
823.828
949.752
1060.9
1154.1
1229.27
1284.69
1319.24
1332.53
1324.41
1295.21
1245.91
1178.27
1094.69
998.261
892.691
782.098
670.805
562.982
462.224
371.031
290.308
219.378
157.355
104.643
62.1673
30.0985
8.2345
-3.55246
-5.401
2.76189
21.1171
51.6449
96.2687
169.585
262.775
92.0672
-64.1873
-245.393
-451.628
-668.749
-898.868
-1135.45
-1364.06
-1575.52
-1766.6
-1934.02
-2075.37
-2191.06
-2281.2
-2346.45
-2387.57
-2405.56
-2401.93
-2379.12
-2340.29
-2289.04
-2228.44
-2160.32
-2084.79
-2000.65
-1905.79
-1799.37
-1682.58
-1556.5
-1421.51
-1278.19
-1127.39
-969.673
-804.789
-632.548
-449.139
-257.42
-33.5115
152.487
247.565
382.961
523.408
659.667
783.438
899.238
1001.67
1088.14
1158.61
1211.47
1245.87
1261.4
1257.76
1235.04
1193.83
1135.39
1061.57
974.936
878.665
776.425
672.164
569.829
472.928
384.07
304.445
233.85
171.797
118.697
75.4363
42.3308
19.294
6.26006
3.14346
10.0792
27.2842
56.671
100.029
170.767
258.911
111.344
-31.9301
-198.45
-388.389
-588.304
-800.767
-1020.07
-1232.75
-1430.38
-1610.41
-1769.87
-1906.51
-2020.93
-2113.29
-2183.8
-2233.11
-2261.82
-2270.7
-2261.3
-2235.82
-2196.93
-2147.13
-2088.07
-2020.18
-1942.9
-1854.84
-1755.14
-1644.62
-1524.28
-1394.58
-1256.09
-1109.61
-955.743
-794.309
-625.221
-444.976
-256.729
-37.94
144.664
249.062
373.845
503.554
629.283
743.333
850.214
944.952
1025.36
1091.45
1141.76
1175.67
1192.79
1192.77
1175.53
1141.38
1091.18
1026.32
948.892
861.57
767.566
670.453
573.906
481.303
395.296
317.294
247.465
185.679
132.422
88.5706
54.5656
30.4479
16.2236
11.8647
17.5679
33.5909
61.7681
103.749
171.718
254.845
123.359
-8.59859
-162.282
-337.876
-522.656
-719.436
-923.173
-1121.3
-1305.96
-1475.17
-1626.24
-1757.1
-1868.47
-1960.82
-2034.16
-2088.97
-2125.61
-2144.36
-2146.08
-2132.13
-2104.38
-2064.71
-2014.49
-1954.26
-1883.94
-1802.66
-1709.65
-1605.44
-1490.92
-1366.61
-1233.07
-1091.05
-941.184
-783.365
-617.603
-440.703
-256.047
-42.7711
135.919
246.434
361.896
482.113
598.553
704.021
802.982
890.888
965.805
1027.8
1075.65
1108.82
1127.02
1129.87
1117.23
1089.17
1046.29
989.577
920.698
841.876
755.889
665.917
575.345
487.378
404.664
328.761
260.114
198.903
145.733
101.493
66.7402
41.6456
26.2971
20.7309
25.2027
40.0166
66.9188
107.414
172.443
250.595
130.025
7.97995
-134.352
-297.255
-468.604
-651.422
-841.144
-1025.96
-1198.62
-1357.48
-1500.18
-1624.78
-1732.13
-1822.93
-1897.2
-1955.29
-1997.45
-2023.68
-2034.32
-2030.09
-2012.15
-1981.77
-1939.98
-1887.31
-1823.92
-1749.37
-1662.99
-1565.09
-1456.46
-1337.62
-1209.14
-1071.72
-926.006
-771.966
-609.708
-436.349
-255.399
-47.968
126.494
240.889
348.086
459.842
568.016
665.849
757.742
839.536
909.461
967.661
1013.1
1045.37
1064.23
1069.35
1060.52
1037.71
1001.27
951.893
890.88
820.048
741.765
658.827
574.314
491.23
412.173
338.786
271.712
211.386
158.552
114.138
78.8006
52.8454
36.4497
29.7198
32.9673
46.5476
72.1105
111.01
172.95
246.181
132.738
19.505
-112.76
-264.315
-423.678
-593.945
-770.969
-943.656
-1105.19
-1254.3
-1388.79
-1506.93
-1609.64
-1697.8
-1771.57
-1831.24
-1877.01
-1908.72
-1926.37
-1930.19
-1920.74
-1898.75
-1864.9
-1819.56
-1763.01
-1695.08
-1615.24
-1523.64
-1420.93
-1307.64
-1184.32
-1051.62
-910.208
-760.115
-601.541
-431.933
-254.846
-53.5135
116.499
233.303
333.101
437.275
538.039
629.043
714.598
790.871
856.251
910.918
954.03
985.274
1004.49
1011.37
1005.71
987.376
956.566
913.753
859.915
796.517
725.553
649.456
570.997
492.954
417.838
347.324
282.181
223.046
170.801
126.43
90.6851
63.9973
46.6417
38.8007
40.8379
53.1642
77.3267
114.527
173.248
241.628
132.534
27.1752
-96.0526
-237.425
-386.009
-544.942
-710.441
-872.016
-1023.3
-1163.23
-1289.84
-1401.52
-1499.32
-1584.15
-1656.39
-1716.33
-1764.15
-1799.66
-1822.64
-1832.94
-1830.7
-1816.16
-1789.63
-1751.29
-1701.39
-1639.95
-1566.52
-1481.16
-1384.37
-1276.68
-1158.6
-1030.76
-893.79
-747.809
-593.101
-427.455
-254.432
-59.4083
105.975
224.318
317.447
414.787
508.869
593.721
673.555
744.826
806.037
857.443
898.326
928.478
947.8
956.028
952.962
938.445
912.545
875.56
828.219
771.683
707.607
638.088
565.592
492.664
421.694
354.344
291.454
233.803
182.403
138.299
102.33
75.049
56.8314
47.9409
48.7894
59.8461
82.5509
117.952
173.349
236.96
130.202
31.9175
-83.1658
-215.331
-354.171
-502.821
-657.812
-809.198
-951.008
-1082.37
-1201.47
-1306.82
-1399.56
-1480.66
-1550.63
-1609.87
-1658.55
-1696.46
-1723.31
-1738.72
-1742.46
-1734.42
-1714.54
-1682.77
-1639.27
-1584.12
-1516.95
-1437.74
-1346.86
-1244.79
-1132.02
-1009.14
-876.752
-735.047
-584.388
-422.908
-254.165
-65.6348
94.9654
214.411
301.513
392.652
480.671
559.956
634.609
701.33
758.704
807.088
845.857
874.871
894.101
903.34
902.404
891.12
869.479
837.646
796.152
745.903
688.258
625.003
558.314
490.502
423.813
359.858
299.497
243.602
193.292
149.676
113.672
85.9459
66.9737
57.1036
56.7928
66.5697
87.7649
121.276
173.267
232.201
126.325
34.4345
-73.2639
-197.059
-327.059
-466.326
-611.695
-753.728
-886.771
-1010.14
-1122.13
-1221.37
-1309.06
-1386.22
-1453.42
-1511.24
-1559.83
-1599.04
-1628.54
-1647.83
-1656.43
-1653.93
-1640
-1614.32
-1576.89
-1527.77
-1466.67
-1393.47
-1308.45
-1212.01
-1104.61
-986.773
-859.102
-721.831
-575.4
-418.288
-254.033
-72.1627
83.5269
203.945
285.568
371.043
453.554
527.765
597.718
660.27
714.121
759.701
796.458
824.32
843.325
853.298
854.096
845.543
827.582
800.286
764.026
719.5
667.815
610.474
549.382
486.623
424.276
363.881
306.279
252.386
203.4
160.491
124.646
96.6303
77.0198
66.2486
64.8163
73.3094
92.9503
124.488
173.018
227.381
121.352
35.274
-65.6987
-181.855
-303.783
-434.473
-570.994
-704.397
-829.342
-945.248
-1050.55
-1143.94
-1226.67
-1299.8
-1363.94
-1419.8
-1467.61
-1507.23
-1538.37
-1560.47
-1572.91
-1575.06
-1566.34
-1546.2
-1514.45
-1471.09
-1415.83
-1348.5
-1269.24
-1178.41
-1076.4
-963.691
-840.852
-708.166
-566.142
-413.59
-254.024
-78.9426
71.7303
193.194
269.808
350.106
427.569
497.162
562.807
621.542
672.145
715.128
749.978
776.692
795.359
805.85
808.049
801.798
787.012
763.696
732.104
692.761
646.56
594.758
539.014
481.183
423.183
366.454
311.79
260.114
212.673
170.682
135.188
107.044
86.9189
75.3331
72.8254
80.0379
98.0867
127.579
172.617
222.527
115.622
34.8536
-59.9658
-169.125
-283.641
-406.456
-534.822
-660.251
-777.683
-886.629
-985.628
-1073.47
-1151.39
-1220.5
-1281.42
-1334.97
-1381.48
-1420.82
-1452.77
-1476.78
-1492.15
-1498.1
-1493.88
-1478.72
-1452.22
-1414.28
-1364.59
-1302.92
-1229.33
-1144.06
-1047.45
-939.921
-822.02
-694.059
-556.61
-408.81
-254.121
-85.9221
59.6381
182.359
254.382
329.926
402.758
468.116
529.813
585.034
632.648
673.21
706.26
731.84
750.093
760.921
764.248
759.934
747.881
728.048
700.602
665.93
624.748
578.1
527.418
474.349
420.644
367.634
316.041
266.763
221.064
180.191
145.236
117.127
96.6175
84.311
80.7823
86.7251
103.154
130.542
172.083
217.668
109.402
33.4997
-55.6696
-158.39
-266.09
-381.633
-502.462
-620.501
-730.952
-833.407
-926.498
-1009.07
-1082.37
-1147.52
-1205.17
-1256.19
-1301.01
-1339.56
-1371.66
-1396.82
-1414.32
-1423.3
-1422.88
-1412.11
-1390.41
-1357.53
-1313.12
-1256.9
-1188.82
-1109.03
-1017.8
-915.501
-802.627
-679.523
-546.812
-403.939
-254.309
-93.0434
47.3167
171.599
239.393
310.553
379.12
440.59
498.652
550.634
595.488
633.797
665.148
689.628
707.41
718.436
722.661
719.968
710.262
693.47
669.696
639.22
602.61
560.727
514.804
466.295
416.786
367.494
319.057
272.32
228.536
188.966
154.731
126.821
106.062
93.1342
88.6476
93.3394
108.13
133.368
171.433
212.834
102.888
31.4682
-52.4931
-149.267
-250.674
-359.498
-473.337
-584.518
-688.475
-784.861
-872.4
-950.003
-1018.89
-1080.19
-1134.58
-1182.95
-1225.81
-1263.17
-1294.91
-1320.61
-1339.56
-1350.88
-1353.6
-1346.65
-1329.26
-1301.04
-1261.6
-1210.58
-1147.84
-1073.42
-987.532
-890.477
-782.701
-664.57
-536.748
-398.97
-254.565
-100.246
34.8413
161.027
224.915
292.023
356.647
414.537
469.243
518.231
560.533
596.737
626.491
649.903
667.18
678.292
683.226
681.893
674.196
660.057
639.528
612.807
580.342
542.842
501.365
457.187
411.738
366.119
320.876
276.786
235.064
196.963
163.621
136.069
115.196
101.753
96.3795
99.8478
112.994
136.053
170.685
208.052
96.2408
28.9594
-50.183
-141.45
-237.027
-339.624
-446.967
-551.756
-649.659
-740.373
-822.708
-895.618
-960.313
-1017.89
-1069.07
-1114.74
-1155.48
-1191.38
-1222.38
-1248.11
-1267.93
-1280.97
-1286.22
-1282.54
-1268.97
-1245.02
-1210.2
-1164.1
-1106.5
-1037.33
-956.716
-864.901
-762.277
-649.22
-526.423
-393.889
-254.864
-107.474
22.2933
150.724
211.002
274.348
335.322
389.911
441.506
487.722
527.656
561.905
590.148
612.531
629.279
640.39
645.878
645.678
639.705
627.874
610.205
586.836
558.117
524.632
487.282
447.188
405.633
363.601
321.553
280.178
240.633
204.146
171.854
144.815
123.967
110.115
103.934
106.215
117.723
138.589
169.855
203.35
89.5831
26.1281
-48.5468
-134.693
-224.861
-321.665
-422.953
-521.778
-614.014
-699.426
-776.869
-845.359
-906.08
-960.112
-1008.16
-1051.14
-1089.66
-1123.91
-1153.86
-1179.23
-1199.45
-1213.68
-1220.93
-1219.98
-1209.76
-1189.65
-1159.1
-1117.64
-1064.94
-1000.86
-925.437
-838.834
-741.395
-633.493
-515.843
-388.684
-255.173
-114.666
9.74937
140.756
197.682
257.533
315.117
366.646
415.359
459.002
496.737
529.159
555.988
577.382
593.589
604.626
610.539
611.282
606.784
596.962
581.811
561.428
536.086
506.26
472.724
436.455
398.602
360.043
321.149
282.521
245.24
210.488
179.389
153.01
132.32
118.17
111.267
112.407
122.294
140.972
168.96
198.754
83.0014
23.1046
-47.4185
-128.801
-213.934
-305.332
-400.962
-494.206
-581.152
-661.59
-734.44
-798.764
-855.721
-906.365
-951.392
-991.732
-1028.01
-1060.48
-1089.18
-1113.89
-1134.11
-1149.08
-1157.83
-1159.13
-1151.8
-1135.12
-1108.47
-1071.34
-1023.3
-964.135
-893.784
-812.347
-720.099
-617.413
-505.014
-383.342
-255.457
-121.759
-2.70741
131.17
184.973
241.569
296
344.685
390.723
431.972
467.66
498.38
523.875
544.322
559.983
570.897
577.131
578.656
575.419
567.342
554.408
536.68
514.37
487.871
457.839
425.134
390.779
355.553
319.743
283.858
248.894
215.974
186.191
160.606
140.204
125.869
118.332
118.387
126.685
143.198
168.015
194.288
76.5689
19.9798
-46.6708
-123.604
-204.037
-290.381
-380.721
-468.744
-550.728
-626.494
-695.024
-755.43
-808.831
-856.251
-898.381
-936.155
-970.205
-1000.82
-1028.13
-1051.96
-1071.88
-1087.22
-1097.04
-1100.12
-1095.26
-1081.6
-1058.5
-1025.36
-981.729
-927.273
-861.855
-785.505
-698.443
-601.013
-493.939
-377.847
-255.678
-128.693
-14.9971
121.993
172.882
226.443
277.935
323.972
367.519
406.539
440.321
469.449
493.689
513.235
528.351
539.099
545.565
547.738
545.578
539.017
528.033
512.663
493.072
469.585
442.764
413.36
382.288
350.233
317.41
284.233
251.613
220.597
192.233
167.562
147.572
133.162
125.084
124.119
130.874
145.261
167.034
189.972
70.3364
16.8346
-46.2003
-118.969
-195.008
-276.622
-361.996
-445.12
-522.447
-593.824
-658.29
-715.005
-765.052
-809.422
-848.791
-884.082
-915.947
-944.695
-970.516
-993.292
-1012.68
-1028.07
-1038.59
-1043.08
-1040.27
-1029.25
-1009.33
-979.873
-940.363
-890.395
-829.756
-758.397
-676.477
-584.319
-482.633
-372.182
-255.797
-135.408
-27.0392
113.245
161.414
212.132
260.881
304.448
345.67
382.615
414.618
442.255
465.314
483.999
498.581
509.135
515.76
518.467
517.226
511.981
502.711
489.43
472.275
451.508
427.619
401.261
373.248
344.191
314.233
283.708
253.425
224.359
197.496
173.845
154.38
140.003
131.481
129.568
134.838
147.158
166.025
185.824
64.3423
13.7268
-45.922
-114.793
-186.71
-263.889
-344.598
-423.115
-496.063
-563.313
-623.953
-677.19
-724.07
-765.553
-802.302
-835.218
-864.956
-891.851
-916.133
-937.755
-956.428
-971.612
-982.542
-988.071
-986.939
-978.193
-961.103
-935.014
-899.346
-853.634
-797.592
-731.104
-654.266
-567.368
-471.104
-366.332
-255.767
-141.85
-38.7562
104.936
150.556
198.615
244.795
286.056
325.107
360.113
390.456
416.695
438.644
456.51
470.569
480.904
487.632
490.775
490.316
486.216
478.448
467.022
452.042
433.73
412.506
388.945
363.774
337.529
310.3
282.34
254.369
227.271
201.97
179.427
160.589
146.35
137.478
134.699
138.555
148.882
164.997
181.856
58.6159
10.7027
-45.7735
-110.983
-179.031
-252.044
-328.362
-402.542
-471.367
-534.729
-591.767
-641.728
-685.624
-724.378
-758.642
-789.295
-816.985
-842.068
-864.802
-885.197
-903.021
-917.818
-928.891
-935.159
-935.375
-928.559
-913.97
-890.926
-858.811
-817.112
-765.475
-703.715
-631.872
-550.202
-459.359
-360.283
-255.552
-147.954
-50.0726
97.0703
140.301
185.864
229.636
268.741
305.761
338.953
367.741
392.672
413.576
430.66
444.21
454.313
461.095
464.592
464.804
461.695
455.247
445.462
432.424
416.321
397.514
376.512
353.966
330.344
305.694
280.199
254.486
229.354
205.652
184.287
166.168
152.164
143.037
139.48
142.004
150.431
163.956
178.079
53.1737
7.7964
-45.6995
-107.464
-171.877
-240.966
-313.151
-383.239
-448.179
-507.876
-561.518
-608.393
-649.479
-685.664
-717.574
-746.077
-771.806
-795.133
-816.332
-835.466
-852.358
-866.616
-877.62
-884.367
-885.637
-880.446
-868.04
-847.74
-818.896
-780.956
-733.51
-676.323
-609.365
-532.857
-447.418
-354.019
-255.101
-153.673
-60.9178
89.6469
130.634
173.849
215.365
252.447
287.561
319.056
346.387
370.091
390.01
406.354
419.408
429.268
436.065
439.85
440.63
438.383
433.093
424.761
413.456
399.337
382.719
364.052
343.917
322.731
300.502
277.355
253.829
230.636
208.552
188.417
171.091
157.413
148.123
143.879
145.165
151.796
162.906
174.497
48.028
5.03484
-45.6584
-104.18
-165.17
-230.561
-298.847
-365.073
-426.345
-482.584
-533.021
-576.989
-615.423
-649.19
-678.885
-705.352
-729.217
-750.849
-770.549
-788.416
-804.318
-817.928
-828.703
-835.713
-837.78
-833.931
-823.42
-805.571
-779.719
-745.283
-701.812
-649.014
-586.815
-515.381
-435.291
-347.527
-254.38
-158.955
-71.2286
82.6598
121.535
162.543
201.939
237.122
270.448
300.352
326.316
348.867
367.859
383.5
396.075
405.685
412.465
416.478
417.742
416.243
411.969
404.922
395.162
382.823
368.182
351.639
333.712
314.775
294.805
273.876
252.449
231.152
210.681
191.809
175.34
162.067
152.705
147.87
148.019
152.972
161.845
171.11
43.1852
2.43441
-45.6172
-101.083
-158.843
-220.745
-285.346
-347.928
-405.737
-458.71
-506.12
-547.345
-583.285
-614.769
-642.38
-666.928
-689.027
-709.045
-727.294
-743.904
-758.793
-771.681
-782.098
-789.193
-791.835
-789.08
-780.198
-764.524
-741.394
-710.209
-670.483
-621.884
-564.288
-497.82
-422.999
-340.796
-253.348
-163.755
-80.9451
76.0996
112.988
151.915
189.316
222.715
254.361
282.771
307.454
328.922
347.038
362.011
374.123
383.479
390.217
394.41
396.084
395.233
391.851
385.942
377.558
366.813
353.955
339.335
323.425
306.554
288.68
269.834
250.405
230.942
212.063
194.47
178.904
166.105
156.756
151.428
150.549
153.951
160.771
167.915
38.6477
0.00884554
-45.5527
-98.1302
-152.844
-211.45
-272.567
-331.704
-386.237
-436.125
-480.679
-519.318
-552.908
-582.245
-607.894
-630.636
-651.064
-669.552
-686.413
-701.794
-715.661
-727.78
-737.747
-744.782
-747.816
-745.937
-738.445
-724.691
-704.025
-675.839
-639.627
-595.023
-541.858
-480.217
-410.561
-333.819
-251.969
-168.03
-90.0134
69.956
104.969
141.935
177.457
209.177
239.243
266.248
289.725
310.173
327.463
341.804
353.47
362.571
369.249
373.579
375.599
375.309
372.711
367.808
360.647
351.33
340.074
327.196
313.12
298.14
282.199
265.295
247.755
230.05
212.726
196.411
181.779
169.515
160.257
154.531
152.739
154.728
159.679
164.903
34.4123
-2.23359
-45.444
-95.2933
-147.128
-202.617
-260.44
-316.312
-367.75
-414.723
-456.578
-492.777
-524.154
-551.474
-575.279
-596.324
-615.183
-632.22
-647.76
-661.957
-674.814
-686.141
-695.588
-702.451
-705.721
-704.529
-698.213
-686.15
-667.704
-642.273
-609.338
-568.515
-519.597
-462.625
-397.999
-326.592
-250.217
-171.747
-98.3895
64.2161
97.4591
132.573
166.323
196.46
225.039
250.72
273.064
292.549
309.061
322.8
334.038
342.885
349.484
353.919
356.23
356.426
354.516
350.501
344.428
336.387
326.572
315.265
302.852
289.596
275.43
260.327
244.557
228.524
212.703
197.649
183.97
172.287
163.193
157.164
154.575
155.293
158.561
162.063
30.4746
-4.28962
-45.2775
-92.5465
-141.658
-194.197
-248.899
-301.683
-350.191
-394.403
-433.708
-467.607
-496.898
-522.322
-544.399
-563.854
-581.238
-596.915
-611.2
-624.265
-636.136
-646.664
-655.549
-662.154
-665.538
-664.875
-659.544
-648.958
-632.503
-609.593
-579.706
-542.444
-497.573
-445.09
-385.337
-319.117
-248.068
-174.875
-106.04
58.864
90.4353
123.798
155.875
184.521
211.697
236.133
257.407
275.986
291.761
304.929
315.756
324.351
330.859
335.367
337.921
338.538
337.229
334.001
328.895
321.993
313.469
303.579
292.668
280.977
268.433
254.991
240.871
226.415
212.033
198.211
185.487
174.423
165.555
159.316
156.048
155.638
157.408
159.378
26.8277
-6.15734
-45.0432
-89.8687
-136.401
-186.148
-237.892
-287.75
-333.484
-375.084
-411.981
-443.707
-471.038
-494.683
-515.14
-533.104
-549.109
-563.509
-576.613
-588.604
-599.523
-609.261
-617.559
-623.842
-627.241
-626.975
-622.464
-613.161
-598.488
-577.875
-550.81
-516.887
-475.851
-427.663
-372.603
-311.393
-245.505
-177.393
-112.934
53.886
83.8752
115.583
146.078
173.314
199.167
222.427
242.693
260.418
275.495
288.12
298.552
306.897
313.304
317.862
320.619
321.597
320.814
318.28
314.033
308.148
300.781
292.163
282.607
272.332
261.264
249.345
236.752
223.773
210.757
198.126
186.351
175.928
167.342
160.979
157.147
155.757
156.207
156.829
23.4627
-7.83933
-44.7345
-87.2456
-131.336
-178.435
-227.376
-274.458
-317.567
-356.696
-391.317
-420.996
-446.481
-468.453
-487.395
-503.968
-518.685
-531.89
-543.887
-554.863
-564.872
-573.838
-581.54
-587.461
-590.794
-590.814
-586.984
-578.797
-565.712
-547.185
-522.719
-491.912
-454.491
-410.389
-359.824
-303.433
-242.514
-179.286
-119.052
49.2653
77.7566
107.898
136.896
162.8
187.404
209.554
228.868
245.784
260.201
272.309
282.362
290.462
296.759
301.344
304.268
305.558
305.235
303.313
299.829
294.849
288.516
281.039
272.702
263.704
253.973
243.443
232.255
220.65
208.921
197.429
186.583
176.817
168.56
162.152
157.869
155.641
154.947
154.397
20.3696
-9.3385
-44.3481
-84.6643
-126.439
-171.028
-217.31
-261.763
-302.382
-339.172
-371.643
-399.392
-423.143
-443.547
-461.069
-476.344
-489.86
-501.952
-512.915
-522.937
-532.083
-540.307
-547.415
-552.947
-556.156
-556.372
-553.104
-545.883
-534.21
-517.57
-495.492
-467.579
-433.552
-393.314
-347.031
-295.246
-239.094
-180.543
-124.383
44.985
72.0571
100.714
128.296
152.94
176.361
197.462
215.876
232.026
245.819
257.435
267.123
274.984
281.165
285.758
288.817
290.375
290.454
289.07
286.261
282.088
276.678
270.222
262.978
255.127
246.604
237.335
227.432
217.096
206.57
196.159
186.214
177.11
169.218
162.839
158.212
155.285
153.615
152.059
17.5384
-10.6606
-43.8808
-82.1155
-121.695
-163.903
-207.661
-249.621
-287.882
-322.461
-352.896
-378.826
-400.947
-419.882
-436.078
-450.143
-462.543
-473.599
-483.599
-492.729
-501.066
-508.578
-515.105
-520.235
-523.28
-523.621
-520.811
-514.426
-504.007
-489.072
-469.18
-443.944
-413.084
-376.484
-334.255
-286.852
-235.249
-181.166
-128.923
41.0285
66.7557
94.0044
120.244
143.696
165.997
186.105
203.668
219.094
232.293
243.442
252.778
260.405
266.464
271.049
274.217
276.002
276.431
275.521
273.309
269.852
265.264
259.721
253.454
246.632
239.194
231.065
222.333
213.161
203.751
194.359
185.279
176.83
169.333
163.047
158.176
154.683
152.195
149.792
14.9562
-11.8107
-43.3346
-79.5926
-117.089
-157.037
-198.401
-237.996
-274.023
-306.509
-335.024
-359.241
-379.828
-397.386
-412.345
-425.282
-436.646
-446.742
-455.85
-464.151
-471.728
-478.567
-484.535
-489.259
-492.11
-492.52
-490.085
-484.425
-475.116
-461.719
-443.819
-421.051
-393.135
-359.94
-321.528
-278.272
-230.99
-181.161
-132.676
37.3794
61.8302
87.7436
112.709
135.031
156.272
175.439
192.196
206.935
219.571
230.272
239.272
246.669
252.603
257.167
260.419
262.397
263.129
262.634
260.95
258.127
254.272
249.541
244.147
238.243
231.777
224.675
217.002
208.893
200.512
192.07
183.813
176.009
168.927
162.79
157.767
153.832
150.676
147.572
12.6114
-12.7975
-42.7106
-77.0924
-112.611
-150.414
-189.506
-226.857
-260.769
-291.273
-317.975
-340.578
-359.726
-375.996
-389.8
-401.691
-412.093
-421.301
-429.582
-437.116
-443.986
-450.193
-455.627
-459.95
-462.59
-463.027
-460.9
-455.864
-447.541
-435.527
-419.439
-398.935
-373.744
-343.719
-308.884
-269.529
-226.333
-180.542
-135.655
34.0208
57.26
81.9054
105.663
126.913
147.148
165.423
181.416
195.503
207.603
217.879
226.554
233.726
239.531
244.061
247.376
249.516
250.51
250.38
249.159
246.899
243.693
239.685
235.067
229.982
224.383
218.2
211.483
204.339
196.9
189.34
181.86
174.681
168.027
162.085
156.992
152.731
149.046
145.376
10.4913
-13.6276
-42.0124
-74.611
-108.252
-144.018
-180.953
-216.176
-248.085
-276.716
-301.706
-322.791
-340.587
-355.653
-368.382
-379.3
-388.813
-397.201
-404.721
-411.545
-417.761
-423.378
-428.305
-432.242
-434.662
-435.094
-433.217
-428.723
-421.272
-410.501
-396.058
-377.625
-354.943
-327.856
-296.354
-260.654
-221.3
-179.33
-137.878
30.9367
53.0244
76.4654
99.0753
119.308
138.589
156.017
171.285
184.753
196.343
206.211
214.574
221.526
227.199
231.686
235.046
237.319
238.537
238.725
237.913
236.148
233.518
230.151
226.222
221.863
217.036
211.674
205.814
199.541
192.961
186.212
179.459
172.882
166.662
160.953
155.864
151.381
147.292
143.181
8.58371
-14.3106
-41.242
-72.1474
-104.004
-137.837
-172.725
-205.93
-235.94
-262.801
-286.177
-305.833
-322.364
-336.303
-348.032
-358.049
-366.739
-374.372
-381.191
-387.362
-392.973
-398.043
-402.496
-406.062
-408.263
-408.668
-406.994
-402.971
-396.295
-386.639
-373.684
-357.14
-336.759
-312.382
-283.97
-251.675
-215.922
-177.552
-139.37
28.1104
49.1045
71.3999
92.9198
112.185
130.561
147.186
161.763
174.642
185.746
195.224
203.287
210.023
215.563
219.997
223.384
225.767
227.178
227.64
227.186
225.858
223.735
220.935
217.616
213.9
209.757
205.125
200.03
194.54
188.738
182.733
176.656
170.652
164.865
159.419
154.397
149.785
145.407
140.969
6.87624
-14.8549
-40.4052
-69.7009
-99.864
-131.86
-164.804
-196.095
-224.31
-249.497
-271.352
-289.663
-305.01
-317.898
-328.697
-337.879
-345.811
-352.749
-358.924
-364.497
-369.554
-374.117
-378.128
-381.344
-383.328
-383.693
-382.187
-378.574
-372.585
-363.928
-352.319
-337.49
-319.212
-297.323
-271.764
-242.626
-210.229
-175.241
-140.163
25.5267
45.4806
66.6869
87.1701
105.517
123.032
138.891
152.813
165.131
175.771
184.876
192.649
199.174
204.579
208.953
212.352
214.823
216.396
217.096
216.953
216.008
214.333
212.033
209.252
206.103
202.565
198.579
194.166
189.376
184.274
178.946
173.495
168.032
162.673
157.511
152.608
147.948
143.383
138.719
5.35605
-15.269
-39.5069
-67.2719
-95.8252
-126.077
-157.176
-186.654
-213.168
-236.775
-257.196
-274.246
-288.483
-300.391
-310.326
-318.737
-325.971
-332.271
-337.856
-342.881
-347.43
-351.53
-355.133
-358.021
-359.796
-360.111
-358.744
-355.49
-350.112
-342.351
-331.954
-318.679
-302.315
-282.702
-259.762
-233.539
-204.259
-172.435
-140.292
23.1702
42.1344
62.3047
81.8014
99.2748
115.97
131.102
144.399
156.183
166.38
175.127
182.619
188.938
194.207
198.513
201.913
204.45
206.159
207.062
207.19
206.581
205.299
203.438
201.13
198.48
195.473
192.059
188.249
184.083
179.609
174.895
170.017
165.064
160.12
155.258
150.517
145.879
141.216
136.417
4.01114
-15.5622
-38.552
-64.8617
-91.8859
-120.481
-149.829
-177.588
-202.494
-224.609
-243.679
-259.546
-272.744
-283.741
-292.874
-300.574
-307.166
-312.88
-317.927
-322.452
-326.538
-330.214
-333.441
-336.024
-337.602
-337.863
-336.613
-333.674
-328.839
-321.882
-312.575
-300.706
-286.077
-268.537
-247.993
-224.447
-198.047
-169.173
-139.798
21.026
39.0484
58.2324
76.7903
93.4317
109.346
123.786
136.488
147.762
157.535
165.938
173.16
179.277
184.409
188.641
192.029
194.616
196.436
197.513
197.875
197.557
196.618
195.143
193.25
191.037
188.497
185.585
182.307
178.694
174.781
170.62
166.267
161.788
157.246
152.691
148.146
143.587
138.904
134.048
2.82983
-15.7435
-37.5459
-62.4723
-88.0428
-115.064
-142.751
-168.881
-192.266
-212.974
-230.774
-245.532
-257.76
-267.907
-276.299
-283.341
-289.343
-294.523
-299.079
-303.149
-306.814
-310.103
-312.987
-315.29
-316.684
-316.889
-315.738
-313.078
-308.727
-302.488
-294.163
-283.56
-270.502
-254.843
-236.48
-215.385
-191.636
-165.501
-138.725
19.08
36.2058
54.4508
72.1143
87.9634
103.135
116.914
129.05
139.835
149.203
157.276
164.235
170.155
175.149
179.302
182.667
185.288
187.198
188.421
188.984
188.919
188.278
187.14
185.609
183.778
181.646
179.173
176.364
173.24
169.826
166.161
162.286
158.246
154.087
149.842
145.519
141.087
136.448
131.604
1.80025
-15.8216
-36.4947
-60.1051
-84.2941
-109.821
-135.932
-160.52
-182.467
-201.848
-218.454
-232.171
-243.495
-252.853
-260.558
-266.995
-272.457
-277.148
-281.257
-284.914
-288.197
-291.136
-293.708
-295.753
-296.977
-297.129
-296.064
-293.65
-289.732
-284.137
-276.692
-267.229
-255.586
-241.627
-225.245
-206.382
-185.066
-161.464
-137.12
17.3186
33.5906
50.9408
67.7522
82.8463
97.3103
110.46
122.053
132.372
141.351
149.106
155.811
161.537
166.394
170.462
173.796
176.436
178.417
179.761
180.495
180.647
180.265
179.419
178.204
176.706
174.929
172.841
170.442
167.748
164.777
161.555
158.111
154.477
150.682
146.744
142.659
138.392
133.85
129.076
0.911326
-15.8052
-35.4035
-57.762
-80.6389
-104.747
-129.363
-152.49
-173.079
-191.21
-206.694
-219.438
-229.918
-238.543
-245.614
-251.494
-256.46
-260.707
-264.41
-267.692
-270.63
-273.251
-275.54
-277.353
-278.421
-278.523
-277.533
-275.339
-271.807
-266.789
-260.134
-251.694
-241.324
-228.898
-214.305
-197.471
-178.375
-157.108
-135.031
15.7283
31.1872
47.6847
63.6837
78.058
91.8463
104.395
115.471
125.344
133.949
141.398
147.857
153.393
158.112
162.092
165.384
168.032
170.066
171.509
172.387
172.725
172.566
171.973
171.031
169.821
168.353
166.599
164.559
162.243
159.662
156.835
153.781
150.519
147.066
143.428
139.593
135.519
131.118
126.46
0.152319
-15.7026
-34.2779
-55.4465
-77.0756
-99.8364
-123.035
-144.779
-164.086
-181.039
-195.47
-207.303
-216.997
-224.943
-231.428
-236.797
-241.31
-245.151
-248.486
-251.431
-254.056
-256.392
-258.426
-260.027
-260.955
-261.011
-260.088
-258.091
-254.906
-250.405
-244.457
-236.933
-227.706
-216.658
-203.678
-188.678
-171.603
-152.481
-132.509
14.2971
28.981
44.6655
59.8899
73.5776
86.721
98.6948
109.276
118.722
126.969
134.123
140.342
145.691
150.273
154.161
157.406
160.049
162.12
163.643
164.64
165.136
165.169
164.793
164.088
163.127
161.925
160.462
158.734
156.748
154.511
152.034
149.33
146.408
143.275
139.928
136.347
132.486
128.258
123.756
-0.487169
-15.522
-33.1241
-53.16
-73.6036
-95.0854
-116.939
-137.375
-155.472
-171.316
-184.759
-195.741
-204.703
-212.02
-217.965
-222.865
-226.964
-230.438
-233.439
-236.079
-238.423
-240.502
-242.306
-243.718
-244.52
-244.536
-243.673
-241.854
-238.979
-234.941
-229.626
-222.923
-214.718
-204.904
-193.373
-180.028
-164.788
-147.627
-129.602
13.0128
26.9582
41.8673
56.3526
69.3851
81.9124
93.3372
103.445
112.481
120.384
127.253
133.24
138.406
142.849
146.642
149.833
152.461
154.557
156.141
157.236
157.865
158.06
157.871
157.368
156.621
155.65
154.437
152.98
151.282
149.347
147.181
144.789
142.176
139.341
136.273
132.946
129.31
125.281
120.964
-1.01726
-15.271
-31.9466
-50.9054
-70.2226
-90.49
-111.069
-130.267
-147.222
-162.024
-174.54
-184.728
-193.01
-199.744
-205.191
-209.661
-213.383
-216.522
-219.222
-221.587
-223.68
-225.529
-227.127
-228.369
-229.058
-229.038
-228.232
-226.572
-223.977
-220.353
-215.605
-209.635
-202.345
-193.635
-183.402
-171.545
-157.963
-142.591
-126.36
11.8641
25.1054
39.2751
53.0548
65.4616
77.4003
88.2999
97.9538
106.596
114.168
120.761
126.523
131.51
135.816
139.511
142.641
145.246
147.353
148.983
150.158
150.896
151.228
151.198
150.868
150.305
149.531
148.534
147.312
145.864
144.194
142.301
140.189
137.856
135.296
132.492
129.415
126.012
122.198
118.087
-1.44702
-14.9574
-30.7511
-48.685
-66.9317
-86.0466
-105.418
-123.445
-139.323
-153.144
-164.792
-174.239
-181.889
-188.084
-193.073
-197.149
-200.528
-203.364
-205.793
-207.91
-209.776
-211.419
-212.834
-213.924
-214.514
-214.465
-213.71
-212.195
-209.852
-206.6
-202.357
-197.042
-190.567
-182.842
-173.771
-163.248
-151.161
-137.415
-122.83
10.8403
23.4103
36.8742
49.9804
61.7896
73.1655
83.5623
92.7813
101.046
108.298
114.626
120.168
124.979
129.149
132.744
135.809
138.381
140.489
142.151
143.387
144.216
144.662
144.766
144.583
144.176
143.571
142.761
141.74
140.511
139.07
137.419
135.556
133.476
131.168
128.614
125.78
122.61
119.022
115.133
-1.78577
-14.588
-29.5421
-46.5014
-63.7309
-81.7514
-99.9779
-116.898
-131.76
-144.659
-155.495
-164.25
-171.314
-177.011
-181.58
-185.295
-188.361
-190.922
-193.106
-195.002
-196.666
-198.125
-199.376
-200.332
-200.834
-200.76
-200.054
-198.672
-196.554
-193.635
-189.845
-185.114
-179.365
-172.518
-164.482
-155.153
-144.411
-132.139
-119.059
9.93116
21.8608
34.6513
47.1142
58.3523
69.1896
79.105
87.9069
95.809
102.753
108.823
114.152
118.791
122.824
126.317
129.313
131.846
133.945
135.627
136.91
137.811
138.352
138.568
138.509
138.235
137.774
137.122
136.276
135.234
133.995
132.556
130.914
129.061
126.985
124.664
122.063
119.124
115.766
112.109
-2.04198
-14.1697
-28.3247
-44.3565
-60.6192
-77.6014
-94.7427
-110.616
-124.522
-136.554
-146.629
-154.741
-161.26
-166.497
-170.679
-174.065
-176.846
-179.159
-181.122
-182.819
-184.303
-185.598
-186.703
-187.541
-187.967
-187.873
-187.213
-185.95
-184.037
-181.417
-178.031
-173.82
-168.717
-162.651
-155.537
-147.275
-137.738
-126.798
-115.091
9.1271
20.446
32.5935
44.4418
55.1339
65.4558
74.9096
83.3112
90.8641
97.5115
103.333
108.453
112.923
116.821
120.211
123.134
125.623
127.703
129.394
130.711
131.668
132.286
132.596
132.641
132.479
132.14
131.624
130.927
130.048
128.984
127.731
126.285
124.636
122.771
120.666
118.287
115.574
112.446
109.024
-2.2236
-13.709
-27.103
-42.2526
-57.5968
-73.5932
-89.7062
-104.591
-117.594
-128.813
-138.176
-145.687
-151.702
-156.515
-160.342
-163.427
-165.95
-168.038
-169.803
-171.321
-172.644
-173.793
-174.77
-175.502
-175.862
-175.752
-175.136
-173.984
-172.255
-169.903
-166.878
-163.13
-158.601
-153.229
-146.935
-139.622
-131.165
-121.425
-110.965
8.41896
19.1551
30.689
41.9497
52.1196
61.9481
70.9593
78.9765
86.193
92.5541
98.1339
103.052
107.355
111.12
114.407
117.252
119.691
121.747
123.437
124.776
125.777
126.456
126.843
126.975
126.907
126.671
126.27
125.701
124.962
124.049
122.96
121.687
120.222
118.549
116.644
114.473
111.977
109.076
105.888
-2.33832
-13.2118
-25.8812
-40.1917
-54.6628
-69.7237
-84.8621
-98.8115
-110.964
-121.419
-130.116
-137.069
-142.616
-147.038
-150.539
-153.349
-155.637
-157.523
-159.109
-160.468
-161.647
-162.667
-163.529
-164.169
-164.471
-164.35
-163.776
-162.725
-161.162
-159.05
-156.348
-153.012
-148.995
-144.239
-138.672
-132.204
-124.711
-116.05
-106.721
7.79822
17.9785
28.9263
39.6253
49.2957
58.6514
67.2378
74.8856
81.7783
87.8628
93.2086
97.9298
102.07
105.703
108.884
111.651
114.036
116.061
117.742
119.093
120.125
120.853
121.301
121.506
121.516
121.366
121.063
120.604
119.985
119.205
118.258
117.139
115.837
114.337
112.617
110.64
108.351
105.671
102.713
-2.39329
-12.6839
-24.6633
-38.1753
-51.8165
-65.9898
-80.2044
-93.2694
-104.62
-114.357
-122.432
-128.866
-133.979
-138.039
-141.241
-143.801
-145.876
-147.579
-149.004
-150.221
-151.271
-152.177
-152.938
-153.498
-153.75
-153.622
-153.087
-152.128
-150.716
-148.821
-146.407
-143.438
-139.873
-135.663
-130.743
-125.026
-118.392
-110.7
-102.391
7.25684
16.9067
27.2949
37.4569
46.6491
55.5518
63.7304
71.0228
77.6031
83.4204
88.5394
93.0685
97.0494
100.551
103.628
106.315
108.641
110.63
112.295
113.649
114.703
115.468
115.966
116.229
116.304
116.227
116.007
115.641
115.126
114.46
113.638
112.653
111.497
110.155
108.603
106.808
104.714
102.246
99.5107
-2.39528
-12.1305
-23.4532
-36.2056
-49.058
-62.3882
-75.7266
-87.9558
-98.55
-107.613
-115.106
-121.056
-125.768
-129.495
-132.423
-134.754
-136.636
-138.173
-139.454
-140.543
-141.48
-142.284
-142.956
-143.444
-143.655
-143.522
-143.026
-142.151
-140.876
-139.174
-137.018
-134.376
-131.214
-127.489
-123.14
-118.089
-112.221
-105.396
-98.0071
6.78727
15.931
25.7848
35.4334
44.1678
52.636
60.4227
67.373
73.6519
79.211
84.1098
88.4518
92.2763
95.6492
98.6213
101.226
103.492
105.44
107.084
108.434
109.5
110.293
110.83
111.14
111.269
111.253
111.103
110.816
110.39
109.823
109.11
108.245
107.219
106.018
104.62
102.992
101.082
98.8138
96.2929
-2.35064
-11.5571
-22.2542
-34.284
-46.3866
-58.9163
-71.4233
-82.8617
-92.7421
-101.171
-108.12
-113.62
-117.961
-121.38
-124.056
-126.179
-127.885
-129.273
-130.425
-131.4
-132.235
-132.949
-133.543
-133.97
-134.144
-134.01
-133.549
-132.753
-131.602
-130.074
-128.148
-125.798
-122.993
-119.697
-115.856
-111.395
-106.208
-100.158
-93.5969
6.38239
15.0435
24.387
33.5444
41.8403
49.8919
57.3018
63.9228
69.9104
75.2197
79.9043
84.0635
87.7354
90.9813
93.8492
96.3711
98.5746
100.478
102.095
103.436
104.508
105.32
105.887
106.235
106.408
106.443
106.351
106.132
105.783
105.302
104.684
103.924
103.014
101.94
100.682
99.2077
97.4679
95.3894
93.072
-2.26528
-10.9681
-21.07
-32.4123
-43.802
-55.5716
-67.2892
-77.9792
-87.1842
-95.0171
-101.459
-106.54
-110.535
-113.671
-116.117
-118.048
-119.595
-120.848
-121.884
-122.757
-123.502
-124.136
-124.661
-125.034
-125.178
-125.044
-124.619
-123.894
-122.855
-121.485
-119.765
-117.674
-115.187
-112.271
-108.879
-104.943
-100.361
-95.0033
-89.184
6.03572
14.2364
23.0926
31.78
39.6561
47.308
54.3552
60.6588
66.3649
71.4324
75.9083
79.8891
83.4118
86.5329
89.2974
91.736
93.8752
95.7323
97.3193
98.6454
99.7171
100.541
101.131
101.51
101.719
101.796
101.754
101.592
101.309
100.902
100.367
99.7007
98.8935
97.9338
96.8022
95.4691
93.8871
91.9858
89.8604
-2.14477
-10.3679
-19.9032
-30.5915
-41.3035
-52.351
-63.3186
-73.3005
-81.8648
-89.136
-95.1039
-99.7964
-103.471
-106.345
-108.578
-110.336
-111.738
-112.869
-113.801
-114.583
-115.247
-115.811
-116.275
-116.601
-116.72
-116.588
-116.196
-115.537
-114.601
-113.372
-111.837
-109.977
-107.773
-105.195
-102.2
-98.7279
-94.6834
-89.9439
-84.7896
5.74127
13.5026
21.8938
30.131
37.6048
44.8726
51.5706
57.5682
63.0016
67.8354
72.1076
75.915
79.293
82.2914
84.9528
87.3079
89.3817
91.1903
92.7442
94.0521
95.1189
95.9498
96.5567
96.96
97.1983
97.3104
97.3102
97.1979
96.9714
96.6288
96.1674
95.5826
94.8672
94.0099
92.993
91.7886
90.3519
88.6154
86.6699
-1.99414
-9.7603
-18.756
-28.8221
-38.8892
-49.2504
-59.5044
-68.8167
-76.7718
-83.5143
-89.0409
-93.3712
-96.7478
-99.3792
-101.417
-103.015
-104.286
-105.307
-106.144
-106.845
-107.438
-107.939
-108.349
-108.634
-108.733
-108.606
-108.245
-107.647
-106.804
-105.703
-104.334
-102.681
-100.728
-98.4488
-95.8071
-92.7463
-89.1791
-84.9903
-80.431
5.49308
12.8355
20.7832
28.5896
35.6783
42.5763
48.9374
54.6391
59.8073
64.415
68.4875
72.1273
75.366
78.2438
80.8026
83.0744
85.0828
86.8416
88.3606
89.6472
90.7057
91.5395
92.1585
92.5808
92.8432
92.9845
93.02
92.95
92.7727
92.4866
92.0896
91.5774
90.9436
90.1783
89.265
88.1777
86.8744
85.2902
83.5124
-1.81844
-9.14996
-17.6328
-27.1063
-36.5595
-46.2674
-55.8407
-64.5182
-71.8903
-78.1383
-83.2575
-87.2494
-90.3462
-92.7515
-94.6093
-96.0618
-97.2119
-98.1328
-98.8854
-99.5129
-100.042
-100.488
-100.852
-101.102
-101.183
-101.061
-100.731
-100.191
-99.4323
-98.4476
-97.2268
-95.7591
-94.0295
-92.0169
-89.688
-86.9921
-83.8486
-80.1507
-76.1233
5.28458
12.2294
19.755
27.1504
33.8699
40.4135
46.4495
51.8641
56.7741
61.1639
65.034
68.5087
71.6141
74.3738
76.8306
79.0204
80.9645
82.6737
84.1571
85.4214
86.4695
87.3033
87.9312
88.3689
88.6513
88.8174
88.8835
88.85
88.7157
88.4792
88.1388
87.6911
87.1302
86.4474
85.6275
84.6465
83.4652
82.0212
80.3987
-1.624
-8.5431
-16.5392
-25.451
-34.3206
-43.4076
-52.3301
-60.4024
-67.1999
-72.9866
-77.7365
-81.414
-84.2471
-86.4413
-88.1331
-89.4517
-90.4917
-91.3213
-91.9972
-92.5591
-93.0315
-93.4279
-93.7499
-93.9697
-94.0371
-93.9224
-93.6216
-93.1335
-92.4532
-91.5736
-90.4873
-89.1855
-87.6558
-85.8803
-83.8294
-81.4574
-78.6907
-75.4302
-71.8782
5.11159
11.6789
18.8026
25.8055
32.1726
38.3766
44.0991
49.2362
53.8972
58.0772
61.7371
65.0479
68.0249
70.6678
73.0232
75.1324
77.0133
78.6735
80.1212
81.3629
82.3999
83.2326
83.8678
84.3186
84.6187
84.8065
84.8996
84.8986
84.8022
84.61
84.3201
83.93
83.4345
82.8259
82.0905
81.206
80.1357
78.8203
77.3408
-1.41441
-7.94189
-15.4781
-23.8572
-32.1739
-40.6725
-48.9779
-56.476
-62.689
-68.0394
-72.4572
-75.8421
-78.426
-80.4238
-81.9634
-83.1601
-84.1
-84.8471
-85.4539
-85.9567
-86.3781
-86.7309
-87.0165
-87.21
-87.2658
-87.1593
-86.8866
-86.4475
-85.8389
-85.0551
-84.0906
-82.9377
-81.5869
-80.0226
-78.219
-76.1349
-73.7035
-70.8331
-67.7066
4.9741
11.1797
17.9165
24.5421
30.5699
36.4451
41.8662
46.7351
51.1581
55.1271
58.5867
61.757
64.6119
67.1323
69.3839
71.4132
73.2305
74.8401
76.2507
77.4688
78.4934
79.3237
79.9644
80.4264
80.7418
80.9492
81.0665
81.0947
81.0325
80.88
80.6356
80.2971
79.8606
79.3189
78.6599
77.8629
76.894
75.696
74.3475
-1.18634
-7.34034
-14.4346
-22.3042
-30.0934
-38.0307
-45.7537
-52.7171
-58.3742
-63.325
-67.4325
-70.5288
-72.87
-74.6819
-76.0792
-77.1617
-78.0089
-78.6799
-79.2241
-79.6739
-80.0498
-80.3639
-80.618
-80.7891
-80.836
-80.7385
-80.4928
-80.1001
-79.5575
-78.8616
-78.0076
-76.9892
-75.7995
-74.4242
-72.8414
-71.0141
-68.8815
-66.3593
-63.6129
4.87001
10.7283
17.0906
23.3514
29.0484
34.5996
39.7237
44.3296
48.5206
52.2711
55.5455
58.6303
61.38
63.7627
65.9048
67.8585
69.615
71.174
72.5476
73.7419
74.7544
75.5815
76.2262
76.6982
77.0273
77.2522
77.3914
77.4459
77.4145
77.2981
77.0946
76.8024
76.419
75.9377
75.3472
74.6292
73.7522
72.6616
71.4336
-0.94054
-6.73625
-13.4025
-20.7784
-28.0551
-35.4459
-42.6094
-49.0554
-54.21
-58.8735
-62.6973
-65.4817
-67.5751
-69.2119
-70.476
-71.4497
-72.208
-72.8074
-73.2932
-73.6938
-74.0283
-74.3071
-74.5327
-74.6841
-74.7251
-74.6372
-74.4182
-74.0691
-73.5881
-72.9729
-72.2192
-71.3233
-70.2785
-69.073
-67.6876
-66.0895
-64.2237
-62.0137
-59.6082
4.79666
10.3831
16.4545
22.4019
27.7991
33.0253
37.8057
42.0658
45.8936
49.3016
52.155
55.3039
58.1524
60.515
62.6518
64.635
66.4223
68.0067
69.4066
70.6291
71.6697
72.5236
73.1928
73.6869
74.0358
74.2797
74.4392
74.5143
74.5068
74.4171
74.236
73.9725
73.6232
73.1806
72.6339
71.9657
71.1477
70.1262
68.9774
-0.743148
-6.2539
-12.5844
-19.532
-26.3211
-33.1293
-39.5689
-45.1738
-49.4531
-54.4051
-58.2803
-60.9146
-62.8953
-64.4825
-65.7121
-66.6513
-67.3784
-67.9543
-68.4213
-68.807
-69.1297
-69.3999
-69.6201
-69.7724
-69.8232
-69.7537
-69.5625
-69.2513
-68.8195
-68.2647
-67.5848
-66.7768
-65.8344
-64.7493
-63.5035
-62.0672
-60.3905
-58.4037
-56.2419
4.74008
10.1026
15.9247
21.5953
26.7086
31.603
36.0158
39.8753
43.2531
46.2201
48.5019
51.8525
54.9387
57.3681
59.5709
61.6518
63.5322
65.1954
66.6659
67.9527
69.0496
69.9509
70.6588
71.1834
71.5563
71.8207
72.0001
72.0925
72.1046
72.0355
71.8646
71.6172
71.289
70.8698
70.3491
69.7111
68.9287
67.9487
66.8485
-0.576457
-5.8494
-11.8835
-18.4364
-24.7422
-30.9231
-36.5362
-41.1795
-44.4075
-49.9307
-54.0857
-56.6883
-58.6447
-60.2606
-61.521
-62.4761
-63.2125
-63.797
-64.2723
-64.6663
-64.9976
-65.2789
-65.5132
-65.6839
-65.7578
-65.7147
-65.5531
-65.2767
-64.8852
-64.3775
-63.7527
-63.0084
-62.1404
-61.1419
-59.9967
-58.6777
-57.1387
-55.3129
-53.3268
4.6911
9.82806
15.3985
20.7915
25.6215
30.1843
34.2381
37.7033
40.65
43.1893
44.9332
48.4171
51.7118
54.2029
56.4556
58.6188
60.5851
62.3232
63.8615
65.2114
66.3656
67.3156
68.0641
68.6209
69.0188
69.3046
69.5047
69.6156
69.6482
69.6009
69.4417
69.2118
68.9061
68.5112
68.0171
67.4099
66.6639
65.7262
64.6754
-0.399636
-5.43265
-11.1679
-17.3254
-23.1559
-28.7201
-33.5485
-37.2978
-39.5279
-45.4467
-49.8656
-52.4389
-54.3463
-55.9703
-57.2539
-58.2209
-58.9634
-59.5535
-60.036
-60.4376
-60.7773
-61.0686
-61.3168
-61.5061
-61.6035
-61.5877
-61.4587
-61.2197
-60.8715
-60.4144
-59.8476
-59.1699
-58.379
-57.4684
-56.4237
-55.2214
-53.818
-52.1519
-50.3497
4.64874
9.56055
14.8784
19.9965
24.5451
28.779
32.4839
35.5595
38.096
40.202
41.4544
45.0039
48.4663
51.0176
53.3116
55.543
57.5875
59.3965
60.9997
62.4112
63.6226
64.6234
65.4155
66.0081
66.4346
66.7447
66.9672
67.0979
67.1524
67.127
66.9813
66.7699
66.4876
66.1181
65.652
65.0769
64.3685
63.4739
62.4737
-0.215756
-5.00966
-10.4468
-16.212
-21.5789
-26.5375
-30.6299
-33.5263
-34.8677
-40.9672
-45.6031
-48.1684
-50.0154
-51.6259
-52.921
-53.8964
-54.6411
-55.2328
-55.7179
-56.1238
-56.4687
-56.7671
-57.0257
-57.2305
-57.3477
-57.3555
-57.2547
-57.049
-56.7403
-56.3298
-55.8172
-55.2028
-54.4858
-53.6606
-52.7148
-51.6277
-50.3584
-48.8467
-47.2017
4.61322
9.30247
14.3693
19.217
23.4878
27.3979
30.7653
33.4541
35.5988
37.254
38.0591
41.61
45.1929
47.799
50.131
52.4231
54.542
56.4226
58.0914
59.5648
60.8334
61.885
62.7204
63.3498
63.8082
64.1477
64.3984
64.5543
64.6353
64.6339
64.506
64.315
64.0563
63.712
63.2737
62.7303
62.059
61.2066
60.2564
-0.0268253
-4.58432
-9.72736
-15.1064
-20.0256
-24.3917
-27.7986
-29.8624
-30.4453
-36.5213
-41.2942
-43.8667
-45.6533
-47.2323
-48.5253
-49.5035
-50.2475
-50.8398
-51.3292
-51.7424
-52.0969
-52.4072
-52.6801
-52.9061
-53.0518
-53.0946
-53.0336
-52.873
-52.6158
-52.2627
-51.8146
-51.2723
-50.6351
-49.8985
-49.0522
-48.0765
-46.9376
-45.5849
-44.1476
4.58483
9.05726
13.8791
18.4633
22.461
26.0543
29.0963
31.3986
33.1657
34.3412
34.7304
38.2274
41.8835
44.5318
46.8944
49.2398
51.4325
53.3913
55.1356
56.6818
58.0189
59.1307
60.0139
60.6785
61.1629
61.5271
61.8036
61.9865
62.0983
62.1238
62.0225
61.8604
61.6326
61.3205
60.9161
60.4091
59.7788
58.9718
58.0776
0.163923
-4.16361
-9.01927
-14.0237
-18.513
-22.3036
-25.0747
-26.3141
-26.2636
-32.134
-36.9407
-39.5235
-41.258
-42.7939
-44.0722
-45.046
-45.7832
-46.3656
-46.8446
-47.2482
-47.596
-47.9037
-48.1797
-48.4127
-48.5675
-48.6229
-48.5796
-48.4434
-48.2179
-47.9039
-47.5037
-47.0194
-46.4512
-45.7963
-45.0472
-44.1851
-43.1745
-41.9524
-40.5891
4.56414
8.83192
13.4209
17.7525
21.4809
24.7641
27.4828
29.3866
30.7815
31.4402
31.4307
34.8332
38.5334
41.2141
43.5941
45.9746
48.2272
50.2588
52.0815
53.7107
55.1341
56.3324
57.2974
58.0306
58.5637
58.9604
59.2597
59.4617
59.5945
59.6344
59.5523
59.4098
59.2052
58.9219
58.552
58.0852
57.5018
56.7481
55.9258
0.350385
-3.75945
-8.33994
-12.9858
-17.0618
-20.2914
-22.4666
-22.8802
-22.3088
-27.8263
-32.5496
-35.129
-36.8223
-38.3084
-39.5593
-40.5256
-41.2696
-41.8695
-42.3736
-42.8051
-43.1796
-43.5113
-43.8127
-44.0793
-44.2841
-44.401
-44.4242
-44.359
-44.2094
-43.9764
-43.6624
-43.2681
-42.7936
-42.2357
-41.5873
-40.8349
-39.9595
-38.9378
-37.9357
4.54943
8.63
13.0039
17.0976
20.5642
23.5447
25.9253
27.401
28.4225
28.5176
28.0926
31.3688
35.1112
37.8453
40.2635
42.6862
44.9908
47.0783
48.9589
50.6478
52.1313
53.3896
54.4215
55.2367
55.8638
56.3554
56.7385
57.0148
57.2162
57.3005
57.2621
57.1552
56.9787
56.7185
56.3702
55.9266
55.3696
54.6333
53.797
0.524304
-3.38678
-7.71123
-12.0205
-15.6957
-18.3723
-19.9759
-19.5595
-18.5482
-23.6137
-28.1286
-30.6707
-32.3346
-33.7769
-34.9852
-35.9038
-36.5839
-37.1063
-37.5324
-37.8978
-38.2244
-38.5276
-38.8144
-39.0669
-39.2453
-39.3322
-39.3345
-39.2585
-39.1071
-38.882
-38.5877
-38.2277
-37.8051
-37.3202
-36.7667
-36.1271
-35.3566
-34.3623
-33.1084
4.53576
8.44298
12.6174
16.4919
19.7158
22.4174
24.4541
25.501
26.1689
25.6046
24.6616
27.7544
31.5067
34.3005
36.8142
39.3661
41.8122
44.0349
46.0396
47.8397
49.4119
50.7172
51.7366
52.4888
53.0516
53.5188
53.9144
54.2314
54.494
54.6363
54.6775
54.6609
54.5851
54.4318
54.1897
53.8504
53.4103
52.8608
52.376
0.683829
-3.04696
-7.13716
-11.1412
-14.4368
-16.591
-17.6585
-16.3883
-14.9515
-19.4858
-23.6839
-26.1394
-27.7714
-29.1784
-30.3881
-31.3789
-32.1941
-32.8772
-33.4529
-33.9362
-34.345
-34.6991
-35.0235
-35.337
-35.6315
-35.8677
-36.024
-36.1045
-36.1128
-36.0504
-35.9172
-35.7118
-35.4326
-35.0774
-34.6441
-34.1331
-33.5648
-32.9929
-32.7101
4.5242
8.27175
12.2649
15.9415
18.9524
21.4166
23.1417
23.8465
24.2013
22.7593
21.1207
24.0065
27.6498
30.3266
32.805
35.441
38.0631
40.5191
42.7956
44.9024
46.8207
48.5078
49.9038
50.9434
51.6231
52.0625
52.3736
52.5729
52.701
52.7793
52.688
52.5028
52.2708
51.9937
51.6621
51.2547
50.7062
49.8417
48.4953
0.8334
-2.73158
-6.61001
-10.3487
-13.3088
-15.0374
-15.6371
-13.4296
-11.5078
-15.414
-19.2094
-21.5489
-23.1472
-24.4357
-25.3996
-26.039
-26.4447
-26.7342
-26.9903
-27.2529
-27.5343
-27.8364
-28.1486
-28.4206
-28.5851
-28.6467
-28.6403
-28.5742
-28.4501
-28.272
-28.047
-27.7839
-27.49
-27.1683
-26.811
-26.3866
-25.7999
-24.853
-23.2528
4.53358
8.18469
12.0594
15.58
18.3977
20.6174
22.0031
22.3805
22.261
19.5898
17.2848
20.2729
23.952
26.4092
28.5566
30.8702
33.2386
35.5207
37.686
39.7279
41.6261
43.3784
45.0224
46.585
47.9945
49.1901
50.183
51.0425
51.823
52.3449
52.7144
53.0383
53.2466
53.3136
53.2468
53.0907
52.9709
53.1917
54.2816
0.946374
-2.50319
-6.22126
-9.73624
-12.3844
-13.7428
-13.7998
-10.5187
-8.17818
-11.4034
-14.6585
-16.8301
-18.5445
-20.168
-21.689
-23.0503
-24.2248
-25.1766
-25.9046
-26.4421
-26.8383
-27.1438
-27.4275
-27.7867
-28.2738
-28.7946
-29.2526
-29.6379
-29.9564
-30.21
-30.3916
-30.4912
-30.5036
-30.4285
-30.2795
-30.0961
-30.0059
-30.2612
-31.4581
4.57616
8.28442
12.1796
15.6297
18.2631
20.1311
20.9488
20.6254
19.3265
15.0418
12.5567
16.2275
20.8133
24.0465
26.7198
29.298
31.7801
34.1016
36.2416
38.1586
39.7353
40.7786
41.1429
40.8795
40.4942
40.3095
40.2762
40.194
39.9222
39.8992
39.6329
39.3074
39.1134
38.9715
38.8063
38.5511
37.9183
36.3253
32.7491
0.935285
-2.54122
-6.22041
-9.55856
-11.8251
-12.5949
-11.5621
-7.11052
-4.84168
-7.52081
-10.0963
-11.7074
-12.6918
-13.1831
-13.2272
-12.9982
-12.6912
-12.4873
-12.4551
-12.5884
-12.8469
-13.1932
-13.5593
-13.7929
-13.7552
-13.5543
-13.3325
-13.1015
-12.8531
-12.5844
-12.3126
-12.0562
-11.8278
-11.6305
-11.4459
-11.2031
-10.679
-9.45302
-6.75597
4.59444
8.45504
12.4556
15.9087
18.4009
19.8941
20.0402
18.7194
15.7234
9.8174
6.42349
9.74216
14.6838
19.1884
23.5962
28.0419
32.5318
37.0582
41.6523
46.3644
51.2494
56.2695
61.1338
65.3112
68.0509
69.4739
70.9634
71.9704
73.562
76.9242
75.7064
75.41
75.8598
76.0545
75.9002
75.7626
76.1295
77.7708
81.5067
0.788012
-2.82909
-6.57264
-9.79606
-11.662
-11.6563
-9.09764
-3.61141
-1.43255
-3.54709
-6.1058
-8.85217
-11.7845
-14.8496
-17.6978
-20.0581
-21.8698
-23.0989
-23.8433
-24.2526
-24.4681
-24.6121
-24.8631
-25.5196
-26.7259
-28.0976
-29.3082
-30.3749
-31.3563
-32.257
-33.0498
-33.7129
-34.2428
-34.6519
-34.9926
-35.3849
-36.1575
-37.845
-41.3986
627.546
607.606
586.771
564.525
541.735
518.847
496.225
474.033
452.363
431.29
410.878
391.188
372.276
354.189
336.966
320.638
305.223
290.731
277.16
264.499
252.728
241.82
231.738
222.443
213.89
206.035
198.827
192.22
186.167
180.621
175.539
170.878
166.598
162.659
159.025
155.659
152.527
149.595
146.831
144.204
141.683
139.239
136.848
134.484
132.126
129.754
127.352
124.907
122.409
119.849
117.223
114.53
111.771
108.949
106.068
103.137
100.163
97.1565
94.1266
91.0845
88.0411
85.0074
81.9949
79.0144
76.0784
73.1956
70.3851
68.0012
65.9204
63.7974
61.6434
59.4692
57.3306
55.2379
53.0672
51.9973
47.3839
55.086
30.414
84.1322
630.34
622.394
612.242
601.379
588.438
572.571
553.321
530.304
503.354
472.785
439.568
405.169
371.019
338.036
306.558
276.592
248.058
220.907
195.115
170.655
147.492
125.578
104.858
85.2745
66.7713
49.3
32.8146
17.2756
2.65089
-11.0834
-23.9436
-35.9431
-47.0905
-57.3894
-66.8418
-75.4497
-83.2156
-90.1443
-96.2425
-101.522
-105.997
-109.687
-112.617
-114.815
-116.314
-117.152
-117.37
-117.01
-116.119
-114.744
-112.932
-110.732
-108.19
-105.352
-102.263
-98.9644
-95.4942
-91.8888
-88.1808
-84.3998
-80.5723
-76.7209
-72.8659
-69.0238
-65.2107
-61.4349
-57.7152
-54.561
-51.7891
-48.9697
-45.9343
-43.0724
-39.5226
-37.2287
-32.0889
-32.5709
-21.9864
-32.2623
-5.01866
-43.1217
243.995
244.667
246.761
248.484
250.05
251.212
251.925
252.137
251.832
251.008
249.664
247.81
245.459
242.635
239.367
235.691
231.65
227.296
222.68
217.858
212.891
207.834
202.742
197.669
192.661
187.76
183.001
178.41
174.008
169.81
165.822
162.045
158.478
155.112
151.936
148.936
146.097
143.402
140.832
138.368
135.989
133.678
131.414
129.178
126.954
124.725
122.477
120.197
117.874
115.502
113.073
110.585
108.036
105.427
102.762
100.045
97.2814
94.4801
91.6491
88.7982
85.9373
83.0768
80.2277
77.4007
74.6078
71.8576
69.1705
66.8857
64.8894
62.8501
60.7768
58.6827
56.6179
54.6063
52.4874
51.496
46.9792
54.417
30.8547
82.3612
243.98
243.151
241.888
240.681
239.403
238.112
236.934
235.803
234.489
232.663
229.933
225.95
220.545
213.728
205.591
196.236
185.765
174.304
162.005
149.03
135.54
121.691
107.631
93.4978
79.4172
65.5009
51.8456
38.5329
25.6318
13.2
1.28674
-10.0696
-20.8366
-30.9862
-40.495
-49.3432
-57.5145
-64.9964
-71.7787
-77.8566
-83.2285
-87.8968
-91.8701
-95.1606
-97.7858
-99.7679
-101.134
-101.915
-102.146
-101.862
-101.104
-99.9131
-98.3309
-96.3991
-94.1595
-91.6521
-88.9155
-85.9865
-82.8992
-79.6853
-76.3736
-72.99
-69.558
-66.0971
-62.6272
-59.1594
-55.7139
-52.7723
-50.1748
-47.5314
-44.6533
-41.9589
-38.5422
-36.4063
-31.3961
-31.9595
-21.6734
-31.6066
-5.44258
-42.113
159.573
159.976
160.301
160.566
160.94
161.353
161.833
162.363
162.938
163.543
164.161
164.771
165.353
165.883
166.335
166.682
166.902
166.969
166.861
166.561
166.057
165.339
164.405
163.258
161.908
160.37
158.661
156.805
154.828
152.754
150.61
148.419
146.205
143.986
141.777
139.591
137.435
135.315
133.229
131.178
129.155
127.155
125.168
123.187
121.201
119.199
117.173
115.112
113.01
110.859
108.653
106.39
104.068
101.686
99.2465
96.7523
94.2085
91.621
88.9973
86.3459
83.6758
80.997
78.3198
75.6548
73.0136
70.4045
67.8491
65.6713
63.7665
61.8177
59.8321
57.8257
55.8411
53.9131
51.8671
50.9048
46.6364
53.5068
31.5266
80.0064
159.064
157.985
156.514
154.911
153.229
151.39
149.323
147.006
144.398
141.447
138.124
134.434
130.426
126.18
121.77
117.231
112.541
107.635
102.431
96.8656
90.8927
84.4859
77.6349
70.3472
62.6472
54.5757
46.1872
37.5469
28.7275
19.8069
10.8657
1.9821
-6.76886
-15.3144
-23.5887
-31.5315
-39.089
-46.2146
-52.8673
-59.0134
-64.6258
-69.6829
-74.1705
-78.0803
-81.4101
-84.1639
-86.3511
-87.9869
-89.091
-89.6875
-89.8046
-89.4731
-88.7265
-87.5996
-86.1286
-84.3496
-82.2983
-80.0099
-77.5179
-74.854
-72.0481
-69.1275
-66.1178
-63.0408
-59.9185
-56.7654
-53.6017
-50.882
-48.4673
-46.0049
-43.2974
-40.7675
-37.5189
-35.4983
-30.7228
-31.2093
-21.4946
-30.7056
-6.08456
-40.8517
159.713
160.065
160.302
160.471
160.542
160.503
160.36
160.109
159.754
159.298
158.746
158.105
157.385
156.593
155.74
154.836
153.889
152.908
151.9
150.869
149.818
148.749
147.659
146.546
145.405
144.232
143.021
141.768
140.47
139.125
137.733
136.296
134.817
133.301
131.754
130.18
128.586
126.976
125.354
123.72
122.077
120.422
118.753
117.067
115.357
113.617
111.843
110.028
108.166
106.252
104.281
102.251
100.159
98.0052
95.7903
93.5169
91.1888
88.8111
86.3902
83.9336
81.4497
78.9478
76.4377
73.9298
71.4355
68.9633
66.5354
64.4598
62.6402
60.7755
58.8719
56.9462
55.036
53.1828
51.2066
50.2862
46.1939
52.7766
31.6608
78.4459
159.16
158.266
157.176
155.925
154.532
153.04
151.425
149.6
147.474
144.945
141.892
138.223
133.911
129.018
123.672
118.008
112.132
106.107
99.9626
93.7076
87.3462
80.8835
74.3225
67.6622
60.8983
54.0269
47.047
39.9617
32.7797
25.517
18.1977
10.852
3.51601
-3.76655
-10.9497
-17.9842
-24.8201
-31.4085
-37.7021
-43.6569
-49.2337
-54.3971
-59.1175
-63.3719
-67.1427
-70.4183
-73.1933
-75.4686
-77.2503
-78.55
-79.384
-79.7723
-79.7394
-79.3123
-78.52
-77.3932
-75.9637
-74.2632
-72.3232
-70.1745
-67.8463
-65.3665
-62.7615
-60.0545
-57.2689
-54.422
-51.5346
-49.0316
-46.7916
-44.5008
-41.9568
-39.5857
-36.4954
-34.5987
-30.0189
-30.5076
-21.185
-30.0232
-6.31108
-40.0807
132.667
133.044
133.455
133.865
134.268
134.663
135.042
135.398
135.726
136.015
136.259
136.449
136.577
136.637
136.622
136.526
136.347
136.081
135.728
135.291
134.772
134.174
133.506
132.772
131.98
131.136
130.248
129.321
128.36
127.368
126.348
125.302
124.231
123.134
122.013
120.867
119.695
118.497
117.273
116.022
114.743
113.434
112.093
110.717
109.303
107.848
106.346
104.795
103.189
101.525
99.8
98.0107
96.1558
94.2346
92.248
90.1979
88.0873
85.9209
83.7042
81.4439
79.1478
76.8244
74.4833
72.1346
69.7894
67.4562
65.158
63.1855
61.4522
59.6726
57.8519
56.0072
54.1729
52.3936
50.4903
49.6168
45.6688
52.0756
31.5295
77.2027
132.061
131.042
129.931
128.82
127.64
126.395
125.143
123.891
122.587
121.174
119.605
117.802
115.673
113.142
110.187
106.826
103.098
99.0362
94.6721
90.0261
85.1056
79.9187
74.4834
68.8237
62.965
56.933
50.7535
44.4518
38.0527
31.5807
25.0609
18.518
11.9768
5.46578
-0.98615
-7.34741
-13.5843
-19.6615
-25.5425
-31.1906
-36.5698
-41.6451
-46.3841
-50.7582
-54.7426
-58.3166
-61.4645
-64.1766
-66.4481
-68.2792
-69.6754
-70.6466
-71.2076
-71.3768
-71.1752
-70.6271
-69.7587
-68.5972
-67.1704
-65.5065
-63.6335
-61.5781
-59.3664
-57.022
-54.5692
-52.0269
-49.4161
-47.1297
-45.0651
-42.9469
-40.5682
-38.3585
-35.4255
-33.6647
-29.2595
-29.8039
-20.7738
-29.4245
-6.32707
-39.4723
106.525
106.891
107.301
107.711
108.134
108.567
109.009
109.46
109.918
110.382
110.85
111.319
111.787
112.25
112.703
113.141
113.559
113.95
114.308
114.625
114.896
115.112
115.27
115.363
115.388
115.341
115.223
115.033
114.771
114.44
114.044
113.584
113.066
112.491
111.864
111.187
110.462
109.69
108.872
108.009
107.1
106.145
105.142
104.089
102.984
101.825
100.609
99.333
97.9944
96.5905
95.1188
93.5776
91.9655
90.2822
88.5285
86.7058
84.817
82.866
80.8577
78.7983
76.6949
74.5556
72.3893
70.2058
68.0161
65.8287
63.6665
61.8031
60.1616
58.4728
56.7407
54.9828
53.2308
51.53
49.7082
48.8744
45.0943
51.2648
31.3881
75.7995
105.996
105.126
104.181
103.252
102.277
101.213
100.085
98.9398
97.7932
96.6166
95.369
94.0193
92.5234
90.8194
88.8564
86.6203
84.1299
81.4108
78.4803
75.3532
72.0379
68.5256
64.8014
60.8571
56.6919
52.3097
47.718
42.9283
37.9559
32.8204
27.5455
22.1566
16.6809
11.1489
5.59139
0.0404756
-5.47086
-10.9091
-16.2402
-21.43
-26.4448
-31.2507
-35.8156
-40.1091
-44.1032
-47.7724
-51.0951
-54.0538
-56.6354
-58.8311
-60.637
-62.0539
-63.0872
-63.7463
-64.0443
-63.9979
-63.6266
-62.952
-61.9971
-60.7863
-59.3447
-57.6968
-55.8673
-53.8795
-51.757
-49.5198
-47.1883
-45.1224
-43.2384
-41.2988
-39.0927
-37.0505
-34.2838
-32.6634
-28.4446
-29.0428
-20.3256
-28.7641
-6.33782
-38.7598
90.6598
91.0488
91.4665
91.8861
92.3171
92.7552
93.2005
93.6518
94.1081
94.5684
95.0318
95.4971
95.9631
96.4287
96.8927
97.3534
97.8095
98.2596
98.701
99.1317
99.5494
99.9504
100.331
100.687
101.015
101.31
101.566
101.78
101.946
102.06
102.119
102.121
102.062
101.941
101.759
101.514
101.206
100.836
100.406
99.9137
99.361
98.7472
98.072
97.3344
96.5333
95.6674
94.7348
93.7336
92.662
91.518
90.3001
89.007
87.6378
86.1925
84.6716
83.0766
81.41
79.6751
77.8765
76.0197
74.1113
72.1589
70.1707
68.1565
66.1267
64.0895
62.0683
60.3187
58.7734
57.1796
55.5408
53.8742
52.2093
50.5906
48.8577
48.0549
44.4705
50.342
31.2319
74.24
90.1737
89.4598
88.6819
87.9001
87.0807
86.2012
85.2532
84.2424
83.1978
82.1436
81.0717
79.9477
78.7372
77.405
75.8993
74.1688
72.1938
69.9925
67.5968
65.0304
62.3126
59.4609
56.4774
53.3528
50.0787
46.6515
43.0704
39.3355
35.4479
31.4115
27.2333
22.9235
18.4949
13.9651
9.35419
4.68557
-0.0147122
-4.71844
-9.39548
-14.0147
-18.544
-22.9511
-27.2039
-31.2715
-35.124
-38.7336
-42.0748
-45.1251
-47.8655
-50.2805
-52.3591
-54.094
-55.4825
-56.526
-57.23
-57.6035
-57.659
-57.4119
-56.8797
-56.0821
-55.0402
-53.7755
-52.3103
-50.6664
-48.866
-46.9293
-44.8757
-43.0314
-41.3305
-39.5718
-37.5431
-35.6716
-33.0789
-31.5993
-27.5817
-28.2228
-19.8494
-28.0367
-6.3445
-37.9597
78.7357
79.1074
79.503
79.9073
80.3256
80.7558
81.1979
81.651
82.1146
82.5877
83.0693
83.5582
84.0529
84.552
85.0539
85.5565
86.0584
86.5574
87.0515
87.5385
88.0167
88.4839
88.9378
89.3763
89.7975
90.1988
90.5776
90.9315
91.2573
91.5521
91.8124
92.0347
92.2159
92.3521
92.4402
92.4769
92.4594
92.3851
92.2517
92.0573
91.8
91.4783
91.0905
90.6352
90.1109
89.5159
88.8486
88.1074
87.2904
86.3963
85.4235
84.3711
83.2385
82.0253
80.7322
79.3605
77.9122
76.3905
74.7992
73.1433
71.4289
69.6629
67.8534
66.0094
64.1409
62.2561
60.3783
58.745
57.2978
55.8014
54.2581
52.6853
51.1103
49.5751
47.9363
47.1581
43.7856
49.3354
31.0008
72.6422
78.2952
77.6844
77.0221
76.3505
75.6431
74.8898
74.0962
73.2538
72.3532
71.4122
70.4603
69.5043
68.5215
67.4814
66.3562
65.1047
63.6756
62.0369
60.1921
58.1648
55.9746
53.6372
51.1701
48.5819
45.8679
43.0217
40.0422
36.9316
33.6929
30.3291
26.8451
23.2464
19.5399
15.7355
11.8446
7.88108
3.86133
-0.195769
-4.26886
-8.33441
-12.367
-16.3397
-20.2243
-23.9927
-27.6165
-31.068
-34.3207
-37.35
-40.1338
-42.6524
-44.8894
-46.8321
-48.4712
-49.8016
-50.8218
-51.5341
-51.9445
-52.0619
-51.8983
-51.4683
-50.7882
-49.8759
-48.7507
-47.4318
-45.9397
-44.2938
-42.5117
-40.8861
-39.3668
-37.788
-35.9377
-34.2368
-31.8224
-30.483
-26.6741
-27.3558
-19.3335
-27.273
-6.30036
-37.1392
68.5296
68.8654
69.2229
69.5913
69.9745
70.3713
70.7821
71.2068
71.6453
72.0972
72.5623
73.0401
73.5299
74.0311
74.5425
75.0632
75.5918
76.1268
76.6664
77.2087
77.7515
78.2926
78.8294
79.3593
79.8797
80.3877
80.8805
81.3554
81.8095
82.2399
82.6438
83.0182
83.3602
83.667
83.9353
84.162
84.344
84.4781
84.5609
84.5895
84.5607
84.4716
84.3194
84.1014
83.8151
83.4578
83.0274
82.5218
81.9387
81.2765
80.5336
79.7085
78.8006
77.8095
76.7353
75.5791
74.3425
73.0281
71.6393
70.1805
68.6571
67.0756
65.4434
63.7691
62.0621
60.3306
58.5972
57.0817
55.734
54.3364
52.8907
51.4133
49.9305
48.48
46.9392
46.1812
43.0304
48.2504
30.6821
71.0279
68.1415
67.6167
67.0497
66.4748
65.8693
65.2211
64.5363
63.821
63.0675
62.2626
61.4117
60.5411
59.6681
58.7843
57.8659
56.8891
55.8242
54.6276
53.2626
51.7214
50.0201
48.1755
46.1996
44.1068
41.9072
39.5978
37.1703
34.621
31.9504
29.1609
26.2559
23.2391
20.1157
16.8932
13.5801
10.1868
6.72551
3.21008
-0.343672
-3.91798
-7.49346
-11.0487
-14.561
-18.0067
-21.3609
-24.5988
-27.6953
-30.6263
-33.369
-35.902
-38.2061
-40.2648
-42.0647
-43.5955
-44.8502
-45.8255
-46.5214
-46.9412
-47.0914
-46.9812
-46.6224
-46.0287
-45.2156
-44.1996
-42.9983
-41.6301
-40.1103
-38.6977
-37.3567
-35.9551
-34.2825
-32.7511
-30.5173
-29.3173
-25.7214
-26.445
-18.7719
-26.4804
-6.19681
-36.3097
60.1568
60.459
60.7803
61.1125
61.4589
61.8188
62.1925
62.5802
62.982
63.3978
63.8277
64.2715
64.7291
65.2001
65.6842
66.1809
66.6894
67.2092
67.7391
68.2781
68.825
69.3782
69.936
70.4965
71.0574
71.6164
72.171
72.7182
73.2551
73.7784
74.2851
74.7715
75.2346
75.6708
76.0765
76.4484
76.783
77.0769
77.3265
77.5285
77.6794
77.7757
77.8142
77.7913
77.7041
77.5492
77.3238
77.025
76.6502
76.1971
75.6636
75.048
74.349
73.5659
72.6983
71.7467
70.7124
69.5971
68.4039
67.1364
65.7995
64.3989
62.9413
61.435
59.8888
58.3104
56.7219
55.3248
54.0778
52.7803
51.4335
50.0534
48.6648
47.3001
45.8606
45.1201
42.1991
47.0806
30.2866
69.3684
59.8159
59.3663
58.8813
58.3887
57.8707
57.3164
56.727
56.1061
55.4566
54.7763
54.0532
53.2826
52.4812
51.6717
50.8585
50.0252
49.15
48.2104
47.172
45.997
44.6693
43.1983
41.6003
39.8866
38.0703
36.1636
34.1667
32.0717
29.8727
27.5687
25.1608
22.6505
20.0397
17.3321
14.5329
11.6488
8.6882
5.66121
2.57979
-0.542541
-3.69032
-6.84656
-9.99273
-13.109
-16.1745
-19.1672
-22.0649
-24.8452
-27.486
-29.9662
-32.2656
-34.366
-36.2512
-37.9076
-39.3244
-40.4935
-41.4102
-42.073
-42.483
-42.6449
-42.5656
-42.2546
-41.7236
-40.9856
-40.0553
-38.9493
-37.6801
-36.473
-35.3056
-34.0772
-32.5806
-31.2165
-29.1644
-28.1027
-24.7231
-25.4891
-18.165
-25.6529
-6.04445
-35.4572
53.304
53.575
53.8625
54.1608
54.4724
54.7969
55.1347
55.4862
55.8514
56.2306
56.6238
57.0312
57.4527
57.8883
58.3377
58.8009
59.2774
59.7667
60.2683
60.7816
61.3057
61.8396
62.3822
62.9323
63.4883
64.0485
64.6113
65.1744
65.7354
66.2919
66.8411
67.38
67.9055
68.4141
68.9024
69.3665
69.8029
70.2075
70.5767
70.9064
71.1927
71.4318
71.6198
71.753
71.8275
71.8399
71.7865
71.6641
71.4694
71.1996
70.8521
70.4246
69.9152
69.3226
68.6461
67.8853
67.0408
66.114
65.107
64.0228
62.8656
61.6403
60.3531
59.0115
57.6236
56.1968
54.7526
53.474
52.3278
51.131
49.8841
48.6024
47.3091
46.0316
44.6955
43.9709
41.2863
45.8215
29.8179
67.6443
53.0044
52.6176
52.2011
51.7772
51.3317
50.8559
50.3505
49.8158
49.2511
48.6587
48.0403
47.3886
46.693
45.9592
45.2085
44.4545
43.6906
42.8985
42.0595
41.1463
40.1231
38.967
37.68
36.2761
34.7667
33.1635
31.4798
29.7197
27.8771
25.9455
23.9232
21.811
19.6099
17.3216
14.9485
12.4943
9.964
7.36409
4.70266
1.98926
-0.76476
-3.54639
-6.34105
-9.13281
-11.9043
-14.6369
-17.3112
-19.9072
-22.4048
-24.7836
-27.0242
-29.1077
-31.0169
-32.7362
-34.2521
-35.5535
-36.6319
-37.4817
-38.1
-38.4868
-38.645
-38.5796
-38.2986
-37.8117
-37.1299
-36.2678
-35.2349
-34.2238
-33.2236
-32.1629
-30.8388
-29.6384
-27.7677
-26.842
-23.6808
-24.4887
-17.5145
-24.7874
-5.85007
-34.5741
47.5396
47.7808
48.0363
48.3022
48.5804
48.8707
49.1737
49.4895
49.8185
50.161
50.5171
50.8872
51.2713
51.6695
52.0819
52.5085
52.9492
53.4037
53.8716
54.3528
54.8466
55.3524
55.8693
56.3965
56.9328
57.477
58.0277
58.5833
59.1418
59.7014
60.2598
60.8146
61.3631
61.9026
62.4298
62.9416
63.4344
63.9046
64.3483
64.7617
65.1405
65.4809
65.7785
66.0291
66.2288
66.3734
66.459
66.4817
66.4377
66.3238
66.1368
65.8737
65.5323
65.1104
64.6066
64.0201
63.3508
62.5991
61.7666
60.8555
59.869
58.8116
57.6884
56.5063
55.2727
53.9945
52.6921
51.5309
50.4849
49.3884
48.2414
47.0581
45.8608
44.6709
43.4392
42.7302
40.2868
44.4714
29.2739
65.8507
47.2767
46.9424
46.5831
46.2168
45.8323
45.4222
44.987
44.527
44.0403
43.5256
42.9844
42.4196
41.8287
41.2011
40.533
39.8386
39.1366
38.4306
37.708
36.9514
36.14
35.2432
34.2335
33.1048
31.8675
30.5326
29.1107
27.6149
26.0523
24.4188
22.7079
20.9169
19.0458
17.0964
15.0701
12.9689
10.7958
8.555
6.25185
3.89297
1.48645
-0.958153
-3.42987
-5.9164
-8.40381
-10.877
-13.3196
-15.7146
-18.044
-20.2895
-22.4327
-24.4556
-26.3409
-28.0723
-29.6348
-31.0154
-32.203
-33.1891
-33.9671
-34.5337
-34.8877
-35.0306
-34.9665
-34.7017
-34.244
-33.6052
-32.7918
-31.9652
-31.1241
-30.2235
-29.0666
-28.0246
-26.3331
-25.5401
-22.5977
-23.4463
-16.8223
-23.8843
-5.61625
-33.6577
42.6152
42.829
43.0554
43.2913
43.5385
43.7969
44.0669
44.3488
44.6431
44.95
45.2699
45.6029
45.9494
46.3096
46.6837
47.0717
47.4737
47.8898
48.3198
48.7636
49.221
49.6915
50.1748
50.6701
51.1768
51.694
52.2206
52.7553
53.2968
53.8434
54.3934
54.9446
55.4949
56.0419
56.5829
57.115
57.6352
58.1401
58.6263
59.0901
59.5275
59.9348
60.3076
60.6419
60.9333
61.1777
61.3707
61.5081
61.586
61.6005
61.5478
61.4247
61.2281
60.9555
60.6048
60.1743
59.6634
59.0717
58.3999
57.6496
56.8231
55.924
54.9568
53.9273
52.8422
51.7079
50.5438
49.4974
48.5498
47.5523
46.5041
45.4188
44.3169
43.2148
42.0873
41.3944
39.195
43.0287
28.652
63.9833
42.3846
42.095
41.7841
41.4667
41.1337
40.779
40.403
40.0056
39.5855
39.141
38.6711
38.176
37.6582
37.1186
36.5499
35.9434
35.3038
34.6493
33.9915
33.325
32.6355
31.9061
31.1114
30.2228
29.2276
28.1316
26.9449
25.6773
24.3413
22.9462
21.4904
19.9674
18.3732
16.7077
14.9724
13.1686
11.298
9.36308
7.36739
5.31549
3.21315
1.06733
-1.11374
-3.32065
-5.54254
-7.76732
-9.9817
-12.1713
-14.3209
-16.4143
-18.4352
-20.3668
-22.1925
-23.8963
-25.463
-26.8784
-28.1301
-29.2073
-30.1012
-30.8054
-31.3156
-31.6302
-31.7498
-31.6775
-31.4178
-30.9801
-30.3675
-29.7119
-29.02
-28.2706
-27.2736
-26.3834
-24.867
-24.202
-21.4773
-22.3643
-16.09
-22.9436
-5.34693
-32.7048
38.3724
38.5615
38.7616
38.9706
39.1897
39.4189
39.6588
39.9096
40.1718
40.4456
40.7314
41.0295
41.3402
41.6637
42.0004
42.3505
42.7141
43.0912
43.4821
43.8868
44.305
44.7368
45.1818
45.6397
46.1101
46.5923
47.0858
47.5895
48.1025
48.6235
49.1512
49.6839
50.2198
50.7569
51.2931
51.8257
52.3523
52.8697
53.3748
53.8644
54.3349
54.7825
55.2034
55.5934
55.9486
56.2645
56.537
56.7616
56.9343
57.0508
57.1072
57.0997
57.0249
56.8796
56.6611
56.3674
55.9969
55.5485
55.0224
54.419
53.7401
52.9883
52.1671
51.2819
50.338
49.3415
48.3104
47.3752
46.5235
45.6226
44.6712
43.6822
42.6744
41.6597
40.6351
39.9599
38.0049
41.4902
27.9502
62.0293
38.1701
37.9186
37.6487
37.373
37.0839
36.7762
36.4501
36.1058
35.7419
35.3572
34.9503
34.5203
34.0668
33.5912
33.0957
32.5772
32.0265
31.4403
30.8313
30.215
29.5946
28.9601
28.2971
27.5848
26.7963
25.9138
24.9377
23.8768
22.7401
21.5396
20.2862
18.9808
17.6173
16.1911
14.7014
13.1495
11.5365
9.86405
8.13406
6.34952
4.51437
2.63362
0.713282
-1.23958
-3.21659
-5.20816
-7.20364
-9.19124
-11.1582
-13.0907
-14.9743
-16.7942
-18.535
-20.1816
-21.7192
-23.1335
-24.4114
-25.5409
-26.5117
-27.3151
-27.9448
-28.3961
-28.6669
-28.7576
-28.6694
-28.4093
-27.9775
-27.4781
-26.9241
-26.3154
-25.4697
-24.7231
-23.3762
-22.8333
-20.3235
-21.2455
-15.321
-21.9635
-5.04816
-31.706
34.6735
34.8406
35.0174
35.2022
35.396
35.5991
35.8118
36.0345
36.2674
36.511
36.7656
37.0315
37.3091
37.5986
37.9003
38.2146
38.5416
38.8816
39.2346
39.6009
39.9805
40.3733
40.7793
41.1984
41.6303
42.0745
42.5308
42.9985
43.4768
43.9648
44.4616
44.9659
45.4762
45.9911
46.5087
47.0269
47.5435
48.0561
48.5618
49.0577
49.5406
50.0072
50.4539
50.8768
51.2722
51.6357
51.9634
52.2509
52.4941
52.6885
52.8302
52.9152
52.9396
52.8998
52.793
52.6162
52.3674
52.045
51.6481
51.1767
50.6316
50.0146
49.3284
48.5773
47.7659
46.8997
45.9951
45.1664
44.4067
43.5991
42.7416
41.8463
40.9304
40.002
39.0779
38.4226
36.7107
39.8512
27.1676
59.9718
34.496
34.2771
34.0423
33.8022
33.5505
33.2829
32.9994
32.7001
32.3842
32.0502
31.6971
31.3239
30.9297
30.5137
30.0765
29.62
29.1446
28.6432
28.1081
27.5441
26.9669
26.3863
25.7982
25.1905
24.5464
23.8421
23.0567
22.1847
21.2325
20.2087
19.1248
17.9928
16.8157
15.5888
14.3071
12.969
11.5754
10.1275
8.62643
7.07388
5.4724
3.82548
2.13742
0.413472
-1.3401
-3.11584
-4.90529
-6.69899
-8.48632
-10.2558
-11.995
-13.6909
-15.3298
-16.8979
-18.3812
-19.7661
-21.0393
-22.1885
-23.2024
-24.0712
-24.7866
-25.3421
-25.7332
-25.9579
-26.0148
-25.9084
-25.6362
-25.2771
-24.8488
-24.3693
-23.6648
-23.0523
-21.8676
-21.4396
-19.1416
-20.0924
-14.5212
-20.9414
-4.73144
-30.6439
31.4243
31.5717
31.7276
31.8907
32.0619
32.2414
32.4295
32.6266
32.833
33.049
33.275
33.5113
33.7583
34.0162
34.2854
34.5661
34.8587
35.1633
35.4803
35.8097
36.1518
36.5065
36.8741
37.2544
37.6473
38.0527
38.4702
38.8996
39.3402
39.7916
40.2529
40.7232
41.2014
41.6864
42.1765
42.6703
43.1658
43.6611
44.1537
44.6411
45.1207
45.5893
46.0439
46.4809
46.8968
47.2878
47.6498
47.9789
48.2709
48.5216
48.7269
48.8827
48.985
49.03
49.0144
48.935
48.7891
48.5747
48.2903
47.935
47.509
47.0131
46.4493
45.8212
45.1322
44.3871
43.6012
42.873
42.2006
41.4819
40.7145
39.9093
39.0818
38.2379
37.4105
36.7779
35.3069
38.1046
26.3044
57.7869
31.2686
31.0776
30.8727
30.6632
30.4436
30.2102
29.963
29.7021
29.4268
29.1358
28.8284
28.5036
28.1604
27.7978
27.4152
27.0123
26.5906
26.1517
25.6919
25.2027
24.6819
24.1411
23.5938
23.042
22.4771
21.8853
21.2469
20.541
19.7591
18.9045
17.9848
17.0097
15.9905
14.9318
13.8284
12.6746
11.4689
10.2128
8.90809
7.55597
6.15777
4.71559
3.23249
1.71237
0.159999
-1.41891
-3.01778
-4.62906
-6.24415
-7.85354
-9.44682
-11.0127
-12.5394
-14.0145
-15.4254
-16.759
-18.003
-19.1449
-20.1734
-21.0779
-21.8491
-22.479
-22.9615
-23.2925
-23.4685
-23.4919
-23.3578
-23.1223
-22.8065
-22.4437
-21.8691
-21.3798
-20.3493
-20.0268
-17.9373
-18.9056
-13.699
-19.8659
-4.41385
-29.492
28.5162
28.6465
28.7843
28.9286
29.0801
29.239
29.4057
29.5804
29.7635
29.9553
30.156
30.3661
30.5858
30.8155
31.0555
31.3059
31.5673
31.8397
32.1235
32.4188
32.726
33.045
33.3761
33.7193
34.0747
34.4421
34.8214
35.2124
35.6148
36.0282
36.4521
36.8857
37.3283
37.779
38.2365
38.6997
39.167
39.6368
40.1071
40.5757
41.0403
41.4985
41.9474
42.3838
42.8047
43.2066
43.5859
43.9386
44.261
44.5491
44.7988
45.006
45.1668
45.2771
45.3335
45.3327
45.2716
45.1475
44.9584
44.7031
44.3809
43.9918
43.5373
43.0199
42.4421
41.8081
41.1316
40.4969
39.9063
39.2712
38.5886
37.8691
37.126
36.3637
35.6279
35.0203
33.7881
36.2376
25.3658
55.4408
28.3791
28.212
28.0329
27.8496
27.6575
27.4533
27.2372
27.0092
26.7686
26.5144
26.2459
25.9623
25.6628
25.3463
25.0119
24.659
24.2871
23.897
23.4904
23.0664
22.618
22.1382
21.6322
21.1152
20.5961
20.0712
19.5286
18.95
18.3138
17.6088
16.8392
16.0129
15.1366
14.2197
13.2677
12.2766
11.2391
10.1528
9.01951
7.84167
6.62092
5.35862
4.05663
2.71775
1.34566
-0.0551831
-1.47959
-2.92161
-4.37435
-5.83003
-7.27999
-8.7148
-10.1242
-11.4975
-12.8233
-14.0899
-15.2857
-16.3991
-17.4185
-18.3336
-19.1345
-19.8122
-20.3597
-20.7713
-21.0417
-21.1715
-21.1539
-21.0252
-20.8084
-20.5488
-20.0922
-19.7138
-18.8299
-18.5989
-16.7217
-17.6802
-12.8746
-18.7149
-4.1433
-28.1973
25.9762
26.0899
26.21
26.3359
26.4681
26.6069
26.7526
26.9054
27.0656
27.2336
27.4095
27.5939
27.7868
27.9887
28.1998
28.4205
28.6511
28.8917
29.1427
29.4044
29.6768
29.9604
30.2552
30.5614
30.8789
31.2079
31.5485
31.9004
32.2634
32.6373
33.022
33.4166
33.8208
34.2337
34.6546
35.0824
35.5161
35.9541
36.3949
36.8369
37.2778
37.7157
38.1481
38.5722
38.9856
39.3847
39.7666
40.1278
40.4645
40.7734
41.0503
41.2911
41.4923
41.6499
41.7602
41.8198
41.8254
41.7741
41.6633
41.4914
41.2572
40.96
40.6006
40.1804
39.7014
39.1673
38.5896
38.0404
37.5251
36.967
36.3631
35.7234
35.0588
34.3746
33.7238
33.1423
32.1518
34.2363
24.3671
52.9013
25.857
25.712
25.5566
25.3976
25.231
25.0542
24.8671
24.6698
24.4617
24.2421
24.0104
23.7658
23.5078
23.2354
22.9477
22.6438
22.3237
21.9893
21.6436
21.2885
20.9176
20.5083
20.0256
19.4486
18.7941
18.1098
17.4493
16.8571
16.3582
15.9395
15.5441
15.0913
14.5058
13.7551
12.8709
11.9234
10.9644
10.0011
9.01446
7.9875
6.91555
5.80244
4.65316
3.4709
2.25776
1.01608
-0.25045
-1.53724
-2.83882
-4.1489
-5.46053
-6.76594
-8.05636
-9.32269
-10.5552
-11.7432
-12.8763
-13.9439
-14.9348
-15.8391
-16.647
-17.349
-17.937
-18.4051
-18.7463
-18.9597
-19.0371
-18.998
-18.8664
-18.6955
-18.3453
-18.0622
-17.3202
-17.1574
-15.5095
-16.4055
-12.0757
-17.4558
-3.96979
-26.7067
22.8818
22.978
23.0797
23.1863
23.2983
23.4161
23.5397
23.6694
23.8056
23.9485
24.0983
24.2554
24.42
24.5924
24.773
24.9619
25.1595
25.366
25.5817
25.8069
26.0419
26.2867
26.5418
26.8073
27.0831
27.3697
27.6671
27.9751
28.2939
28.6232
28.9631
29.3132
29.6732
30.0424
30.4204
30.8068
31.2006
31.6006
32.0058
32.4151
32.8265
33.2385
33.6493
34.0566
34.4584
34.8516
35.2336
35.6016
35.9522
36.2823
36.588
36.8656
37.1119
37.3229
37.495
37.6243
37.7076
37.7416
37.7235
37.6509
37.5219
37.3354
37.0912
36.7896
36.4316
36.0208
35.5655
35.1229
34.7022
34.2413
33.7381
33.2011
32.6389
32.0595
31.518
30.987
30.2847
31.9758
23.2721
50.1088
22.781
22.6594
22.5287
22.3947
22.2545
22.1058
21.9483
21.7821
21.607
21.422
21.2268
21.0208
20.8032
20.5736
20.3315
20.0759
19.806
19.5209
19.2187
18.8981
18.5598
18.2084
17.8495
17.4829
17.1
16.6936
16.2666
15.8264
15.3748
14.9064
14.4105
13.8734
13.2887
12.6605
11.9897
11.2696
10.5
9.69054
8.85045
7.98107
7.07976
6.14447
5.17499
4.17278
3.13994
2.07879
0.992032
-0.117177
-1.24515
-2.38714
-3.53791
-4.69148
-5.84089
-6.97867
-8.097
-9.18691
-10.239
-11.244
-12.1919
-13.0729
-13.8776
-14.5965
-15.2209
-15.7438
-16.1573
-16.4582
-16.6384
-16.6956
-16.6605
-16.5841
-16.362
-16.1716
-15.618
-15.4878
-14.1783
-14.8868
-11.2855
-15.8821
-3.99836
-24.8271
19.6421
19.7198
19.8019
19.8881
19.9787
20.074
20.1741
20.2793
20.3899
20.5061
20.6279
20.7558
20.8901
21.0308
21.1785
21.3331
21.4951
21.6646
21.8421
22.0277
22.2217
22.4243
22.6359
22.8566
23.0866
23.3261
23.5753
23.8343
24.1032
24.382
24.6709
24.9697
25.2783
25.5964
25.9236
26.2599
26.6046
26.9571
27.3167
27.6823
28.0532
28.4278
28.8048
29.183
29.5604
29.9346
30.3037
30.6655
31.0171
31.3555
31.6776
31.9809
32.2614
32.5157
32.7404
32.9319
33.0867
33.2015
33.273
33.2987
33.2758
33.2027
33.0785
32.9023
32.6744
32.397
32.0771
31.7537
31.4393
31.0898
30.7027
30.286
29.8458
29.3934
28.984
28.5416
28.1049
29.5793
21.7931
47.5838
19.5611
19.4643
19.3605
19.2537
19.1421
19.0237
18.8984
18.7662
18.6269
18.4798
18.3247
18.1609
17.9881
17.8058
17.6138
17.4111
17.1968
16.9698
16.7287
16.4738
16.2093
15.9445
15.6925
15.4632
15.2535
15.0405
14.7865
14.4607
14.0541
13.5793
13.0593
12.5187
11.9769
11.4416
10.9073
10.3568
9.76839
9.13126
8.45203
7.74341
7.0113
6.25379
5.46737
4.65078
3.8047
2.93114
2.03188
1.10915
0.16518
-0.796881
-1.7733
-2.75984
-3.75141
-4.74227
-5.72621
-6.69636
-7.64484
-8.56381
-9.4446
-10.2784
-11.0563
-11.7696
-12.4094
-12.9677
-13.4364
-13.8109
-14.0819
-14.23
-14.2845
-14.3052
-14.2
-14.1236
-13.7237
-13.7037
-12.6126
-13.3736
-10.127
-14.6223
-3.34871
-23.9496
16.8868
16.9496
17.0162
17.0861
17.1597
17.237
17.3183
17.4038
17.4937
17.5882
17.6873
17.7915
17.9011
18.0158
18.1365
18.2629
18.3953
18.5342
18.6798
18.8322
18.9917
19.1586
19.3331
19.5153
19.7056
19.9042
20.111
20.3265
20.5507
20.7838
21.026
21.2771
21.5372
21.8063
22.0841
22.3705
22.6653
22.9682
23.2786
23.5959
23.9197
24.2487
24.582
24.9189
25.2578
25.597
25.935
26.2701
26.6
26.9221
27.2343
27.5342
27.8183
28.0838
28.3279
28.5468
28.7377
28.8973
29.0225
29.1102
29.1579
29.1636
29.1256
29.0426
28.914
28.7415
28.5304
28.3054
28.0803
27.8258
27.5393
27.2281
26.8966
26.5597
26.2699
25.9205
25.7277
27.042
20.0875
44.9271
16.8214
16.7439
16.6608
16.5752
16.4857
16.3908
16.2905
16.1847
16.073
15.9554
15.8311
15.6999
15.5615
15.4156
15.2617
15.0993
14.9281
14.7475
14.557
14.3559
14.1436
13.9196
13.6842
13.4377
13.1812
12.9153
12.6373
12.34
12.0153
11.664
11.298
10.931
10.5654
10.1918
9.79466
9.362
8.89115
8.38368
7.84045
7.26413
6.66121
6.03706
5.3921
4.72372
4.03006
3.31126
2.5685
1.80347
1.01801
0.213934
-0.606092
-1.43925
-2.28191
-3.12977
-3.97819
-4.82179
-5.65446
-6.4698
-7.26068
-8.01963
-8.73903
-9.41081
-10.0269
-10.5798
-11.0612
-11.4662
-11.7852
-11.9883
-12.1016
-12.189
-12.169
-12.1791
-11.9001
-11.9747
-11.0596
-11.8942
-8.91932
-13.4397
-2.58606
-23.2255
14.3211
14.3721
14.4262
14.483
14.5428
14.6056
14.6717
14.7412
14.8144
14.8913
14.9721
15.0572
15.1465
15.2402
15.3387
15.4421
15.5506
15.6644
15.7837
15.9088
16.0398
16.177
16.3207
16.4709
16.6279
16.7921
16.9633
17.1419
17.3281
17.5221
17.7239
17.9337
18.1513
18.3771
18.6108
18.8524
19.1018
19.3588
19.6231
19.8942
20.1721
20.4557
20.7446
21.0378
21.3345
21.6336
21.9337
22.2336
22.5314
22.8253
23.1134
23.3939
23.6639
23.9211
24.1631
24.3867
24.5892
24.768
24.9202
25.0428
25.1333
25.1896
25.2099
25.1926
25.1369
25.0437
24.9169
24.7704
24.6181
24.4421
24.2403
24.0189
23.7819
23.5474
23.3622
23.104
23.1318
24.2971
18.1629
41.9023
14.2681
14.2056
14.1384
14.0693
13.997
13.9203
13.8393
13.7538
13.6635
13.5683
13.4679
13.3619
13.25
13.132
13.0075
12.876
12.7375
12.5913
12.4371
12.2744
12.1027
11.9216
11.7305
11.5293
11.3179
11.0969
10.8674
10.63
10.3823
10.1173
9.82851
9.51863
9.19833
8.87775
8.5558
8.22221
7.8648
7.47653
7.05637
6.60436
6.121
5.61068
5.08004
4.53252
3.96698
3.38088
2.77328
2.14484
1.49723
0.832069
0.151239
-0.543291
-1.24904
-1.9629
-2.68139
-3.40044
-4.11532
-4.82106
-5.51195
-6.18183
-6.82435
-7.43269
-7.99973
-8.51885
-8.98243
-9.38559
-9.71916
-9.94803
-10.0945
-10.2226
-10.261
-10.3314
-10.1475
-10.2918
-9.53302
-10.4156
-7.71393
-12.2027
-1.86061
-22.2575
11.89
11.9306
11.9736
12.0187
12.0662
12.1163
12.1688
12.2243
12.2826
12.344
12.4085
12.4764
12.5477
12.6226
12.7014
12.7842
12.8711
12.9624
13.0583
13.1587
13.264
13.3746
13.4904
13.6116
13.7385
13.8713
14.01
14.155
14.3064
14.4643
14.629
14.8005
14.9787
15.1641
15.3564
15.5558
15.7621
15.9753
16.1952
16.4215
16.6542
16.8929
17.1368
17.3855
17.6384
17.8947
18.1533
18.4133
18.6734
18.9322
19.1882
19.4398
19.6848
19.9215
20.1477
20.3608
20.5588
20.7391
20.8993
21.0369
21.1495
21.2352
21.2921
21.3188
21.3141
21.2786
21.215
21.1294
21.0347
20.9217
20.789
20.6421
20.4841
20.3368
20.2377
20.061
20.2742
21.2971
15.9389
38.4657
11.8479
11.7985
11.7455
11.6909
11.6337
11.573
11.5089
11.4414
11.37
11.2948
11.2155
11.1318
11.0434
10.9502
10.8519
10.7482
10.6388
10.5234
10.4017
10.2734
10.1381
9.99549
9.84493
9.68616
9.51881
9.34285
9.15841
8.96603
8.76652
8.55952
8.34143
8.10538
7.8472
7.57206
7.29152
7.01253
6.73194
6.43949
6.12517
5.784
5.41475
5.01733
4.59425
4.15159
3.69482
3.22466
2.73884
2.23534
1.71409
1.1762
0.62331
0.0570059
-0.521033
-1.10859
-1.7031
-2.30152
-2.90024
-3.49532
-4.08237
-4.65645
-5.21234
-5.74448
-6.24678
-6.71366
-7.13851
-7.51688
-7.84031
-8.07276
-8.23246
-8.38045
-8.45487
-8.56359
-8.45079
-8.64386
-8.0167
-8.92865
-6.48025
-10.9033
-1.10349
-21.1148
9.65817
9.68952
9.7227
9.75755
9.79429
9.83299
9.87363
9.91646
9.96153
10.0089
10.0588
10.1113
10.1663
10.2242
10.2852
10.3492
10.4164
10.4869
10.561
10.6388
10.7203
10.8058
10.8955
10.9894
11.0878
11.1907
11.2984
11.411
11.5287
11.6516
11.7799
11.9135
12.0528
12.1978
12.3485
12.505
12.6673
12.8354
13.0093
13.1888
13.3738
13.5642
13.7596
13.9595
14.1637
14.3717
14.5826
14.7957
15.0103
15.2253
15.4395
15.6517
15.8603
16.0639
16.2608
16.4491
16.6269
16.7922
16.943
17.0773
17.1931
17.2885
17.3621
17.4122
17.4379
17.4398
17.4193
17.3775
17.3254
17.2598
17.1803
17.0916
16.9962
16.9186
16.8849
16.7732
17.129
18.0137
13.3469
34.5337
9.62548
9.58717
9.54609
9.5037
9.45931
9.41228
9.36255
9.31006
9.25467
9.19626
9.13465
9.06959
9.00095
8.9285
8.85209
8.77149
8.68644
8.59668
8.50197
8.40213
8.29684
8.18577
8.06864
7.94507
7.81465
7.67712
7.5322
7.38003
7.22108
7.05597
6.88528
6.70774
6.51872
6.31189
6.08582
5.8477
5.60838
5.37157
5.132
4.8802
4.6082
4.31246
3.99167
3.64695
3.28327
2.90699
2.52099
2.12402
1.71383
1.28977
0.852672
0.403908
-0.0552292
-0.523371
-0.998929
-1.4798
-1.96341
-2.44677
-2.92656
-3.3991
-3.86022
-4.30557
-4.73029
-5.12975
-5.49848
-5.83283
-6.12534
-6.34245
-6.498
-6.64738
-6.73744
-6.86412
-6.7993
-7.02105
-6.49885
-7.42321
-5.19647
-9.53437
-0.252986
-19.8314
7.23988
7.26336
7.2882
7.31435
7.34196
7.37104
7.40166
7.43398
7.468
7.5038
7.54153
7.58124
7.62305
7.6671
7.71349
7.76223
7.81348
7.86739
7.92409
7.98364
8.0462
8.11192
8.18087
8.25326
8.32924
8.4088
8.49212
8.57937
8.67068
8.76615
8.86587
8.96991
9.07842
9.19151
9.30912
9.43129
9.55813
9.68958
9.82567
9.96629
10.1113
10.2605
10.4138
10.5707
10.7313
10.8949
11.061
11.2294
11.3992
11.5697
11.7402
11.9097
12.0772
12.2416
12.4017
12.5562
12.7037
12.8424
12.9712
13.0885
13.1926
13.282
13.3558
13.4127
13.4518
13.4734
13.479
13.4656
13.4425
13.4102
13.3685
13.3202
13.2671
13.235
13.2374
13.1602
13.6018
14.3535
10.2567
29.8185
7.21547
7.18711
7.15667
7.12523
7.09229
7.05743
7.02064
6.9818
6.94081
6.89759
6.852
6.80389
6.75316
6.6997
6.64332
6.58386
6.52113
6.45498
6.38525
6.31178
6.23428
6.15254
6.06649
5.97583
5.88019
5.77939
5.67305
5.56095
5.44314
5.31995
5.19197
5.05992
4.92383
4.7815
4.62742
4.45651
4.27079
4.07952
3.89158
3.70821
3.52357
3.32997
3.12161
2.89508
2.64882
2.38496
2.10851
1.82268
1.52615
1.21603
0.891292
0.553389
0.204779
-0.15237
-0.516343
-0.885575
-1.25815
-1.63185
-2.00405
-2.37208
-2.73282
-3.08304
-3.41924
-3.7379
-4.03482
-4.30742
-4.54952
-4.7333
-4.86817
-5.00123
-5.08715
-5.21178
-5.17194
-5.40141
-4.95656
-5.87131
-3.83305
-8.0494
0.720035
-18.205
5.38552
5.40114
5.41771
5.43506
5.45331
5.47251
5.49272
5.514
5.53625
5.55964
5.58426
5.61005
5.63714
5.66565
5.69551
5.72676
5.75959
5.79401
5.83002
5.86776
5.90733
5.94876
5.99211
6.03749
6.08496
6.13454
6.18643
6.24066
6.29729
6.35642
6.41812
6.48249
6.54959
6.61948
6.69226
6.76805
6.84674
6.92847
7.01337
7.10134
7.19238
7.28647
7.38344
7.48326
7.58597
7.69113
7.79848
7.90794
8.01903
8.13122
8.24402
8.3569
8.46925
8.5802
8.68896
8.79484
8.89659
8.99316
9.08373
9.16726
9.24242
9.30831
9.3643
9.40944
9.44287
9.46487
9.47693
9.47707
9.46796
9.45282
9.43225
9.40839
9.38317
9.38243
9.40604
9.34226
9.7994
10.419
6.77518
23.9909
5.36903
5.34951
5.32857
5.30702
5.2844
5.2604
5.23499
5.20811
5.17978
5.14989
5.11829
5.08486
5.04955
5.01231
4.973
4.93144
4.88751
4.84118
4.79231
4.74067
4.68613
4.62855
4.5679
4.50393
4.4364
4.36518
4.29009
4.21085
4.12718
4.03906
3.94672
3.85069
3.75174
3.65042
3.54591
3.43457
3.31068
3.17181
3.02327
2.87501
2.73152
2.5879
2.43436
2.2634
2.07268
1.86358
1.63997
1.40933
1.17919
0.952007
0.724795
0.493266
0.255161
0.0106264
-0.239161
-0.492974
-0.749741
-1.00827
-1.26703
-1.52424
-1.77779
-2.02539
-2.26459
-2.49292
-2.7073
-2.90614
-3.0846
-3.22283
-3.32509
-3.42882
-3.49565
-3.60269
-3.56848
-3.78843
-3.39411
-4.28033
-2.39067
-6.43009
1.82171
-16.0144
2.20697
2.21748
2.22874
2.24057
2.25304
2.26625
2.28027
2.29509
2.31069
2.32717
2.34459
2.36299
2.38247
2.40306
2.42474
2.44761
2.47177
2.49724
2.52404
2.5523
2.5821
2.61343
2.64644
2.6811
2.71746
2.75566
2.79572
2.83764
2.88152
2.92737
2.9752
3.02508
3.07696
3.13084
3.1868
3.24477
3.30461
3.36635
3.42991
3.49513
3.56206
3.63047
3.70004
3.77079
3.84267
3.91526
3.98833
4.06184
4.13543
4.20884
4.28181
4.35408
4.42539
4.49532
4.56345
4.62954
4.69299
4.75325
4.80993
4.86243
4.91011
4.95262
4.98994
5.02163
5.04758
5.06896
5.08733
5.0971
5.10265
5.10494
5.10163
5.08889
5.06156
5.03903
5.01487
4.88215
5.20747
5.72566
2.61298
15.7329
2.19623
2.18386
2.17044
2.15653
2.142
2.12664
2.11033
2.0931
2.07499
2.05591
2.03575
2.01441
1.99186
1.96807
1.94294
1.91635
1.88819
1.85843
1.82694
1.79354
1.75811
1.7205
1.68059
1.63818
1.593
1.54482
1.49339
1.4384
1.37939
1.31597
1.2478
1.1746
1.09609
1.01128
0.917755
0.81184
0.68999
0.552865
0.412822
0.302006
0.267775
0.351474
0.561267
0.858402
1.16459
1.39104
1.47499
1.40574
1.22294
0.989021
0.754734
0.541937
0.349328
0.168054
-0.00784277
-0.179609
-0.346431
-0.507753
-0.663526
-0.813837
-0.958527
-1.09719
-1.22921
-1.3539
-1.46996
-1.57728
-1.67277
-1.74764
-1.80096
-1.858
-1.88691
-1.95706
-1.90813
-2.0942
-1.73596
-2.53007
-0.859359
-4.36595
2.67306
-11.7963
2.0414
2.04244
2.04348
2.04446
2.04535
2.04618
2.04695
2.04763
2.04815
2.0485
2.0487
2.04873
2.04856
2.04812
2.04741
2.04639
2.04504
2.04333
2.04119
2.03861
2.03557
2.03199
2.02788
2.02316
2.01782
2.01185
2.00516
1.99776
1.98968
1.98083
1.97122
1.9609
1.94982
1.93804
1.92564
1.91259
1.89901
1.88498
1.87052
1.85578
1.84096
1.82612
1.81129
1.79673
1.7826
1.76889
1.75577
1.74336
1.73161
1.72057
1.71022
1.70052
1.69141
1.68279
1.67453
1.66657
1.65888
1.65134
1.6439
1.63644
1.62883
1.62087
1.61242
1.60297
1.59172
1.57748
1.56193
1.55703
1.541
1.52086
1.50296
1.49543
1.50557
1.55151
1.62421
1.64168
1.83553
2.01759
0.465891
5.79858
2.04011
2.03859
2.03712
2.03556
2.03382
2.03191
2.02979
2.02752
2.02508
2.0224
2.0195
2.01638
2.01305
2.00947
2.00564
2.00158
1.99728
1.99279
1.98806
1.98316
1.97817
1.97306
1.96796
1.96297
1.95822
1.95382
1.95007
1.94728
1.9459
1.94629
1.94828
1.95082
1.9524
1.95327
1.96008
1.99087
2.07487
2.23987
2.48583
2.75781
2.94267
2.90529
2.55184
1.88602
1.02707
0.175584
-0.467129
-0.789217
-0.812393
-0.65734
-0.459542
-0.301969
-0.203563
-0.148296
-0.116849
-0.0998244
-0.09527
-0.102781
-0.120735
-0.146687
-0.178278
-0.213591
-0.251007
-0.28931
-0.327138
-0.364524
-0.399402
-0.431167
-0.451199
-0.4765
-0.484203
-0.52587
-0.483519
-0.615332
-0.365741
-0.90641
0.180984
-1.95206
2.33699
-5.85806
)
;

boundaryField
{
    inlet
    {
        type            freestreamPressure;
        freestreamValue uniform 0;
        value           nonuniform List<scalar> 
134
(
4.55954
8.39081
12.361
15.7878
18.2611
19.743
19.8879
18.5772
15.6039
9.74283
3.76711
5.7116
8.60521
11.2398
13.8151
16.4099
19.0281
21.6649
24.3389
27.0794
0.782026
29.919
32.8361
35.6618
38.0871
39.675
40.2404
41.5874
41.2835
41.3215
47.1644
44.0896
43.9114
44.168
44.2763
44.1817
44.0972
44.3061
45.2592
45.965
-2.8076
-6.52271
-9.72165
-11.5734
-11.5678
-9.02854
-3.58398
48.9533
47.9256
46.5583
45.6528
44.9318
44.1176
43.2124
42.2847
41.3473
40.3836
39.3823
38.3406
37.2559
36.1209
34.9257
33.6564
32.2933
30.8176
29.1947
27.7279
26.1845
24.4266
22.4285
20.1413
17.3967
14.0019
9.18567
3.38739
-0.592455
-1.46866
-2.53142
-3.67504
-4.89873
-6.18008
-7.37294
-8.36365
-9.12604
-9.64543
-9.96233
-10.1391
-10.235
-10.3011
-10.4128
-10.6954
-11.2095
-11.7937
-12.3108
-12.7677
-13.189
-13.5765
-13.9186
-14.2059
-14.437
-14.617
-14.768
-14.941
-15.2751
-15.9977
-17.5086
-18.2426
-17.8172
-17.2847
-16.96
-16.7043
-16.4046
-16.0677
-15.7222
-15.3729
-15.0138
-14.6416
-14.2552
-13.8533
-13.4318
-12.9832
-12.4964
-11.9489
-11.318
-10.5222
-10.1511
-9.84472
-9.4346
-8.95
-8.40541
-7.71499
-6.78498
-4.99612
-2.4799
)
;
    }
    outlet
    {
        type            freestreamPressure;
        freestreamValue uniform 0;
        value           nonuniform List<scalar> 
160
(
0.0109606
0.010953
0.0109669
0.0109441
0.0109733
0.0109355
0.0109794
0.0109263
0.0109851
0.0109161
0.0109905
0.010905
0.0109956
0.0108926
0.0110003
0.0108794
0.0110043
0.0108652
0.0110074
0.0108497
0.0110098
0.0108329
0.0110114
0.0108149
0.0110119
0.0107957
0.0110112
0.010775
0.0110091
0.010753
0.0110054
0.0107296
0.0110002
0.0107048
0.0109931
0.0106789
0.0109839
0.0106517
0.0109724
0.0106234
0.0109587
0.0105945
0.0109422
0.0105649
0.0109231
0.0105351
0.0109009
0.0105059
0.0108756
0.0104777
0.0108472
0.0104513
0.0108151
0.0104281
0.0107794
0.0104098
0.0107404
0.0103988
0.0106975
0.0103973
0.0106509
0.0104048
0.0106007
0.010416
0.0105469
0.0104225
0.0104896
0.0104239
0.0104293
0.0104519
0.010366
0.0105988
0.0103002
0.0110174
0.0102325
0.0118568
0.010163
0.0131254
0.0100924
0.0145513
0.010022
0.0155578
0.00995206
0.0154301
0.00988286
0.0136305
0.00981575
0.0101221
0.00975172
0.00552307
0.00969081
0.000942902
0.00963394
-0.00249884
0.00958188
-0.00420194
0.00953441
-0.00430781
0.00949189
-0.00347667
0.00945434
-0.00242796
0.00942168
-0.0015954
0.00939359
-0.00107593
0.00936972
-0.00078417
0.0093494
-0.000618103
0.00933248
-0.00052821
0.00931893
-0.000504276
0.00930819
-0.000544248
0.00930018
-0.000639628
0.00929423
-0.000777582
0.00928986
-0.000945734
0.00928604
-0.00113406
0.00928207
-0.00133412
0.00927517
-0.00153962
0.00926078
-0.00174346
0.00923204
-0.00194596
0.0091986
-0.00213631
0.00922254
-0.00231042
0.00917612
-0.00242219
0.0091101
-0.00256276
0.00906242
-0.00261122
0.00908324
-0.00284121
0.00921954
-0.00262475
0.00958669
-0.00333993
0.0101395
-0.00200745
0.010374
-0.00492309
0.0117409
0.00101746
0.013133
-0.0103996
0.00311838
0.0140497
0.0378483
-0.0282199
)
;
    }
    walls
    {
        type            zeroGradient;
    }
    frontAndBack
    {
        type            empty;
    }
}


// ************************************************************************* //
