/*--------------------------------*- C++ -*----------------------------------*\
| =========                 |                                                 |
| \\      /  F ield         | OpenFOAM: The Open Source CFD Toolbox           |
|  \\    /   O peration     | Version:  v1806                                 |
|   \\  /    A nd           | Web:      www.OpenFOAM.com                      |
|    \\/     M anipulation  |                                                 |
\*---------------------------------------------------------------------------*/
FoamFile
{
    version     2.0;
    format      ascii;
    class       volScalarField;
    location    "243";
    object      p;
}
// * * * * * * * * * * * * * * * * * * * * * * * * * * * * * * * * * * * * * //

dimensions      [0 2 -2 0 0 0 0];


internalField   nonuniform List<scalar> 
10720
(
1586.88
1740.57
1854.69
1907.96
1913.49
1870.95
1763.87
1604.78
1408.18
1186.56
948.322
702.82
458.299
220.067
-7.05724
-217.855
-410.552
-578.776
-722.14
-834.426
-915.531
-960.171
-974.082
-959.18
-927.063
-897.874
-870.652
-833.656
-786.783
-731.787
-668.931
-598.563
-520.973
-436.01
-343.179
-238.792
-118.653
44.4699
267.983
1394.37
1165.47
859.542
492.686
81.2461
-365.182
-810.831
-1196.58
-1481.48
-1679.04
-1786.14
-1813.93
-1799.43
-1758.98
-1696.68
-1632.08
-1567.6
-1510
-1461.05
-1426.18
-1403.35
-1392.83
-1389.94
-1388.01
-1366.84
-1318.5
-1256.52
-1185.75
-1106.4
-1018.27
-922.329
-819.56
-710.511
-594.751
-471.436
-336.41
-184.216
11.6498
270.546
1571.12
1685.86
1775.29
1827.12
1836.43
1799.25
1714.11
1587.69
1426.76
1238.82
1030.95
810.577
584.973
360.073
141.245
-66.358
-259.121
-431.728
-581.687
-703.963
-796.73
-856.508
-886.12
-887.475
-870.971
-852.733
-832.867
-802.342
-760.989
-710.65
-651.777
-584.765
-509.97
-427.298
-336.275
-233.269
-114.205
48.2381
265.37
1434.54
1266.53
1051.9
789.61
488.346
156.086
-186.524
-509.428
-788.943
-1018.25
-1191.79
-1308.47
-1379.86
-1416.11
-1425.87
-1421.1
-1406.18
-1386.81
-1367.25
-1352.74
-1343.54
-1340.72
-1341.52
-1340.3
-1321.73
-1279.09
-1222.63
-1156.91
-1082.17
-998.223
-906.008
-806.453
-700.098
-586.557
-464.997
-331.323
-180.219
14.9988
267.77
1497.87
1596.81
1673.95
1721.09
1733.3
1706.92
1640.18
1535.47
1396.38
1228.78
1039.06
833.775
619.852
403.6
190.757
-13.3958
-204.281
-377.077
-528.2
-653.421
-750.171
-815.772
-851.277
-859.618
-849.273
-833.61
-814.754
-786.025
-746.637
-698.185
-641.159
-575.858
-502.591
-421.239
-331.292
-229.136
-110.748
50.64
261.605
1379.83
1235.25
1050.96
822.397
557.764
262.055
-51.5634
-360.838
-643.066
-883.634
-1074.66
-1211.09
-1299.33
-1350.63
-1374.15
-1378.54
-1370.26
-1355.27
-1338.55
-1324.53
-1314.85
-1310.6
-1309.69
-1307.05
-1290.31
-1252.37
-1199.98
-1137.64
-1065.86
-984.596
-894.731
-797.209
-692.572
-580.475
-460.073
-327.321
-176.996
17.0819
263.938
1410.9
1495.42
1562.95
1606.25
1620.38
1602.03
1549.4
1463.47
1346.24
1201.91
1035.32
851.616
656.688
456.26
255.854
60.7322
-124.257
-294.329
-445.325
-573.147
-674.686
-747.377
-791.527
-809.895
-809.127
-800.112
-786.072
-762.027
-726.766
-681.77
-627.711
-564.926
-493.767
-414.155
-325.599
-224.556
-107.118
52.6559
257.411
1311.06
1190.22
1036.15
845.21
624.453
375.736
108.799
-158.295
-408.56
-630.435
-816.344
-962.347
-1071.22
-1149.55
-1202.1
-1234.01
-1250.64
-1257.16
-1258.17
-1257.83
-1258.54
-1261.39
-1264.95
-1264.98
-1251.99
-1219.43
-1171.87
-1113.69
-1045.66
-967.801
-880.939
-786.012
-683.576
-573.319
-454.409
-322.876
-173.655
18.6634
259.119
1318.72
1392.62
1452.64
1492.46
1507.62
1495.25
1453.71
1383.03
1283.94
1159.36
1012.8
848.204
670.556
484.931
296.51
110.462
-68.2189
-234.69
-384.455
-513.427
-618.11
-695.991
-746.777
-772.54
-778.751
-774.387
-763.298
-742.093
-709.496
-666.873
-615.008
-554.23
-484.867
-406.831
-319.61
-219.704
-103.344
54.5224
252.723
1231.62
1127.04
993.561
827.593
635.888
418.413
182.275
-57.7128
-288.026
-499.269
-684.13
-837.733
-959.629
-1052.23
-1118.73
-1163.4
-1191.32
-1207.32
-1215.76
-1220.53
-1224.3
-1228.34
-1231.75
-1231.12
-1219.05
-1189.65
-1145.56
-1090.63
-1025.72
-950.837
-866.714
-774.245
-673.963
-565.573
-448.23
-318.041
-170.143
19.9929
253.325
1227.91
1293.16
1346.9
1383.57
1399.05
1390.91
1357.71
1299.13
1215.16
1107.83
979.658
833.522
673.472
503.813
329.143
154.302
-15.8151
-176.463
-323.029
-451.332
-557.71
-639.531
-695.952
-728.559
-741.763
-742.817
-735.678
-718.224
-689.2
-649.751
-600.71
-542.422
-475.208
-398.996
-313.286
-214.66
-99.5377
56.0765
247.471
1151.27
1060.02
943.52
798.416
631.262
440.897
232.788
19.6963
-187.22
-380.66
-554.044
-702.744
-825.687
-923.933
-999.849
-1056.47
-1097.19
-1125.51
-1144.93
-1158.81
-1169.68
-1178.86
-1185.86
-1187.94
-1179.33
-1154.82
-1115.63
-1065.01
-1003.95
-932.562
-851.541
-761.779
-663.821
-557.416
-441.746
-313.016
-166.631
20.8949
246.594
1140.93
1199.08
1247.57
1281.29
1296.57
1291.45
1264.6
1215.6
1144.03
1051.3
939.154
809.624
665.919
511.568
350.539
187.257
26.3181
-127.664
-270.079
-396.712
-503.785
-588.514
-649.639
-688.154
-707.508
-713.474
-709.896
-695.711
-669.822
-633.179
-586.666
-530.657
-465.464
-391.017
-306.814
-209.519
-95.7514
57.2889
241.737
1072.77
992.127
889.117
760.568
612.816
444.038
258.484
67.3575
-119.942
-297.799
-460.619
-604.113
-727.065
-829.601
-912.747
-978.059
-1027.85
-1064.76
-1091.86
-1112.01
-1127.59
-1139.89
-1148.72
-1151.92
-1145.04
-1123.62
-1087.96
-1040.65
-982.761
-914.42
-836.243
-749.053
-653.372
-548.965
-435.016
-307.848
-163.151
21.3427
239.08
1058.97
1111.15
1155.13
1186.12
1200.86
1197.85
1175.84
1134.4
1072.97
992.532
894.278
779.61
651.009
511.293
363.805
212.44
61.422
-84.8762
-221.981
-345.729
-452.277
-538.705
-603.415
-646.839
-671.609
-682.283
-682.379
-671.597
-649.029
-615.419
-571.65
-518.121
-455.127
-382.597
-300.039
-204.222
-91.983
58.1532
235.589
997.898
926.045
834.218
719.434
587.787
437.102
270.785
98.8546
-70.5907
-233.144
-384.046
-519.452
-638.262
-740.209
-825.629
-895.472
-951.331
-995.111
-1029.05
-1055.39
-1076.1
-1092.35
-1104.12
-1109.75
-1105.74
-1088.29
-1056.99
-1013.76
-959.642
-894.825
-819.854
-735.514
-642.323
-540.079
-427.999
-302.541
-159.716
21.3617
230.962
982.372
1029.47
1069.51
1097.98
1111.99
1110.42
1092.12
1056.72
1003.6
933.456
847.139
745.551
630.595
504.48
369.941
230.343
89.475
-48.6247
-179.712
-299.733
-404.84
-492.013
-559.379
-606.869
-636.364
-651.393
-655.029
-647.493
-628.105
-597.442
-556.36
-505.285
-444.495
-373.918
-293.068
-198.832
-88.2775
58.643
229.031
927.307
862.804
780.324
677.05
558.845
423.306
273.241
117.68
-36.2019
-184.945
-324.516
-451.52
-565.121
-664.957
-751.012
-823.784
-884.19
-933.367
-972.877
-1004.38
-1029.46
-1049.12
-1063.43
-1071.08
-1069.33
-1055
-1027.28
-987.55
-936.773
-875.179
-803.238
-721.664
-630.951
-530.908
-420.774
-297.15
-156.374
20.9396
222.336
911.113
953.832
990.393
1016.54
1029.74
1029.14
1013.68
983.121
936.828
875.327
799.226
709.085
606.355
492.723
370.387
242.216
111.506
-18.075
-142.575
-258.096
-360.884
-447.861
-516.928
-567.584
-601.061
-620.027
-627.074
-622.712
-606.476
-578.797
-540.465
-491.919
-433.42
-364.889
-285.852
-193.332
-84.6396
58.7537
222.078
861.199
802.951
728.422
634.939
528.13
405.5
269.371
128.014
-12.1506
-148.346
-277.131
-395.473
-502.83
-598.912
-683.532
-756.923
-819.577
-872.137
-915.623
-951.201
-980.03
-1002.88
-1019.8
-1029.75
-1030.57
-1019.58
-995.681
-959.735
-912.575
-854.441
-785.738
-707.111
-619.032
-521.333
-413.285
-291.662
-153.138
20.0642
213.259
844.97
883.876
917.354
941.363
953.698
953.731
940.499
913.856
873.197
818.963
751.605
671.439
579.563
477.257
366.262
248.958
128.184
7.20751
-110.344
-220.81
-320.574
-406.551
-476.481
-529.489
-566.259
-588.724
-598.986
-597.664
-584.476
-559.732
-524.14
-478.139
-421.972
-355.552
-278.417
-187.737
-81.0872
58.4888
214.747
799.526
746.651
678.955
593.894
496.851
385.305
261.222
132.211
4.09271
-120.864
-239.664
-349.627
-450.469
-542.028
-624.071
-696.749
-760.308
-815.009
-861.442
-900.297
-932.332
-958.044
-977.431
-989.615
-992.825
-984.797
-964.34
-931.895
-888.145
-833.336
-767.804
-692.116
-606.709
-511.425
-405.571
-286.098
-150.032
18.7361
203.785
783.646
819.199
849.924
871.975
883.445
883.871
872.387
848.936
812.971
764.876
705.006
633.517
551.246
459.144
358.57
251.482
140.279
27.8278
-82.5987
-187.608
-283.76
-368.02
-438.026
-492.609
-531.986
-557.475
-570.705
-572.277
-562.032
-540.182
-507.335
-463.91
-410.13
-345.896
-270.76
-182.058
-77.6319
57.8521
207.07
742.111
693.91
632.14
554.397
465.809
363.882
250.303
132.098
14.6204
-100.25
-209.887
-311.896
-406.18
-492.722
-571.352
-642.193
-705.37
-760.916
-809.088
-850.219
-884.71
-912.808
-934.417
-948.738
-954.304
-949.159
-932.077
-903.148
-862.867
-811.454
-749.18
-676.529
-593.899
-501.147
-397.616
-280.462
-147.066
16.9702
193.945
726.806
759.398
787.646
807.909
818.533
819.189
809.09
788.262
756.235
713.354
659.917
595.977
522.18
439.225
348.156
250.565
148.455
44.308
-58.9631
-158.257
-250.352
-332.298
-401.692
-457.136
-498.464
-526.492
-542.405
-546.696
-539.262
-520.233
-490.108
-449.268
-397.915
-335.934
-262.892
-176.304
-74.2837
56.8573
199.076
688.728
644.613
588.036
516.7
435.506
341.985
237.619
128.945
20.8938
-84.9392
-186.224
-280.79
-368.694
-450.065
-524.801
-593.08
-654.971
-710.375
-759.343
-801.945
-838.283
-868.359
-891.955
-908.288
-916.083
-913.616
-899.671
-874.081
-837.155
-789.071
-730.034
-660.445
-580.653
-490.522
-389.438
-274.766
-144.252
14.7788
183.772
674.124
704.084
730.097
748.722
758.533
759.306
750.319
731.672
702.975
664.545
616.652
559.285
492.955
418.173
335.72
246.881
153.324
57.1623
-39.0374
-132.477
-220.178
-299.319
-367.499
-423.154
-465.816
-495.898
-514.175
-520.984
-516.21
-499.915
-472.477
-434.228
-385.337
-325.674
-254.824
-170.487
-71.0559
55.5204
190.799
639.11
598.607
546.605
480.931
406.24
320.133
223.919
123.682
24.0192
-73.7104
-167.392
-255.055
-336.869
-413.074
-483.656
-548.858
-608.765
-663.222
-712.154
-755.447
-792.978
-824.546
-849.799
-867.938
-877.801
-877.835
-866.853
-844.488
-810.866
-766.093
-710.312
-643.834
-566.956
-479.548
-381.039
-269.02
-141.597
12.1895
173.304
625.286
652.884
676.88
694.007
703.055
703.861
695.774
678.966
653.1
618.492
575.4
523.776
464.027
396.522
321.85
241.038
155.458
66.8949
-22.4216
-109.991
-193.079
-269.023
-335.477
-390.762
-434.186
-465.841
-486.138
-495.241
-492.959
-479.287
-454.486
-418.819
-372.416
-315.132
-246.567
-164.618
-67.9544
53.8572
182.279
593.004
555.703
507.769
447.126
378.205
298.676
209.709
116.996
24.8249
-65.6065
-152.379
-233.674
-309.749
-380.928
-447.265
-509.092
-566.526
-619.427
-667.657
-710.984
-749.126
-781.722
-808.303
-828.026
-839.776
-842.112
-833.883
-814.577
-784.149
-742.626
-690.079
-626.735
-552.832
-468.237
-372.43
-263.233
-139.109
9.22319
162.587
579.98
605.456
627.628
643.393
651.728
652.507
645.161
629.916
606.481
575.177
536.262
489.663
435.719
374.699
307.037
233.55
155.356
73.9553
-8.73338
-90.495
-168.85
-241.313
-305.615
-360.025
-403.688
-436.453
-458.416
-469.562
-469.586
-458.411
-436.178
-403.07
-359.173
-304.322
-238.134
-158.709
-64.9885
51.8923
173.557
550.161
515.719
471.411
415.271
351.496
277.842
195.357
109.386
23.9425
-59.905
-140.396
-215.834
-286.538
-352.889
-415.017
-473.314
-527.964
-578.851
-625.842
-668.637
-706.86
-740.033
-767.586
-788.626
-802.039
-806.471
-800.786
-784.371
-757.029
-718.69
-669.356
-609.165
-538.291
-456.602
-363.622
-257.415
-136.789
5.91365
151.665
537.941
561.506
582.02
596.542
604.21
604.929
598.204
584.294
562.963
534.537
499.267
457.084
408.274
353.03
291.668
224.839
153.448
78.7477
2.38318
-73.7048
-147.288
-216.068
-277.88
-330.982
-374.412
-407.846
-431.121
-444.041
-446.175
-437.351
-417.602
-387.019
-345.635
-293.265
-229.542
-152.773
-62.1603
49.6515
164.672
510.34
478.465
437.414
385.322
326.16
257.783
181.13
101.225
21.85
-56.0414
-130.808
-200.865
-266.568
-328.343
-386.364
-441.095
-492.771
-541.334
-586.67
-628.472
-666.312
-699.64
-727.82
-749.904
-764.748
-771.052
-767.692
-753.982
-729.592
-694.354
-648.189
-591.154
-523.358
-444.657
-354.627
-251.573
-134.639
2.29381
140.585
498.917
520.752
539.755
553.143
560.191
560.838
554.635
541.88
522.386
496.477
464.411
426.121
381.856
331.756
276.053
215.264
150.115
81.6513
11.2714
-59.332
-128.176
-193.151
-252.211
-303.647
-346.434
-380.129
-404.367
-418.781
-422.811
-416.181
-398.814
-370.707
-331.833
-281.984
-220.809
-146.819
-59.4729
47.1653
155.674
473.32
443.758
405.647
357.212
302.211
238.594
167.215
92.8011
18.9163
-53.5633
-123.107
-188.222
-249.289
-306.755
-360.831
-412.031
-460.652
-506.688
-550.066
-590.506
-627.571
-660.675
-689.139
-711.978
-728.004
-735.951
-734.693
-723.493
-701.91
-669.673
-626.625
-572.738
-508.055
-432.422
-345.46
-245.716
-132.655
-1.5957
129.404
462.674
482.937
500.566
512.918
519.398
519.96
514.204
502.46
484.582
460.891
431.651
396.804
356.575
311.068
260.449
205.129
145.691
83.0015
18.2455
-47.1086
-111.303
-172.416
-228.542
-278.021
-319.806
-353.391
-378.256
-393.877
-399.583
-394.975
-379.873
-354.18
-317.803
-270.506
-211.953
-140.861
-56.9253
44.4666
146.611
438.894
411.427
375.983
330.863
279.634
220.334
153.744
84.3197
15.4307
-52.1159
-116.882
-177.459
-234.233
-287.662
-337.988
-385.755
-431.31
-474.708
-515.924
-554.722
-590.687
-623.236
-651.67
-674.98
-691.929
-701.281
-701.898
-693.004
-674.066
-644.717
-604.717
-553.958
-492.413
-419.916
-336.133
-239.852
-130.83
-5.71513
118.174
429.001
447.836
464.21
475.618
481.576
482.049
476.682
465.832
449.383
427.656
400.923
369.136
332.504
291.104
245.052
194.68
140.453
83.0875
23.5882
-36.775
-96.4555
-153.714
-206.786
-254.081
-294.567
-327.707
-352.882
-369.425
-376.578
-373.812
-360.846
-337.492
-303.584
-258.859
-202.998
-134.909
-54.5142
41.5904
137.53
406.876
381.314
348.295
306.195
258.395
203.028
140.807
75.938
11.6107
-51.4253
-111.816
-168.215
-221.012
-270.673
-317.455
-361.925
-404.464
-445.182
-484.109
-521.069
-555.681
-587.386
-615.5
-639.006
-656.63
-667.146
-669.407
-662.609
-646.146
-619.558
-582.524
-534.858
-476.466
-407.166
-326.667
-233.983
-129.153
-10.0194
106.949
397.71
415.239
430.464
441.014
446.493
446.878
441.858
431.804
416.628
396.653
372.154
343.096
309.673
271.95
230.007
184.109
134.631
82.1657
27.562
-28.088
-83.4252
-136.882
-186.837
-231.786
-270.732
-303.137
-328.326
-345.519
-353.885
-352.771
-341.801
-320.696
-289.22
-247.078
-193.964
-128.973
-52.2323
38.5757
128.484
377.093
353.268
322.462
283.122
238.456
186.684
128.463
67.7653
7.61653
-51.2789
-107.644
-160.199
-209.319
-255.471
-298.92
-340.244
-379.855
-417.905
-454.483
-489.47
-522.536
-553.168
-580.707
-604.155
-622.207
-633.648
-637.323
-632.411
-618.241
-594.274
-560.111
-515.49
-460.253
-394.198
-317.075
-228.118
-127.61
-14.4605
95.7873
368.624
384.957
399.13
408.897
413.939
414.243
409.535
400.194
386.16
367.757
345.259
318.643
288.096
253.672
215.428
173.579
128.425
80.4572
30.392
-20.831
-72.0184
-121.766
-168.59
-211.08
-248.298
-279.724
-304.66
-322.242
-331.589
-331.934
-322.81
-303.854
-274.759
-235.199
-184.878
-123.066
-50.0716
35.4629
119.525
349.387
327.149
298.369
261.56
219.769
171.295
116.75
59.8897
3.58405
-51.501
-104.159
-153.164
-198.881
-241.767
-282.091
-320.437
-357.234
-392.674
-426.897
-459.835
-491.219
-520.591
-547.341
-570.499
-588.747
-600.879
-605.745
-602.505
-590.441
-568.946
-537.547
-495.91
-443.816
-381.044
-307.379
-222.256
-126.185
-18.9917
84.7484
341.58
356.819
370.026
379.08
383.726
383.954
379.531
370.837
357.834
340.846
320.148
295.728
267.766
236.31
201.401
163.215
121.995
78.1467
32.2783
-14.8037
-62.0507
-108.209
-151.93
-191.904
-227.251
-257.494
-281.94
-299.67
-309.772
-311.381
-303.946
-287.029
-260.252
-223.259
-175.765
-117.195
-48.0211
32.2891
110.701
323.611
302.829
275.907
241.428
202.28
156.843
105.688
52.3683
-0.387285
-51.9569
-101.187
-146.91
-189.477
-229.33
-266.735
-302.274
-336.39
-369.307
-401.203
-432.061
-461.675
-489.652
-515.434
-538.097
-556.329
-568.929
-574.767
-572.989
-562.84
-543.658
-514.905
-476.178
-427.202
-367.736
-297.595
-216.402
-124.856
-23.5627
73.8874
316.433
330.668
342.988
351.392
355.676
355.84
351.679
343.574
331.51
315.804
296.731
274.291
248.659
219.881
187.984
153.116
115.474
75.3981
33.4021
-9.81805
-53.3476
-96.0615
-136.743
-174.18
-207.56
-236.46
-260.214
-277.874
-288.515
-291.192
-285.285
-270.285
-245.754
-211.302
-166.651
-111.371
-46.0669
29.0968
102.065
299.629
280.187
254.977
222.647
185.937
143.305
95.2858
45.2451
-4.22918
-52.5424
-98.5979
-141.279
-180.925
-217.958
-252.641
-285.548
-317.124
-347.62
-377.247
-406.036
-433.835
-460.318
-484.993
-506.986
-525.011
-537.874
-544.475
-543.953
-535.529
-518.496
-492.26
-456.36
-410.463
-354.31
-287.747
-210.554
-123.599
-28.1235
63.2629
293.049
306.357
317.866
325.675
329.631
329.742
325.824
318.261
307.054
292.515
274.918
254.271
230.745
204.386
175.215
143.357
108.971
72.3456
33.9152
-5.71701
-45.7518
-85.1849
-122.914
-157.828
-189.183
-216.619
-239.51
-256.907
-267.881
-271.441
-266.9
-253.691
-231.321
-199.369
-157.565
-105.6
-44.195
25.9258
93.6623
277.319
259.111
235.48
205.141
170.684
130.652
85.5407
38.5411
-7.88562
-53.1742
-96.2818
-136.142
-173.074
-207.484
-239.629
-270.075
-299.262
-327.456
-354.893
-381.649
-407.628
-432.559
-456.019
-477.195
-494.844
-507.779
-514.95
-515.484
-508.596
-493.546
-469.69
-436.519
-393.651
-340.806
-277.851
-204.715
-122.39
-32.6247
52.9294
271.304
283.759
294.522
301.787
305.446
305.514
301.825
294.763
284.343
270.87
254.617
235.599
213.984
189.818
163.118
133.992
102.572
69.1001
33.9502
-2.35829
-39.1214
-75.445
-110.331
-142.765
-172.077
-197.963
-219.855
-236.818
-247.937
-252.2
-248.865
-237.313
-217.009
-187.507
-148.533
-99.8942
-42.3875
22.8153
85.5401
256.567
239.498
217.328
188.833
156.467
118.849
76.4446
32.2757
-11.3152
-53.789
-94.1523
-131.389
-165.8
-197.775
-227.559
-255.703
-282.647
-308.663
-334.007
-358.789
-382.965
-406.317
-428.488
-448.737
-465.863
-478.704
-486.263
-487.668
-482.13
-468.892
-447.277
-416.727
-376.821
-327.262
-267.932
-198.882
-121.202
-37.0175
42.9398
251.085
262.754
272.827
279.597
282.988
283.021
279.55
272.954
263.26
250.766
235.741
218.208
198.33
176.157
151.702
125.059
96.3408
65.7542
33.6178
0.383413
-33.3271
-66.7161
-98.885
-128.907
-156.181
-180.468
-201.254
-217.646
-228.738
-233.535
-231.247
-221.219
-202.878
-175.758
-139.588
-94.2586
-40.6293
19.7979
77.7395
237.265
221.251
200.436
173.654
143.234
107.862
67.9807
26.4541
-14.491
-54.3391
-92.1434
-126.934
-158.998
-188.705
-216.294
-242.294
-267.138
-291.104
-314.461
-337.349
-359.759
-381.531
-402.374
-421.606
-438.09
-450.693
-458.475
-460.575
-456.212
-444.62
-425.099
-397.054
-360.032
-313.718
-258.012
-193.053
-120.006
-41.259
33.3432
232.286
243.228
252.666
258.983
262.133
262.141
258.879
252.719
243.696
232.105
218.206
202.029
183.738
163.378
140.966
116.584
90.33
62.3806
33.0128
2.6184
-28.2535
-58.8865
-88.4738
-116.168
-141.438
-164.102
-183.708
-199.411
-210.331
-215.506
-214.112
-205.472
-188.987
-164.17
-130.755
-88.7028
-38.9062
16.9106
70.2965
219.316
204.281
184.725
159.538
130.93
97.6546
60.1312
21.0751
-17.3952
-54.788
-90.2022
-122.711
-152.588
-180.183
-205.728
-229.733
-252.619
-274.664
-296.146
-317.225
-337.927
-358.144
-377.635
-395.793
-411.54
-423.782
-431.64
-434.274
-430.917
-420.808
-403.233
-377.571
-343.341
-300.219
-248.108
-187.227
-118.778
-45.2999
24.1855
214.812
225.08
233.932
239.836
242.769
242.76
239.699
233.947
225.549
214.791
201.928
186.997
170.154
151.452
130.902
108.583
84.5774
59.0398
32.2117
4.43799
-23.7973
-51.8536
-78.9992
-104.469
-127.789
-148.832
-167.208
-182.131
-192.756
-198.166
-197.523
-190.135
-175.388
-152.789
-122.066
-83.2335
-37.1966
14.1814
63.2448
202.63
188.504
170.119
146.422
119.505
88.1901
52.874
16.134
-20.0176
-55.1109
-88.2869
-118.665
-146.502
-172.132
-195.774
-217.922
-238.981
-259.232
-278.952
-298.317
-317.384
-336.083
-354.225
-371.271
-386.209
-397.993
-405.798
-408.822
-406.316
-397.533
-381.754
-358.347
-326.809
-286.805
-238.248
-181.403
-117.485
-49.1039
15.5071
198.572
208.216
216.526
222.052
224.79
224.774
221.905
216.538
208.724
198.739
186.831
173.045
157.531
140.342
121.495
101.058
79.1077
55.7782
31.2801
5.91946
-19.874
-45.5245
-70.3746
-93.7269
-115.166
-134.612
-151.735
-165.811
-176.04
-181.557
-181.531
-175.264
-162.139
-141.656
-113.547
-77.8585
-35.4908
11.6397
56.6127
187.122
173.842
156.55
134.245
108.909
79.4309
46.1853
11.6199
-22.355
-55.2896
-86.3681
-114.751
-140.682
-164.481
-186.355
-206.776
-226.139
-244.715
-262.785
-280.537
-298.045
-315.278
-332.094
-348.014
-362.093
-373.338
-380.983
-384.268
-382.469
-374.861
-360.733
-339.447
-310.492
-273.521
-228.449
-175.578
-116.106
-52.6318
7.34148
183.484
192.549
200.358
205.537
208.1
208.084
205.402
200.398
193.129
183.863
172.84
160.107
145.815
130.015
112.724
94.0108
73.9387
52.6293
30.2704
7.13211
-16.4035
-39.817
-62.5148
-83.8673
-103.507
-121.396
-137.264
-150.45
-160.202
-165.718
-166.185
-160.912
-149.289
-130.815
-105.224
-72.5864
-33.7741
9.30596
50.4205
172.715
160.224
143.952
122.949
99.0961
71.34
40.0409
7.51848
-24.4097
-55.3161
-84.4232
-110.937
-135.087
-157.176
-177.405
-196.224
-214.01
-231.031
-247.562
-263.799
-279.835
-295.665
-311.189
-325.985
-339.174
-349.82
-357.219
-360.651
-359.429
-352.856
-340.237
-320.939
-294.444
-260.407
-218.737
-169.751
-114.616
-55.8524
-0.281724
169.47
177.996
185.341
190.204
192.611
192.6
190.099
185.439
178.681
170.084
159.882
148.124
134.956
120.431
104.568
87.4304
69.0792
49.6214
29.2251
8.13035
-13.3201
-34.6591
-55.3486
-74.819
-92.7494
-109.138
-123.766
-136.036
-145.253
-150.676
-151.525
-147.127
-136.884
-120.305
-97.1257
-67.4262
-32.0357
7.19881
44.6831
159.337
147.581
132.262
112.482
90.0187
63.8812
34.4135
3.81458
-26.1865
-55.1845
-82.4401
-107.2
-129.683
-150.178
-168.875
-186.205
-202.528
-218.105
-233.206
-248.028
-262.679
-277.175
-291.453
-305.143
-317.429
-327.437
-334.519
-338.002
-337.243
-331.575
-320.327
-302.879
-278.72
-247.502
-209.132
-163.925
-112.993
-58.7365
-7.33796
156.458
164.483
171.397
175.971
178.237
178.24
175.914
171.579
165.302
157.33
147.89
137.033
124.902
111.55
96.9979
81.3067
64.5321
46.7717
28.175
8.95943
-10.5689
-29.9871
-48.8085
-66.5183
-82.8355
-97.7894
-111.207
-122.554
-131.194
-136.45
-137.583
-133.947
-124.965
-110.162
-89.2748
-62.3846
-30.2683
5.33214
39.4116
146.917
135.85
121.424
102.789
81.6331
57.0188
29.2751
0.491538
-27.6942
-54.8952
-80.4083
-103.522
-124.444
-143.45
-160.722
-176.669
-191.637
-205.875
-219.651
-233.157
-246.51
-259.748
-272.834
-285.445
-296.831
-306.175
-312.887
-316.346
-315.946
-311.063
-301.054
-285.324
-263.37
-234.845
-199.655
-158.099
-111.223
-61.2634
-13.8101
144.381
151.94
158.454
162.762
164.902
164.924
162.767
158.742
152.917
145.53
136.799
126.778
115.606
103.334
89.9868
75.6235
60.2944
44.0894
27.1451
9.65538
-8.10134
-25.7448
-42.8337
-58.9019
-73.7064
-87.2998
-99.5495
-109.984
-118.022
-123.052
-124.383
-121.405
-113.569
-100.417
-81.6939
-57.4731
-28.4655
3.71448
34.6081
135.395
124.971
111.382
93.8251
73.8976
50.7175
24.6011
-2.47127
-28.9436
-54.4492
-78.3209
-99.8877
-119.347
-136.963
-152.908
-167.573
-181.285
-194.287
-206.834
-219.12
-231.264
-243.321
-255.275
-266.848
-277.348
-286.019
-292.321
-295.691
-295.565
-291.359
-282.468
-268.323
-248.438
-222.473
-190.327
-152.281
-109.292
-63.4152
-19.6897
133.177
140.301
146.444
150.508
152.536
152.58
150.588
146.858
141.458
134.618
126.548
117.304
107.018
95.7435
83.5055
70.3614
56.3597
41.5821
26.1534
10.2497
-5.87875
-21.8854
-37.3723
-51.9171
-65.309
-77.6212
-88.7561
-98.298
-105.723
-110.483
-111.941
-109.527
-102.724
-91.0994
-74.4034
-52.6994
-26.627
2.34807
30.2707
124.709
114.888
102.085
85.5422
66.7719
44.9441
20.3634
-5.09189
-29.9473
-53.8526
-76.1787
-96.2908
-114.38
-130.698
-145.409
-158.883
-171.434
-183.294
-194.706
-205.863
-216.885
-227.838
-238.726
-249.305
-258.945
-266.945
-272.814
-276.044
-276.118
-272.493
-264.605
-251.917
-233.965
-210.419
-181.171
-146.472
-107.192
-65.1815
-24.9713
122.788
129.505
135.303
139.143
141.07
141.141
139.309
135.858
130.86
124.533
117.08
108.557
99.0916
88.7384
77.5231
65.5006
52.7174
39.2502
25.2125
10.7641
-3.86734
-18.3681
-32.377
-45.5125
-57.5932
-68.7064
-78.7856
-87.4667
-94.2812
-98.7408
-100.266
-98.3307
-92.4541
-82.2308
-67.4214
-48.0733
-24.7537
1.23283
26.3913
114.805
105.55
93.4854
77.8965
60.2169
39.6653
16.5351
-7.39125
-30.7192
-53.1147
-73.9834
-92.7287
-109.534
-124.638
-138.201
-150.571
-162.049
-172.855
-183.222
-193.336
-203.321
-213.247
-223.134
-232.772
-241.584
-248.926
-254.35
-257.405
-257.617
-254.487
-247.495
-236.141
-219.985
-198.71
-172.203
-140.681
-104.917
-66.5584
-29.6574
113.159
119.497
124.974
128.607
130.444
130.545
128.867
125.681
121.061
115.216
108.339
100.488
91.7839
82.2821
72.0096
61.0191
49.3561
37.0915
24.33
11.217
-2.04042
-15.1567
-27.8059
-39.6429
-50.511
-60.5093
-69.5967
-77.4565
-83.6729
-87.8145
-89.3578
-87.8251
-82.7741
-73.8294
-60.7623
-43.6048
-22.8485
0.362435
22.9569
105.631
96.9068
85.5365
70.8473
54.1963
34.85
13.0909
-9.39121
-31.2749
-52.2443
-71.7391
-89.1987
-104.8
-118.771
-131.265
-142.614
-153.1
-162.934
-172.339
-181.495
-190.522
-199.498
-208.452
-217.204
-225.225
-231.928
-236.908
-239.762
-240.063
-237.354
-231.162
-221.023
-206.527
-187.374
-163.443
-134.917
-102.47
-67.5444
-33.7556
104.239
110.222
115.399
118.842
120.598
120.732
119.202
116.269
112.006
106.613
100.275
93.0479
85.0507
76.3373
66.9345
56.895
46.2615
35.1011
23.5099
11.6218
-0.375894
-12.2227
-23.6237
-34.2676
-44.019
-52.9864
-61.1493
-68.2332
-73.8717
-77.6869
-79.2109
-78.0139
-73.6944
-65.9078
-54.4391
-39.3034
-20.919
-0.272511
19.9506
97.1376
88.9128
78.1962
64.3551
48.6751
30.467
10.0049
-11.111
-31.6295
-51.2527
-69.4515
-85.7018
-100.175
-113.088
-124.587
-134.99
-144.561
-153.501
-162.023
-170.298
-178.446
-186.545
-194.634
-202.556
-209.831
-215.922
-220.463
-223.101
-223.45
-221.099
-215.619
-206.584
-193.616
-176.432
-154.908
-129.189
-99.8559
-68.1485
-37.2801
95.9804
101.63
106.528
109.795
111.48
111.646
110.26
107.567
103.641
98.6725
92.8372
86.1927
78.8518
70.8675
62.2681
53.1042
43.4178
33.2708
22.7528
11.987
1.14366
-9.54052
-19.7979
-29.3486
-38.077
-46.0959
-53.402
-59.7597
-64.8474
-68.3362
-69.8123
-68.8932
-65.2179
-58.474
-48.4608
-35.1777
-18.9741
-0.686249
17.3502
89.2798
81.5245
71.4233
58.3828
43.6197
26.4881
7.25232
-12.5708
-31.7988
-50.1506
-67.1281
-82.242
-95.6573
-107.582
-118.158
-127.683
-136.411
-144.531
-152.243
-159.71
-167.052
-174.344
-181.634
-188.785
-195.36
-200.869
-204.986
-207.402
-207.769
-205.721
-200.872
-192.837
-181.269
-165.903
-146.614
-123.512
-97.0831
-68.3809
-40.248
88.3389
93.6769
98.3129
101.418
103.038
103.239
101.991
99.5253
95.9171
91.3465
85.9817
79.8795
73.1478
65.839
57.9813
49.6244
40.8082
31.5918
22.0579
12.3194
2.53244
-7.08846
-16.301
-24.8535
-32.6474
-39.7977
-46.3154
-51.9985
-56.5674
-59.7367
-61.1444
-60.4528
-57.3418
-51.5307
-42.8335
-31.2365
-17.0248
-0.895251
15.1315
82.0148
74.7013
65.1803
52.8953
38.9988
22.8845
4.80912
-13.791
-31.7993
-48.9503
-64.7767
-78.8222
-91.2469
-102.25
-111.968
-120.683
-128.634
-135.999
-142.97
-149.7
-156.303
-162.858
-169.413
-175.85
-181.772
-186.735
-190.447
-192.639
-193.002
-191.211
-186.922
-179.789
-169.496
-155.8
-138.575
-117.895
-94.1639
-68.2577
-42.683
81.2722
86.3176
90.7089
93.6635
95.2247
95.4613
94.3445
92.0952
88.7864
84.5896
79.6648
74.0677
67.9017
61.2183
54.0461
46.4324
38.4162
30.0539
21.4217
12.6233
3.8012
-4.84901
-13.109
-20.752
-27.6952
-34.0539
-39.8501
-44.9112
-48.9962
-51.8579
-53.1834
-52.6772
-50.0576
-45.0754
-37.5605
-27.4875
-15.0833
-0.919132
13.2674
75.3023
68.4052
59.431
47.86
34.782
19.63
2.65229
-14.791
-31.6465
-47.6646
-62.4061
-75.4484
-86.9454
-97.0891
-106.011
-113.976
-121.212
-127.887
-134.18
-140.238
-146.169
-152.049
-157.93
-163.709
-169.027
-173.48
-176.811
-178.783
-179.127
-177.554
-173.76
-167.438
-158.304
-146.134
-130.802
-112.355
-91.1148
-67.8003
-44.6108
74.7412
79.5114
83.6736
86.4885
87.9965
88.2686
87.2777
85.2327
82.2058
78.3594
73.8456
68.7192
63.0787
56.9743
50.4349
43.506
36.2255
28.6463
20.8395
12.9004
4.95928
-2.80636
-10.1994
-17.0166
-23.1885
-28.8289
-33.9683
-38.46
-42.0971
-44.6674
-45.9024
-45.5457
-43.3521
-39.1023
-32.642
-23.9372
-13.1629
-0.779082
11.728
69.1047
62.5997
54.1418
43.2451
30.9408
16.6988
0.759661
-15.5898
-31.356
-46.3047
-60.0253
-72.1256
-82.7556
-92.0983
-100.281
-107.555
-114.134
-120.177
-125.852
-131.297
-136.615
-141.881
-147.147
-152.324
-157.086
-161.067
-164.041
-165.803
-166.116
-164.73
-161.375
-155.781
-147.694
-136.909
-123.307
-106.905
-87.954
-67.0319
-46.0612
68.7089
73.2205
77.1675
79.8524
81.312
81.6192
80.7483
78.8962
76.1345
72.6165
68.4866
63.7984
58.6457
53.0772
47.1219
40.8237
34.219
27.3578
20.3061
13.1517
6.01366
-0.947387
-7.5534
-13.6225
-19.0971
-24.0882
-28.6328
-32.6066
-35.8328
-38.1305
-39.2711
-39.034
-37.2076
-33.601
-28.0757
-20.5905
-11.277
-0.49786
10.4831
63.3866
57.2513
49.2806
39.0211
27.4482
14.0666
-0.890197
-16.2047
-30.9426
-44.8832
-57.6433
-68.8598
-78.6793
-87.2764
-94.7746
-101.411
-107.387
-112.852
-117.964
-122.852
-127.615
-132.323
-137.03
-141.657
-145.909
-149.457
-152.1
-153.664
-153.941
-152.713
-149.747
-144.803
-137.66
-128.13
-116.097
-101.559
-84.7017
-65.9795
-47.0675
63.141
67.409
71.154
73.7176
75.1328
75.4742
74.7171
73.047
70.5343
67.3239
63.552
59.2716
54.5714
49.4988
44.0825
38.3648
32.3806
26.1771
19.8156
13.3771
6.96979
0.739666
-5.15324
-10.5468
-15.393
-19.7996
-23.8077
-27.3133
-30.1655
-32.2109
-33.2565
-33.1143
-31.603
-28.5579
-23.8559
-17.4515
-9.43907
-0.0985662
9.50128
58.1146
52.3283
44.8175
35.1601
24.2788
11.7112
-2.31654
-16.6539
-30.4208
-43.4115
-55.2685
-65.6571
-74.7193
-82.6235
-89.4879
-95.5374
-100.96
-105.897
-110.497
-114.881
-119.14
-123.344
-127.543
-131.671
-135.458
-138.61
-140.95
-142.33
-142.568
-141.477
-138.854
-134.491
-128.194
-119.793
-109.18
-96.3308
-81.3794
-64.6724
-47.6633
58.0049
62.0436
65.5984
68.0485
69.4228
69.797
69.1476
67.6489
65.3699
62.4467
59.0088
55.1075
50.8268
46.2126
41.2933
36.1095
30.6945
25.0929
19.3618
13.5752
7.83226
2.26479
-2.98336
-7.76802
-12.0499
-15.9323
-19.4591
-22.5434
-25.0573
-26.8714
-27.8242
-27.7562
-26.514
-23.9565
-19.9751
-14.5222
-7.66197
0.39564
8.75125
53.2576
47.8007
40.7242
31.6362
21.4085
9.61013
-3.53932
-16.9533
-29.8046
-41.9009
-52.9096
-62.5228
-70.879
-78.1391
-84.4177
-89.9271
-94.8435
-99.2995
-103.434
-107.361
-111.166
-114.915
-118.655
-122.329
-125.696
-128.489
-130.553
-131.762
-131.962
-130.989
-128.669
-124.825
-119.283
-111.896
-102.558
-91.233
-78.0082
-63.1398
-47.885
53.2703
57.0928
60.4685
62.8121
64.1482
64.5537
64.0059
62.6681
60.6078
57.953
54.8259
51.2766
47.3846
43.194
38.7324
34.0391
29.146
24.0947
18.9384
13.7453
8.60515
3.63723
-1.02946
-5.26672
-9.04308
-12.4569
-15.5535
-18.2606
-20.4703
-22.0744
-22.9382
-22.9278
-21.9142
-19.7779
-16.4235
-11.8033
-5.95698
0.962242
8.20203
48.7865
43.6405
36.9744
28.4244
18.8146
7.74373
-4.57612
-17.1186
-29.1066
-40.3619
-50.5746
-59.463
-67.1609
-73.8238
-79.5613
-84.5743
-89.0277
-93.0461
-96.7595
-100.274
-103.669
-107.007
-110.334
-113.599
-116.585
-119.054
-120.869
-121.924
-122.086
-121.216
-119.165
-115.781
-110.913
-104.43
-96.2339
-86.2776
-74.6105
-61.4133
-47.7691
48.9088
52.5273
55.7341
57.9774
59.2777
59.7127
59.2601
58.073
56.217
53.8124
50.9745
47.7517
44.2193
40.4195
36.3795
32.1365
27.7211
23.1724
18.5398
13.8856
9.29168
4.86535
0.72224
-3.02426
-6.34909
-9.34542
-12.0591
-14.43
-16.3679
-17.7827
-18.5626
-18.5962
-17.776
-16.0013
-13.1894
-9.29365
-4.33494
1.57984
7.82387
44.6738
39.8214
33.543
25.5015
16.4758
6.09199
-5.44393
-17.1643
-28.3395
-38.8041
-48.2708
-56.4818
-63.5677
-69.677
-74.9157
-79.4728
-83.5036
-87.1243
-90.4563
-93.5979
-96.6244
-99.5934
-102.549
-105.447
-108.091
-110.267
-111.859
-112.774
-112.902
-112.123
-110.31
-107.334
-103.064
-97.3864
-90.2079
-81.4752
-71.2074
-59.5226
-47.3526
44.8938
48.3196
51.3667
53.5154
54.7818
55.2442
54.8807
53.8342
52.1687
49.9971
47.4277
44.5074
41.3072
37.8676
34.2151
30.385
26.4066
22.3164
18.1601
13.995
9.89508
5.95717
2.28424
-1.02326
-3.9459
-6.57146
-8.9453
-11.018
-12.7142
-13.9592
-14.6611
-14.7279
-14.0704
-12.6046
-10.2595
-6.99058
-2.80437
2.22849
7.58837
40.8937
36.3187
30.4067
22.846
14.3718
4.63718
-6.15907
-17.1043
-27.5144
-37.2366
-46.0051
-53.584
-60.1009
-65.6978
-70.4772
-74.6166
-78.2618
-81.5219
-84.5094
-87.3158
-90.011
-92.6491
-95.2719
-97.8406
-100.177
-102.093
-103.484
-104.276
-104.372
-103.673
-102.072
-99.456
-95.7167
-90.7524
-84.4778
-76.8348
-67.8188
-57.4977
-46.6715
41.2002
44.4439
47.34
49.3991
50.633
51.1205
50.84
49.9244
48.4362
46.481
44.1604
41.5199
38.6263
35.5183
32.2216
28.7698
25.1904
21.518
17.7945
14.0723
10.4185
6.92009
3.66882
0.753013
-1.81241
-4.10969
-6.183
-7.99206
-9.47419
-10.568
-11.1982
-11.2893
-10.7682
-9.56502
-7.61942
-4.88984
-1.37237
2.89019
7.46895
37.4222
33.1093
27.5437
20.437
12.4841
3.36216
-6.73632
-16.9511
-26.642
-35.6679
-43.7832
-50.7731
-56.7618
-61.8853
-66.2422
-69.9995
-73.2936
-76.2266
-78.9033
-81.4085
-83.8069
-86.1492
-88.4744
-90.7483
-92.8113
-94.4938
-95.7079
-96.3896
-96.4587
-95.8308
-94.4159
-92.1198
-88.8487
-84.5149
-79.04
-72.3639
-64.4636
-55.3679
-45.762
37.8047
40.8761
43.6292
45.6032
46.8058
47.316
47.1122
46.3183
44.9946
43.2399
41.1496
38.7675
36.1564
33.3532
30.3827
27.2768
24.0616
20.7691
17.4381
14.1166
10.8649
7.7612
4.88712
2.32016
0.0712791
-1.93599
-3.74441
-5.32126
-6.61461
-7.57439
-8.13923
-8.24763
-7.84011
-6.85917
-5.25376
-2.9858
-0.04434
3.54877
7.44104
34.2368
30.1717
24.9331
18.2556
10.7949
2.25126
-7.18919
-16.7167
-25.732
-34.1055
-41.6104
-48.0523
-53.5512
-58.2377
-62.2066
-65.6147
-68.5897
-71.227
-73.6236
-75.8584
-77.9913
-80.0693
-82.1289
-84.14
-85.9594
-87.4354
-88.4923
-89.0777
-89.1235
-88.5594
-87.3096
-85.2955
-82.4372
-78.6589
-73.8892
-68.0676
-61.1585
-53.1595
-44.6576
34.6856
37.5938
40.2112
42.1042
43.2764
43.8066
43.6735
42.992
41.8206
40.2513
38.3737
36.2298
33.8786
31.3552
28.6834
25.8934
23.0098
20.0624
17.087
14.1271
11.2373
8.4876
5.95026
3.69329
1.72437
-0.0274891
-1.60309
-2.97605
-4.10353
-4.94499
-5.45066
-5.57089
-5.2575
-4.46361
-3.14643
-1.27162
1.17613
4.19041
7.48236
31.3162
27.4854
22.556
16.2838
9.28768
1.28957
-7.53092
-16.4117
-24.7932
-32.556
-39.4915
-45.4239
-50.4694
-54.7532
-58.3662
-61.4556
-64.1406
-66.5107
-68.6555
-70.6481
-72.5439
-74.3864
-76.2097
-77.9869
-79.5896
-80.8832
-81.8022
-82.3031
-82.3295
-81.8226
-80.7194
-78.9537
-76.4586
-73.1682
-69.0186
-63.9502
-57.9182
-50.8978
-43.3909
31.8222
34.576
37.0645
38.8801
40.0223
40.57
40.5016
39.9238
38.8928
37.4946
35.813
33.8883
31.7757
29.5087
27.11
24.608
22.0259
19.3916
16.7376
14.1038
11.5391
9.1062
6.86894
4.88683
3.16487
1.63744
0.266003
-0.928418
-1.91065
-2.64799
-3.10045
-3.22814
-2.9924
-2.35526
-1.28116
0.260427
2.28718
4.80331
7.57316
28.6409
25.0314
20.3942
14.5049
7.94721
0.463249
-7.77347
-16.0465
-23.8336
-31.0253
-37.4301
-42.8895
-47.516
-51.429
-54.7159
-57.5148
-59.937
-62.066
-63.9847
-65.7606
-67.4449
-69.0779
-70.691
-72.2607
-73.6719
-74.8045
-75.6024
-76.0302
-76.0409
-75.5855
-74.6119
-73.0651
-70.8888
-68.0262
-64.4203
-60.0137
-54.7559
-48.6055
-41.9922
29.1956
31.8028
34.1689
35.9102
37.023
37.5853
37.5758
37.0931
36.1914
34.9506
33.4492
31.7258
29.8319
27.7993
25.6498
23.4101
21.1018
18.7509
16.3872
14.0467
11.7737
9.62373
7.65333
5.91444
4.4099
3.07931
1.88648
0.847992
-0.00736364
-0.6534
-1.0582
-1.18992
-1.01785
-0.511424
0.358677
1.61908
3.28844
5.37798
7.69599
26.1923
22.7922
18.431
12.9032
6.75895
-0.240371
-7.92778
-15.63
-22.8603
-29.5186
-35.4295
-40.4503
-44.6898
-48.262
-51.2505
-53.7849
-55.9691
-57.8807
-59.5966
-61.179
-62.675
-64.1219
-65.5488
-66.9347
-68.1766
-69.1676
-69.8599
-70.2246
-70.2229
-69.8141
-68.9552
-67.601
-65.704
-63.2158
-60.0854
-56.2588
-51.6821
-46.3031
-40.4894
26.788
29.2562
31.5056
33.1756
34.259
34.8333
34.877
34.4811
33.698
32.6016
31.2655
29.7265
28.0327
26.2141
24.2916
22.2902
20.2302
18.1354
16.0333
13.9564
11.9444
10.0468
8.31331
6.78931
5.47584
4.31753
3.2806
2.37802
1.63321
1.06703
0.704767
0.571645
0.69187
1.08983
1.78943
2.81364
4.18098
5.9069
7.83589
23.9531
20.751
16.6507
11.464
5.70978
-0.833238
-8.00397
-15.1707
-21.8799
-28.0404
-33.4919
-38.1065
-41.9892
-45.2484
-47.9644
-50.2583
-52.2272
-53.9431
-55.4772
-56.8869
-58.2156
-59.4974
-60.7591
-61.9827
-63.0753
-63.9424
-64.5428
-64.8533
-64.8419
-64.4754
-63.7182
-62.5331
-60.8805
-58.7193
-56.0042
-52.6846
-48.7058
-44.0086
-38.908
24.5827
26.9189
29.0572
30.6585
31.7125
32.296
32.3873
32.0703
31.3955
30.4313
29.2465
27.876
26.3647
24.7412
23.0251
21.2398
19.4044
17.5408
15.674
13.8336
12.0549
10.3819
8.85849
7.52396
6.37807
5.37028
4.46918
3.68484
3.03618
2.53969
2.21532
2.08279
2.1611
2.46946
3.02722
3.85392
4.96716
6.38452
7.98028
21.9074
18.8925
15.0386
10.1739
4.78715
-1.32629
-8.01141
-14.676
-20.8979
-26.5944
-31.6192
-35.858
-39.4118
-42.3841
-44.8513
-46.9269
-48.7012
-50.2412
-51.6127
-52.8684
-54.0485
-55.1839
-56.2999
-57.38
-58.3413
-59.0998
-59.6205
-59.8848
-59.8663
-59.5381
-58.871
-57.8344
-56.3955
-54.5193
-52.166
-49.2888
-45.8337
-41.7375
-37.2708
22.5643
24.775
26.8073
28.3422
29.3668
29.9567
30.0902
29.8447
29.2683
28.4247
27.3777
26.1609
24.816
23.3697
21.8409
20.2514
18.6188
16.9635
15.3082
13.6794
12.1089
10.6356
9.298
8.1303
7.13119
6.25469
5.47173
4.79005
4.22492
3.78918
3.49846
3.36807
3.41274
3.64746
4.08773
4.74995
5.65034
6.80707
8.1188
20.0402
17.2024
13.5813
9.02027
3.97973
-1.72961
-7.9586
-14.1526
-19.9191
-25.1834
-29.8124
-33.7039
-36.9552
-39.6646
-41.9049
-43.7824
-45.3811
-46.7631
-47.9892
-49.1079
-50.1559
-51.162
-52.149
-53.1027
-53.9487
-54.6124
-55.0642
-55.2892
-55.2659
-54.9724
-54.3851
-53.4787
-52.2264
-50.5985
-48.56
-46.0681
-43.0706
-39.5032
-35.5982
20.7184
22.8099
24.7408
26.2114
27.2064
27.7999
27.9705
27.7891
27.302
26.5679
25.6464
24.5692
23.3753
22.09
20.7308
19.3181
17.8684
16.4004
14.9347
13.4951
12.1101
10.814
9.64059
8.61954
7.74881
6.98667
6.30638
5.71375
5.22105
4.83821
4.57736
4.45026
4.46818
4.64269
4.98608
5.51196
6.23477
7.1723
8.24317
18.3375
15.6672
12.266
7.99137
3.27693
-2.05251
-7.85331
-13.6066
-18.9479
-23.81
-28.072
-31.6429
-34.6161
-37.0848
-39.1186
-40.8166
-42.2568
-43.497
-44.5932
-45.59
-46.521
-47.4128
-48.2861
-49.1285
-49.8733
-50.4544
-50.8466
-51.0383
-51.0121
-50.7501
-50.2333
-49.4413
-48.3518
-46.9399
-45.175
-43.0183
-40.4199
-37.3163
-33.9078
19.0315
21.0097
22.8437
24.252
25.2169
25.8115
26.0142
25.89
25.4832
24.8482
24.0404
23.0899
22.0329
20.8931
19.6871
18.4339
17.1489
15.8489
14.5529
13.2823
12.0622
10.9231
9.89463
9.00233
8.24374
7.58112
6.98995
6.47448
6.04454
5.70775
5.47338
5.35041
5.34729
5.47287
5.73675
6.15003
6.72537
7.47932
8.347
16.7865
14.2746
11.0809
7.07627
2.66881
-2.3035
-7.70238
-13.0435
-17.9878
-22.4759
-26.398
-29.6732
-32.3909
-34.6397
-36.4856
-38.0209
-39.3184
-40.4315
-41.4116
-42.3
-43.1275
-43.9181
-44.6912
-45.4357
-46.0918
-46.6011
-46.942
-47.1057
-47.078
-46.8446
-46.3903
-45.6985
-44.7511
-43.5269
-41.9995
-40.1338
-37.8831
-35.1859
-32.2149
17.4912
19.3615
21.1029
22.4506
23.3852
23.9782
24.208
24.1344
23.7996
23.254
22.5489
21.7128
20.7794
19.771
18.7032
17.5936
16.4564
15.3071
14.1628
13.0427
11.9691
10.969
10.0681
9.28873
8.62801
8.05188
7.53801
7.08938
6.71382
6.41708
6.2062
6.0879
6.06849
6.15455
6.35347
6.67419
7.12756
7.72849
8.42559
15.375
13.0128
10.0152
6.26493
2.14634
-2.49051
-7.51235
-12.4679
-17.042
-21.1823
-24.79
-27.7928
-30.2761
-32.3238
-33.9987
-35.387
-36.5559
-37.5549
-38.4316
-39.2237
-39.9593
-40.6607
-41.3455
-42.0039
-42.5825
-43.0293
-43.3261
-43.4662
-43.4383
-43.2309
-42.832
-42.2281
-41.4045
-40.3434
-39.022
-37.4089
-35.4606
-33.1188
-30.5327
16.086
17.8537
19.5062
20.7949
21.6988
22.2877
22.5401
22.5108
22.2401
21.7746
21.1617
20.4286
19.6067
18.7167
17.7731
16.7924
15.7877
14.7731
13.7641
12.7779
11.8343
10.957
10.1685
9.48812
8.91274
8.41177
7.9649
7.57414
7.24569
6.98382
6.79379
6.68056
6.64872
6.70308
6.84923
7.09419
7.44714
7.92105
8.47565
14.0919
11.8712
9.05855
5.5479
1.701
-2.6209
-7.28912
-11.8842
-16.1126
-19.9299
-23.247
-25.9991
-28.2673
-30.1314
-31.651
-32.9061
-33.9592
-34.8562
-35.6406
-36.347
-37.0014
-37.6241
-38.2311
-38.8139
-39.3246
-39.7172
-39.9762
-40.0966
-40.0695
-39.8858
-39.5358
-39.009
-38.2933
-37.374
-36.2312
-34.8371
-33.1517
-31.12
-28.8717
14.8054
16.4753
18.0428
19.2738
20.1466
20.7289
20.9994
21.0084
20.7942
20.4002
19.8698
19.229
18.5072
17.7235
16.8914
16.0261
15.1399
14.2457
13.3573
12.49
11.6616
10.8927
10.2031
9.60931
9.10832
8.67263
8.28383
7.94318
7.65555
7.42405
7.25256
7.14465
7.10356
7.13271
7.23621
7.41949
7.6901
8.05905
8.49516
12.927
10.84
8.20193
4.91682
1.32532
-2.70111
-7.03785
-11.2963
-15.2018
-18.7189
-21.7678
-24.2892
-26.3602
-28.0568
-29.4352
-30.57
-31.5188
-32.3243
-33.0264
-33.6568
-34.2393
-34.7925
-35.3311
-35.8475
-36.2989
-36.6444
-36.871
-36.975
-36.9494
-36.7872
-36.4806
-36.0215
-35.4
-34.6038
-33.6159
-32.4116
-30.9544
-29.1933
-27.2409
13.6398
15.2166
16.7025
17.8771
18.7181
19.2913
19.5756
19.6172
19.4524
19.1217
18.6646
18.1063
17.4743
16.7857
16.0532
15.291
14.5106
13.7236
12.9424
12.1808
11.4543
10.7811
10.1784
9.66042
9.22427
8.84529
8.50685
8.20961
7.9574
7.7524
7.59742
7.49497
7.44722
7.45652
7.52579
7.6591
7.86254
8.14517
8.48321
11.871
9.91046
7.43703
4.36414
1.01273
-2.73656
-6.76257
-10.7071
-14.3109
-17.5497
-20.3513
-22.6605
-24.5505
-26.094
-27.3442
-28.3702
-29.2253
-29.9487
-30.5774
-31.1403
-31.6592
-32.1511
-32.6293
-33.0875
-33.487
-33.7918
-33.9906
-34.081
-34.0577
-33.9149
-33.6469
-33.2471
-32.7077
-32.0186
-31.165
-30.1252
-28.8661
-27.3408
-25.6473
12.5793
14.0674
15.4752
16.5946
17.4037
17.9653
18.2594
18.3281
18.2058
17.9309
17.5381
17.0531
16.5017
15.8981
15.2541
14.5838
13.8976
13.206
12.5201
11.8521
11.2157
10.6268
10.1005
9.64894
9.26931
8.93963
8.6449
8.38535
8.16393
7.98215
7.84194
7.74499
7.69271
7.68658
7.72858
7.82164
7.97056
8.18254
8.43983
10.9145
9.07337
6.75504
3.88185
0.756175
-2.73309
-6.46729
-10.1186
-13.44
-16.422
-18.9966
-21.1104
-22.834
-24.2375
-25.3711
-26.2986
-27.0692
-27.7192
-28.2823
-28.7853
-29.2478
-29.6855
-30.1108
-30.5177
-30.8719
-31.1414
-31.3165
-31.3958
-31.3751
-31.2501
-31.0164
-30.6688
-30.2011
-29.605
-28.8679
-27.9707
-26.8836
-25.5635
-24.0963
11.6141
13.0181
14.3511
15.4168
16.1936
16.7418
17.0419
17.1328
17.0466
16.8208
16.4833
16.0632
15.584
15.0559
14.4902
13.9014
13.2991
12.6923
12.0908
11.5057
10.949
10.4346
9.9753
9.58188
9.25153
8.96472
8.70796
8.48116
8.28657
8.12515
7.99822
7.90682
7.85175
7.83385
7.85436
7.91527
8.02021
8.17472
8.36595
10.0478
8.31915
6.14677
3.46081
0.54698
-2.69883
-6.15888
-9.5352
-12.5866
-15.3315
-17.7002
-19.6349
-21.2055
-22.481
-23.5089
-24.3474
-25.0419
-25.6259
-26.1306
-26.5801
-26.9927
-27.3826
-27.761
-28.123
-28.4377
-28.6765
-28.8314
-28.9016
-28.8838
-28.775
-28.5717
-28.27
-27.8651
-27.35
-26.7141
-25.9405
-25.0026
-23.8613
-22.5916
10.7382
12.0621
13.3234
14.3365
15.0805
15.6129
15.9157
16.0238
15.9679
15.7856
15.494
15.1312
14.7165
14.2546
13.7576
13.2408
12.7128
12.1812
11.6546
11.1429
10.6567
10.208
9.80788
9.46553
9.17833
8.92896
8.70532
8.50708
8.33594
8.19247
8.07748
7.99156
7.93507
7.90837
7.9121
7.94751
8.01723
8.12521
8.2627
9.26483
7.64196
5.60621
3.09544
0.379665
-2.63924
-5.84391
-8.96321
-11.7521
-14.2761
-16.458
-18.2285
-19.6584
-20.8174
-21.7495
-22.5077
-23.1337
-23.6587
-24.1112
-24.5134
-24.8817
-25.2293
-25.5666
-25.8891
-26.1691
-26.3815
-26.5194
-26.5822
-26.5678
-26.4738
-26.2978
-26.0366
-25.6866
-25.2421
-24.6941
-24.0278
-23.2195
-22.2337
-21.1365
9.95119
11.1985
12.3901
13.3504
14.0603
14.5735
14.8749
14.9938
14.9622
14.8172
14.5617
14.2517
13.8952
13.4901
13.0527
12.5996
12.1377
11.6724
11.212
10.7653
10.3414
9.95066
9.6026
9.30509
9.05574
8.83918
8.6446
8.47148
8.32108
8.19364
8.08962
8.00926
7.95259
7.91961
7.91054
7.92597
7.96775
8.03844
8.13279
8.56605
7.0429
5.13654
2.79039
0.260204
-2.54716
-5.5152
-8.3982
-10.95
-13.2708
-15.2786
-16.8939
-18.1923
-19.2438
-20.0882
-20.773
-21.337
-21.8086
-22.2143
-22.5741
-22.9031
-23.2133
-23.5143
-23.8021
-24.0517
-24.2413
-24.3645
-24.4215
-24.4105
-24.3301
-24.1784
-23.953
-23.6514
-23.2686
-22.7972
-22.2243
-21.5286
-20.6784
-19.7314
9.24805
10.4217
11.5452
12.4529
13.1266
13.6167
13.9119
14.034
14.0222
13.9051
13.6732
13.4188
13.118
12.7596
12.373
11.9773
11.5744
11.1681
10.7661
10.3769
10.0081
9.66844
9.36611
9.10787
8.89153
8.70353
8.53424
8.38298
8.25068
8.13741
8.04329
7.96836
7.91238
7.87511
7.85641
7.85637
7.87615
7.91701
7.97652
7.94689
6.51836
4.73548
2.54554
0.191833
-2.41561
-5.15946
-7.82054
-10.1719
-12.3262
-14.1719
-15.6331
-16.8057
-17.758
-18.5216
-19.1387
-19.6455
-20.0686
-20.4321
-20.7538
-21.0476
-21.3244
-21.5931
-21.8502
-22.0735
-22.2433
-22.3545
-22.4072
-22.4002
-22.3325
-22.2027
-22.0093
-21.7501
-21.4213
-21.0166
-20.5249
-19.9271
-19.1952
-18.3794
8.70574
9.81972
10.8838
11.7355
12.3612
12.8048
13.0612
13.1451
13.1109
12.9571
12.7205
12.5688
12.3666
12.0726
11.7459
11.4136
11.0714
10.7209
10.3712
10.0311
9.70773
9.40893
9.14232
8.91422
8.72289
8.55637
8.40601
8.27114
8.15256
8.04996
7.96349
7.89297
7.83813
7.79849
7.77367
7.76341
7.76832
7.78856
7.82406
7.46851
6.11139
4.41676
2.34566
0.135304
-2.29885
-4.809
-7.19642
-9.21951
-11.3519
-13.125
-14.4862
-15.5819
-16.4801
-17.1994
-17.7781
-18.2518
-18.6472
-18.9862
-19.2859
-19.5594
-19.8169
-20.0669
-20.3064
-20.5148
-20.6734
-20.7776
-20.8281
-20.8244
-20.7657
-20.6512
-20.4799
-20.2499
-19.9584
-19.5998
-19.1642
-18.6346
-17.9857
-17.2628
8.27547
9.33868
10.3467
11.1403
11.7091
12.0909
12.2871
12.3074
12.2212
11.9887
11.7148
11.6984
11.6214
11.4058
11.1474
10.884
10.6055
10.3112
10.012
9.7176
9.43505
9.172
8.9359
8.73302
8.56225
8.41318
8.27803
8.15619
8.04857
7.95428
7.87362
7.80648
7.7525
7.71098
7.68132
7.66295
7.65604
7.65972
7.67522
7.08977
5.78859
4.16435
2.19069
0.105673
-2.16326
-4.43343
-6.54522
-8.20112
-10.377
-12.1344
-13.4299
-14.4782
-15.3492
-16.0473
-16.6061
-17.0625
-17.4431
-17.769
-18.0569
-18.3192
-18.5664
-18.8064
-19.0366
-19.2375
-19.3908
-19.4922
-19.5428
-19.5423
-19.4904
-19.3867
-19.2305
-19.0205
-18.7548
-18.4285
-18.0326
-17.5518
-16.9621
-16.3051
7.85604
8.86854
9.82106
10.5579
11.0719
11.3946
11.5342
11.4952
11.3599
11.0538
10.7472
10.8394
10.8736
10.732
10.5365
10.3371
10.1194
9.87991
9.63007
9.38056
9.13834
8.91057
8.70455
8.52648
8.37591
8.24398
8.12373
8.01458
7.91764
7.83134
7.75632
7.69263
7.63992
7.59729
7.56393
7.53899
7.52222
7.51207
7.51268
6.72259
5.47841
3.92624
2.05223
0.092594
-2.01087
-4.05055
-5.90766
-7.21542
-9.40085
-11.1433
-12.3749
-13.3704
-14.2098
-14.8852
-15.4234
-15.8617
-16.2269
-16.5397
-16.8156
-17.0667
-17.3033
-17.5336
-17.7549
-17.9486
-18.097
-18.1966
-18.2482
-18.2521
-18.2083
-18.1167
-17.9767
-17.7881
-17.5488
-17.2547
-16.8981
-16.4649
-15.9334
-15.346
7.45
8.41225
9.31019
9.99214
10.4534
10.72
10.8064
10.7117
10.5301
10.1537
9.8173
9.99294
10.123
10.0509
9.91381
9.77304
9.61282
9.42608
9.22425
9.01871
8.8163
8.62352
8.44724
8.29352
8.16262
8.04745
7.94187
7.8454
7.75934
7.6811
7.61156
7.55088
7.49869
7.45399
7.41594
7.38362
7.3564
7.33109
7.31032
6.369
5.18214
3.70287
1.92955
0.0940789
-1.84399
-3.66535
-5.27826
-6.27601
-8.42675
-10.1485
-11.3228
-12.2634
-13.0669
-13.7175
-14.2346
-14.6542
-15.0035
-15.3025
-15.5663
-15.8063
-16.0324
-16.2527
-16.4649
-16.651
-16.7937
-16.89
-16.9409
-16.9471
-16.9091
-16.8269
-16.7007
-16.5305
-16.3151
-16.0508
-15.7311
-15.3429
-14.8648
-14.3302
7.06103
7.9739
8.81851
9.4478
9.8585
10.0716
10.1077
9.95939
9.73296
9.28533
8.92098
9.15729
9.36708
9.35933
9.27722
9.19085
9.08476
8.94879
8.79349
8.63078
8.46749
8.30959
8.16332
8.03429
7.92311
7.82422
7.73248
7.6478
7.57217
7.50223
7.43957
7.38462
7.33692
7.29502
7.25768
7.22356
7.19213
7.16167
7.14365
6.03217
4.90246
3.49597
1.8232
0.109045
-1.66539
-3.28243
-4.65812
-5.3895
-7.4627
-9.14998
-10.2728
-11.1589
-11.923
-12.5463
-13.0416
-13.442
-13.7747
-14.0595
-14.3109
-14.5399
-14.7561
-14.9671
-15.1718
-15.3528
-15.494
-15.5918
-15.6475
-15.6621
-15.6358
-15.5689
-15.4617
-15.3144
-15.1257
-14.8928
-14.6097
-14.2658
-13.8448
-13.3908
6.69257
7.5575
8.35054
8.92943
9.29172
9.45384
9.44222
9.24087
8.96962
8.44554
8.05253
8.32965
8.60382
8.65423
8.6236
8.58841
8.53424
8.44797
8.33837
8.2174
8.09196
7.96756
7.8502
7.74572
7.65533
7.5745
7.49819
7.42581
7.35927
7.29421
7.23241
7.17489
7.12187
7.07251
7.02611
6.98154
6.93672
6.88391
6.82057
5.71475
4.64103
3.30634
1.73223
0.135567
-1.47902
-2.90658
-4.05125
-4.55792
-6.51505
-8.14886
-9.22402
-10.0584
-10.7805
-11.374
-11.8466
-12.2281
-12.5446
-12.8151
-13.0532
-13.2695
-13.4733
-13.6723
-13.865
-14.0343
-14.1651
-14.2547
-14.3049
-14.317
-14.2916
-14.2295
-14.1315
-13.9984
-13.8296
-13.6232
-13.3735
-13.0686
-12.6859
-12.2418
6.34866
7.16821
7.91206
8.44255
8.75719
8.86936
8.81009
8.55316
8.23463
7.62584
7.20141
7.50406
7.83072
7.93271
7.9483
7.95987
7.95535
7.91879
7.8565
7.77948
7.69386
7.6038
7.51404
7.43017
7.3556
7.28944
7.22856
7.17322
7.12583
7.07954
7.03757
7.00075
6.96751
6.93532
6.90253
6.86799
6.8331
6.80099
6.79956
5.4192
4.39856
3.13269
1.65316
0.169116
-1.29052
-2.54265
-3.46218
-3.78152
-5.58912
-7.14772
-8.17577
-8.96161
-9.64082
-10.2023
-10.6498
-11.0108
-11.3113
-11.5705
-11.801
-12.0121
-12.2119
-12.4084
-12.6013
-12.776
-12.9172
-13.0205
-13.0876
-13.1197
-13.117
-13.0802
-13.0097
-12.9057
-12.7676
-12.5935
-12.3798
-12.1217
-11.8143
-11.5169
6.03382
6.81175
7.50978
7.99378
8.26043
8.32159
8.20928
7.88845
7.51765
6.81478
6.35085
6.66863
7.04262
7.19343
7.25147
7.30411
7.34257
7.3503
7.33266
7.30025
7.25861
7.2109
7.1602
7.10869
7.05563
6.99972
6.93954
6.87577
6.81289
6.74777
6.68149
6.61524
6.55152
6.49076
6.43314
6.37645
6.31303
6.22322
6.08352
5.14832
4.17587
2.97316
1.58107
0.203454
-1.10737
-2.19658
-2.89636
-3.05896
-4.68794
-6.14913
-7.12738
-7.86693
-8.50343
-9.03349
-9.45735
-9.79507
-10.069
-10.299
-10.5
-10.6835
-10.8587
-11.0325
-11.202
-11.35
-11.4631
-11.541
-11.5862
-11.5999
-11.5828
-11.5366
-11.4627
-11.3626
-11.2368
-11.0837
-10.8976
-10.6625
-10.3444
-9.92184
5.75156
6.49154
7.148
7.58948
7.81064
7.82258
7.65146
7.26021
6.83297
6.01532
5.48431
5.80613
6.22447
6.42535
6.5326
6.63365
6.71721
6.76469
6.78209
6.78123
6.76794
6.74565
6.72074
6.70248
6.69549
6.69677
6.70039
6.7069
6.71654
6.71251
6.70921
6.70812
6.70443
6.69406
6.6757
6.65113
6.6302
6.63119
6.71812
4.90624
3.97743
2.83193
1.5181
0.23788
-0.936822
-1.8796
-2.36343
-2.3888
-3.81273
-5.15448
-6.07934
-6.77472
-7.36397
-7.85567
-8.26033
-8.60075
-8.89453
-9.15208
-9.37966
-9.5841
-9.77328
-9.95749
-10.1432
-10.3235
-10.481
-10.607
-10.7024
-10.7683
-10.805
-10.8125
-10.7904
-10.7385
-10.6565
-10.5443
-10.4031
-10.2414
-10.0806
-10.0201
5.50387
6.20906
6.8286
7.23364
7.41673
7.38818
7.16217
6.71177
6.22625
5.24089
4.59034
4.91174
5.36044
5.59063
5.74198
5.9074
6.0656
6.18728
6.27269
6.33125
6.36599
6.37312
6.34558
6.28031
6.19193
6.10117
6.01166
5.92065
5.83679
5.76239
5.68765
5.60513
5.52869
5.46328
5.40437
5.34313
5.25877
5.10654
4.81283
4.69633
3.80859
2.71614
1.4719
0.27706
-0.786224
-1.60688
-1.8743
-1.77112
-2.96633
-4.16123
-5.02575
-5.68932
-6.24376
-6.68284
-7.00612
-7.23772
-7.41285
-7.56226
-7.70423
-7.84717
-7.99523
-8.14859
-8.29428
-8.40892
-8.48761
-8.53833
-8.56392
-8.56521
-8.54369
-8.50177
-8.44249
-8.36827
-8.28022
-8.17573
-8.0445
-7.85511
-7.54275
-7.01442
5.29791
5.97794
6.56685
6.93673
7.07989
7.00481
6.71451
6.20628
5.62761
4.40221
3.62229
3.99579
4.48686
4.70492
4.83065
4.98899
5.17095
5.34695
5.51161
5.67109
5.83141
6.00154
6.19021
6.3946
6.57409
6.70527
6.80035
6.88644
6.96351
6.98148
7.00966
7.03063
7.03123
7.01348
6.9836
6.95189
6.95416
7.04937
7.38848
4.51651
3.65762
2.60408
1.41496
0.29269
-0.67813
-1.37528
-1.41394
-1.20213
-2.15831
-3.17302
-3.94725
-4.56623
-5.11977
-5.62912
-6.09467
-6.50871
-6.85782
-7.14019
-7.36586
-7.55048
-7.71068
-7.86829
-8.04956
-8.2635
-8.48063
-8.67352
-8.83878
-8.97748
-9.09009
-9.17463
-9.2286
-9.25092
-9.24213
-9.2069
-9.15716
-9.13003
-9.19712
-9.52787
5.15435
5.83493
6.40626
6.73282
6.80814
6.63393
6.20738
5.55247
4.73726
3.22936
2.44672
2.98262
3.65799
3.99791
4.16102
4.27692
4.36867
4.43243
4.47021
4.48251
4.45616
4.36563
4.19589
3.96959
3.78392
3.68857
3.62792
3.57188
3.53851
3.47991
3.41403
3.3603
3.34331
3.34371
3.34488
3.33207
3.25567
3.01283
2.45421
4.36388
3.49317
2.43288
1.25999
0.193577
-0.667217
-1.15634
-0.933496
-0.668044
-1.38751
-2.21774
-2.90437
-3.41599
-3.74514
-3.90128
-3.9444
-3.94234
-3.95275
-4.00015
-4.08616
-4.20228
-4.34045
-4.48569
-4.60059
-4.64564
-4.64126
-4.62213
-4.59322
-4.55364
-4.50292
-4.44563
-4.38692
-4.33022
-4.27613
-4.21903
-4.13914
-3.97561
-3.61625
-2.86838
5.09
5.79511
6.36639
6.65214
6.64569
6.33795
5.72276
4.83239
3.65097
1.87213
1.02676
1.56378
2.40622
3.12025
3.75419
4.34217
4.89579
5.42173
5.93389
6.45139
6.9967
7.57796
8.15685
8.64782
8.91508
8.96551
9.03686
9.03894
9.15451
9.61875
9.30411
9.13829
9.116
9.07153
8.97964
8.8965
8.90068
9.11971
9.69005
4.25874
3.33715
2.22354
1.02047
-0.0199456
-0.763432
-0.980957
-0.498952
-0.181333
-0.580291
-1.18364
-1.93176
-2.77923
-3.67605
-4.51044
-5.20146
-5.73007
-6.09212
-6.31962
-6.45687
-6.54432
-6.61649
-6.72243
-6.94041
-7.30419
-7.70731
-8.05958
-8.36411
-8.63733
-8.88127
-9.08906
-9.25546
-9.3806
-9.46891
-9.53502
-9.60999
-9.77629
-10.1603
-10.9908
708.616
685.499
659.746
632.002
602.77
572.73
542.565
512.718
483.415
454.78
426.892
399.825
373.646
348.417
324.19
301.007
278.899
257.883
237.969
219.154
201.425
184.762
169.135
154.514
140.859
128.131
116.29
105.294
95.1061
85.6875
77.0028
69.0189
61.7024
55.0238
48.9539
43.4635
38.5245
34.1076
30.1838
26.723
23.6948
21.0673
18.8087
16.887
15.2696
13.9244
12.8201
11.9263
11.214
10.6553
10.2248
9.8988
9.6559
9.47696
9.34514
9.24586
9.1667
9.09734
9.02943
8.95633
8.87301
8.7758
8.66214
8.53072
8.38047
8.21272
8.0255
7.85165
7.68454
7.51086
7.28677
7.12928
6.75796
6.80326
5.96004
6.78493
4.58994
7.58845
2.1149
10.1436
709.667
688.455
662.886
635.988
606.764
575.606
543.403
511.003
479.056
447.926
417.753
388.59
360.471
333.43
307.493
282.681
259.002
236.459
215.042
194.734
175.509
157.341
140.197
124.041
108.838
94.5541
81.1567
68.6144
56.8988
45.9854
35.8534
26.4804
17.8448
9.92685
2.7076
-3.8315
-9.70909
-14.9454
-19.5617
-23.5819
-27.0317
-29.9386
-32.3333
-34.2475
-35.7146
-36.7695
-37.4479
-37.7855
-37.8183
-37.5811
-37.1082
-36.4325
-35.5848
-34.594
-33.4869
-32.2881
-31.0194
-29.7005
-28.3485
-26.9784
-25.6029
-24.2327
-22.8769
-21.5424
-20.2355
-18.9592
-17.7194
-16.6851
-15.7817
-14.885
-13.9054
-13.0461
-11.8824
-11.308
-9.57091
-9.99531
-6.60146
-9.73634
-2.4014
-11.331
256.5
255.055
255.847
256.343
256.42
255.922
254.725
252.74
249.936
246.32
241.912
236.747
230.863
224.31
217.145
209.429
201.236
192.644
183.731
174.581
165.279
155.906
146.54
137.254
128.116
119.186
110.515
102.147
94.1188
86.4566
79.1824
72.3118
65.8535
59.8132
54.192
48.9876
44.195
39.8062
35.8113
32.1975
28.9504
26.0526
23.4858
21.2299
19.2628
17.5618
16.1036
14.8642
13.8198
12.9469
12.2229
11.6261
11.136
10.7339
10.4027
10.1269
9.89304
9.68924
9.50556
9.3336
9.16657
8.99907
8.82693
8.64734
8.45785
8.25859
8.04636
7.85555
7.67552
7.49246
7.25856
7.09646
6.71968
6.75792
5.93031
6.71339
4.60706
7.45523
2.24053
9.928
257.899
257.875
259.315
261.406
262.989
263.905
264.004
263.01
260.727
257.104
252.191
246.072
238.855
230.65
221.571
211.737
201.267
190.282
178.908
167.261
155.458
143.602
131.793
120.12
108.658
97.4748
86.6271
76.1607
66.1125
56.5121
47.383
38.7433
30.6086
22.992
15.9017
9.34189
3.31318
-2.18719
-7.16418
-11.6265
-15.5851
-19.0537
-22.0496
-24.5921
-26.7031
-28.407
-29.7303
-30.7007
-31.3471
-31.6989
-31.7861
-31.6381
-31.2836
-30.7503
-30.0648
-29.2517
-28.3339
-27.3324
-26.2661
-25.1519
-24.0047
-22.8374
-21.6613
-20.4853
-19.3179
-18.1643
-17.0311
-16.0791
-15.2406
-14.4091
-13.4838
-12.6864
-11.5645
-11.047
-9.34942
-9.79765
-6.50259
-9.52342
-2.51207
-10.995
120.498
120.236
120.099
119.795
119.615
119.532
119.539
119.617
119.745
119.891
120.014
120.071
120.017
119.807
119.396
118.741
117.807
116.56
114.973
113.029
110.72
108.044
105.012
101.643
97.9646
94.0117
89.8253
85.4518
80.9405
76.3415
71.7041
67.0771
62.5051
58.0291
53.6859
49.5068
45.5185
41.7423
38.1946
34.8873
31.8274
29.0178
26.4575
24.1425
22.0651
20.215
18.58
17.1456
15.8963
14.8152
13.8854
13.0894
12.4103
11.8317
11.3379
10.9145
10.5482
10.2269
9.94025
9.67896
9.4352
9.20247
8.97547
8.7503
8.5234
8.29384
8.05758
7.85044
7.65823
7.46563
7.22404
7.05385
6.68023
6.69703
5.91041
6.6143
4.65123
7.27533
2.40077
9.60748
120.398
119.534
118.69
117.872
117.015
116.254
115.649
115.196
114.901
114.748
114.678
114.602
114.432
114.079
113.461
112.502
111.138
109.316
106.999
104.163
100.801
96.9205
92.5445
87.7106
82.4669
76.8709
70.9865
64.8824
58.6279
52.2925
45.9444
39.6461
33.4546
27.4223
21.5956
16.0154
10.7169
5.72898
1.07555
-3.22554
-7.16156
-10.7243
-13.911
-16.723
-19.1657
-21.2488
-22.985
-24.3902
-25.483
-26.2838
-26.8149
-27.0996
-27.1614
-27.0245
-26.7125
-26.2482
-25.6535
-24.9492
-24.1544
-23.2867
-22.3621
-21.3948
-20.3976
-19.3809
-18.3549
-17.3267
-16.3032
-15.4363
-14.666
-13.9017
-13.037
-12.2985
-11.2347
-10.753
-9.13971
-9.54905
-6.4501
-9.23348
-2.68289
-10.5981
123.581
123.574
123.375
122.995
122.462
121.74
120.842
119.776
118.551
117.177
115.664
114.023
112.268
110.408
108.455
106.417
104.301
102.112
99.8506
97.5157
95.1045
92.6109
90.0287
87.3515
84.5731
81.6898
78.7004
75.6071
72.4168
69.14
65.7917
62.3913
58.9605
55.524
52.1078
48.7383
45.4412
42.2409
39.1596
36.2168
33.4289
30.8083
28.3646
26.1036
24.0277
22.1361
20.4253
18.8889
17.5188
16.3046
15.2348
14.2968
13.4774
12.7634
12.1415
11.5987
11.1229
10.7027
10.3277
9.98852
9.67695
9.3859
9.10931
8.84249
8.58106
8.32324
8.06429
7.84151
7.63752
7.43541
7.18599
7.00838
6.63506
6.63757
5.87542
6.53163
4.65388
7.14789
2.46406
9.39904
123.39
122.949
122.332
121.523
120.473
119.159
117.561
115.684
113.57
111.273
108.842
106.305
103.688
101.01
98.284
95.5205
92.7227
89.887
87.0037
84.0589
81.0338
77.9072
74.657
71.2636
67.7099
63.9845
60.0821
56.0055
51.7649
47.3783
42.8718
38.2763
33.6266
28.9619
24.3221
19.7481
15.2794
10.9537
6.80554
2.86599
-0.838522
-4.28534
-7.45711
-10.3412
-12.9296
-15.2186
-17.2088
-18.905
-20.3155
-21.4516
-22.3272
-22.9584
-23.3631
-23.5604
-23.5698
-23.4113
-23.1046
-22.669
-22.1229
-21.4837
-20.7676
-19.9894
-19.1627
-18.2992
-17.4099
-16.5038
-15.5878
-14.8039
-14.0989
-13.3989
-12.5927
-11.9116
-10.9023
-10.4614
-8.9165
-9.31791
-6.35345
-9.00616
-2.73908
-10.3335
109.01
108.876
108.711
108.519
108.269
107.946
107.545
107.054
106.463
105.759
104.932
103.973
102.875
101.63
100.234
98.6864
96.9875
95.1403
93.1506
91.0264
88.7771
86.4131
83.9466
81.3894
78.7528
76.0484
73.2865
70.4768
67.6283
64.7494
61.8486
58.9348
56.0171
53.1059
50.2128
47.3503
44.532
41.772
39.085
36.4853
33.9865
31.6008
29.3391
27.2101
25.2203
23.3739
21.6726
20.1158
18.7008
17.4227
16.2748
15.2493
14.337
13.5279
12.8116
12.1776
11.6153
11.1147
10.6661
10.2606
9.89019
9.54762
9.22656
8.92188
8.62865
8.34452
8.0642
7.82649
7.6112
7.39982
7.14267
6.95823
6.5835
6.57604
5.82903
6.45431
4.63256
7.04096
2.48253
9.24492
108.93
108.604
108.241
107.866
107.438
106.931
106.316
105.563
104.643
103.54
102.248
100.761
99.071
97.1737
95.0673
92.7544
90.2426
87.5429
84.6688
81.6363
78.4625
75.1641
71.7573
68.2564
64.6736
61.0192
57.301
53.5253
49.6975
45.8234
41.9102
37.9662
34.0024
30.0335
26.0764
22.1514
18.2808
14.4885
10.7997
7.23934
3.83152
0.599241
-2.43707
-5.25992
-7.85485
-10.2109
-12.3207
-14.1809
-15.7914
-17.1556
-18.28
-19.1737
-19.8483
-20.3174
-20.5958
-20.6996
-20.6454
-20.4501
-20.1303
-19.7023
-19.1817
-18.5831
-17.9202
-17.2053
-16.45
-15.6646
-14.8557
-14.1546
-13.5149
-12.8792
-12.1318
-11.5094
-10.5534
-10.1593
-8.67241
-9.08842
-6.221
-8.80451
-2.73221
-10.1138
82.6604
82.4927
82.3431
82.1803
81.9951
81.7902
81.5652
81.317
81.043
80.7385
80.3991
80.0186
79.5902
79.1064
78.5587
77.9386
77.2368
76.4446
75.5536
74.5561
73.446
72.2181
70.87
69.4007
67.8119
66.1075
64.2935
62.3779
60.37
58.2807
56.1217
53.9058
51.6452
49.3529
47.0419
44.7251
42.4152
40.1249
37.8671
35.6539
33.4976
31.4093
29.3997
27.4786
25.6541
23.9329
22.32
20.8187
19.4304
18.1545
16.9887
15.9294
14.9712
14.1079
13.3322
12.6362
12.0118
11.4506
10.9445
10.4855
10.0663
9.67999
9.32039
8.9823
8.6606
8.3526
8.05274
7.80124
7.57555
7.35548
7.09136
6.90033
6.52493
6.50721
5.77656
6.36904
4.6072
6.92213
2.50237
9.07379
82.6046
82.2606
81.9031
81.5655
81.2051
80.8098
80.3812
79.9125
79.391
78.8073
78.1592
77.4448
76.6573
75.7853
74.8163
73.7366
72.5326
71.1911
69.7008
68.052
66.2377
64.2537
62.0995
59.7779
57.295
54.6601
51.8845
48.982
45.9673
42.8561
39.6649
36.4097
33.1066
29.7724
26.4238
23.0777
19.7518
16.4644
13.2344
10.0812
7.02414
4.08291
1.27615
-1.37861
-3.86545
-6.17042
-8.28199
-10.1916
-11.8935
-13.3848
-14.6657
-15.7391
-16.6106
-17.2881
-17.7814
-18.1021
-18.263
-18.2776
-18.16
-17.9245
-17.5854
-17.1562
-16.6502
-16.0795
-15.4557
-14.79
-14.0884
-13.4712
-12.8984
-12.3289
-11.6427
-11.0808
-10.1808
-9.83531
-8.40963
-8.84074
-6.07492
-8.58504
-2.71887
-9.86763
64.7929
64.714
64.6509
64.5678
64.4668
64.3484
64.2111
64.0533
63.8739
63.671
63.4433
63.1887
62.9054
62.5916
62.2448
61.8624
61.4414
60.9788
60.4702
59.9112
59.2974
58.6233
57.8834
57.0722
56.1848
55.2168
54.1643
53.0251
51.7982
50.4844
49.0862
47.6083
46.0569
44.4397
42.766
41.0462
39.2915
37.5139
35.7256
33.9389
32.166
30.4185
28.7078
27.0444
25.438
23.8971
22.429
21.0395
19.7331
18.5124
17.3787
16.3319
15.37
14.4902
13.6883
12.9593
12.2974
11.6966
11.1502
10.652
10.1954
9.77456
9.38366
9.01782
8.67202
8.34348
8.02664
7.76303
7.52821
7.30041
7.03039
6.83314
6.45835
6.42961
5.71785
6.27408
4.57825
6.79003
2.52218
8.8819
64.729
64.4625
64.1845
63.9156
63.6217
63.293
62.9286
62.5244
62.072
61.5645
61.0011
60.3876
59.7282
59.023
58.2695
57.4643
56.6028
55.6798
54.6899
53.6263
52.4816
51.2474
49.9155
48.4782
46.9284
45.26
43.4689
41.5538
39.515
37.356
35.0834
32.7057
30.2339
27.6816
25.0634
22.3957
19.6956
16.9812
14.271
11.5838
8.93845
6.35374
3.84812
1.43922
-0.856241
-3.02275
-5.04647
-6.91558
-8.62042
-10.1536
-11.5105
-12.6889
-13.6891
-14.5139
-15.1683
-15.6592
-15.9952
-16.1863
-16.2435
-16.1783
-16.0031
-15.7298
-15.3706
-14.9369
-14.4397
-13.8906
-13.2947
-12.7611
-12.2556
-11.7528
-11.1293
-10.6288
-9.78762
-9.49054
-8.13113
-8.57375
-5.91908
-8.34523
-2.70124
-9.59929
54.005
53.9852
53.9741
53.949
53.9135
53.8657
53.8043
53.7277
53.6341
53.5215
53.3878
53.2309
53.0484
52.8382
52.5981
52.3256
52.0187
51.6755
51.2937
50.8714
50.4071
49.8987
49.3444
48.7422
48.0906
47.3874
46.6305
45.8182
44.9487
44.0205
43.0326
41.9849
40.878
39.7136
38.4946
37.2252
35.9107
34.5579
33.1743
31.7687
30.3502
28.9284
27.5132
26.1143
24.741
23.4022
22.106
20.8595
19.6688
18.5387
17.4728
16.4733
15.5413
14.6764
13.8771
13.1411
12.4648
11.8443
11.2751
10.7521
10.2704
9.825
9.41094
9.02387
8.65914
8.31414
7.98349
7.70987
7.46752
7.2332
6.95854
6.75569
6.38266
6.34294
5.65098
6.17103
4.54084
6.65113
2.53082
8.68622
53.9371
53.7385
53.5295
53.3252
53.1044
52.8622
52.5954
52.299
51.9672
51.5916
51.1651
50.6868
50.1606
49.5884
48.9687
48.2985
47.5752
46.7963
45.9599
45.0641
44.1069
43.0863
42
40.8457
39.6209
38.3225
36.9477
35.4935
33.9575
32.3374
30.6327
28.8435
26.9718
25.0215
22.9985
20.9107
18.7682
16.5826
14.3674
12.1373
9.90797
7.69595
5.51801
3.39082
1.33087
-0.646023
-2.52502
-4.29265
-5.93698
-7.44779
-8.817
-10.0386
-11.1088
-12.0263
-12.7917
-13.4077
-13.8791
-14.2122
-14.4145
-14.495
-14.4633
-14.3294
-14.1039
-13.7971
-13.4189
-12.9811
-12.4873
-12.0353
-11.5959
-11.1591
-10.5982
-10.1588
-9.37777
-9.12874
-7.83802
-8.29168
-5.74976
-8.09419
-2.66694
-9.32717
45.4398
45.436
45.4387
45.4337
45.4235
45.4064
45.3817
45.3487
45.3061
45.2525
45.1865
45.1065
45.0108
44.8973
44.7641
44.6089
44.4295
44.2233
43.988
43.7209
43.4197
43.082
42.7055
42.2881
41.828
41.3237
40.7737
40.1772
39.5332
38.8414
38.1016
37.314
36.4791
35.5977
34.6713
33.7019
32.692
31.645
30.565
29.4569
28.3264
27.1796
26.0236
24.8657
23.7132
22.5736
21.4544
20.3624
19.304
18.2847
17.3092
16.3814
15.5038
14.6781
13.9048
13.1836
12.5131
11.8912
11.3151
10.7814
10.2866
9.82673
9.39793
8.99656
8.61854
8.26157
7.9207
7.63951
7.39148
7.15209
6.87425
6.66666
6.29653
6.24636
5.57454
6.05978
4.4929
6.50679
2.52599
8.49161
45.3773
45.2162
45.0455
44.8792
44.7026
44.5129
44.3094
44.0877
43.8442
43.5743
43.271
42.9287
42.5475
42.1304
41.6775
41.1862
40.6529
40.0741
39.4467
38.7674
38.0333
37.2416
36.3898
35.4758
34.4977
33.4543
32.3443
31.1672
29.9224
28.61
27.2304
25.7843
24.2729
22.6983
21.0631
19.3714
17.6282
15.8397
14.0137
12.1595
10.2874
8.40946
6.53825
4.68722
2.87041
1.10189
-0.604415
-2.23525
-3.77811
-5.22163
-6.55586
-7.77245
-8.86494
-9.82872
-10.6611
-11.3615
-11.9311
-12.3727
-12.691
-12.8917
-12.982
-12.9696
-12.8631
-12.6715
-12.4032
-12.0696
-11.6729
-11.2993
-10.9241
-10.5514
-10.0526
-9.67321
-8.95284
-8.7514
-7.53033
-7.99605
-5.56516
-7.83475
-2.61339
-9.05469
38.0877
38.0906
38.0996
38.1039
38.1052
38.1025
38.0955
38.0835
38.0658
38.0415
38.0099
37.97
37.9207
37.8608
37.7891
37.7042
37.6045
37.4884
37.3542
37.1999
37.0235
36.8227
36.5955
36.3395
36.0524
35.7319
35.376
34.9827
34.5502
34.0771
33.5624
33.0052
32.4055
31.7634
31.0795
30.3551
29.5917
28.7917
27.9577
27.093
26.2013
25.2869
24.3547
23.4099
22.458
21.505
20.5568
19.6193
18.6984
17.7994
16.9272
16.0862
15.2799
14.5112
13.7819
13.0932
12.4453
11.8376
11.2689
10.7373
10.2406
9.77617
9.34101
8.93237
8.54689
8.18273
7.83553
7.54945
7.29781
7.05506
6.7757
6.56447
6.19852
6.13862
5.48749
5.93911
4.43417
6.3553
2.50981
8.29484
38.0325
37.8983
37.7556
37.6166
37.4694
37.3123
37.1461
36.9681
36.7748
36.5636
36.3309
36.0708
35.7796
35.4589
35.1116
34.7375
34.3345
33.8997
33.4306
32.9245
32.3786
31.79
31.1559
30.4734
29.7395
28.9517
28.1075
27.205
26.2425
25.219
24.134
22.9876
21.7806
20.5146
19.1916
17.8147
16.3876
14.9149
13.402
11.8553
10.2823
8.69144
7.092
5.49418
3.90897
2.34788
0.822784
-0.654507
-2.07233
-3.4195
-4.68565
-5.86144
-6.93881
-7.91121
-8.77363
-9.52273
-10.1569
-10.6763
-11.0825
-11.3787
-11.5694
-11.66
-11.657
-11.5679
-11.3992
-11.1618
-10.8558
-10.5566
-10.243
-9.93219
-9.49413
-9.17342
-8.51369
-8.3591
-7.20833
-7.68668
-5.36564
-7.56544
-2.54358
-8.77817
32.1385
32.1482
32.1635
32.1756
32.1862
32.1943
32.1998
32.2022
32.2009
32.1955
32.1853
32.1696
32.1476
32.1186
32.0817
32.0359
31.9803
31.9136
31.8347
31.7423
31.6351
31.5117
31.3704
31.2098
31.028
30.8234
30.5941
30.3383
30.0542
29.7399
29.394
29.0148
28.6012
28.1523
27.6673
27.1463
26.5895
25.9977
25.3722
24.7149
24.0282
23.3149
22.5783
21.8223
21.051
20.2689
19.4808
18.6915
17.906
17.129
16.3654
15.6192
14.8945
14.1945
13.522
12.879
12.2669
11.6863
11.1372
10.6191
10.1308
9.67087
9.23735
8.82833
8.44127
8.07483
7.7254
7.43734
7.18434
6.94011
6.66106
6.4475
6.08715
6.01841
5.38875
5.80783
4.36428
6.19528
2.48323
8.09287
32.0891
31.9779
31.8593
31.7432
31.6202
31.4889
31.3506
31.2044
31.0473
30.8767
30.6908
30.4858
30.2568
30.0015
29.7221
29.4212
29.0982
28.7514
28.3786
27.9779
27.5475
27.0854
26.5896
26.058
25.4883
24.8783
24.2258
23.5286
22.7846
21.9919
21.149
20.2545
19.3077
18.3084
17.2571
16.1549
15.0039
13.8068
12.5673
11.2899
9.97996
8.64387
7.28872
5.9224
4.5536
3.19165
1.8464
0.527965
-0.753356
-1.98729
-3.16393
-4.27382
-5.3084
-6.26006
-7.12236
-7.89018
-8.55988
-9.12928
-9.59763
-9.9657
-10.2356
-10.4107
-10.4953
-10.4951
-10.4147
-10.2643
-10.042
-9.81232
-9.55705
-9.30511
-8.92585
-8.66179
-8.06214
-7.95316
-6.87298
-7.36393
-5.15214
-7.28544
-2.45981
-8.49548
27.3781
27.3923
27.4114
27.4285
27.4451
27.4603
27.4741
27.4862
27.4961
27.5035
27.5079
27.5089
27.5059
27.4983
27.4854
27.4665
27.4409
27.4077
27.3658
27.3145
27.2526
27.179
27.0925
26.992
26.8761
26.7434
26.5928
26.4227
26.2318
26.0185
25.7817
25.5198
25.2318
24.9162
24.5723
24.1991
23.7962
23.3634
22.9007
22.4089
21.8887
21.3418
20.77
20.1758
19.5618
18.9314
18.288
17.6354
16.9775
16.3185
15.6623
15.013
14.3742
13.7494
13.1415
12.5532
11.9865
11.4429
10.9232
10.428
9.95704
9.5098
9.08528
8.68243
8.29948
7.93565
7.58811
7.30108
7.04909
6.80542
6.52861
6.31422
5.96099
5.88445
5.27717
5.66497
4.28255
6.02601
2.44594
7.88509
27.3336
27.2413
27.1423
27.045
26.9418
26.8315
26.7156
26.594
26.4651
26.3266
26.1767
26.0134
25.8334
25.6322
25.4087
25.1655
24.9044
24.6245
24.3242
24.0016
23.6552
23.2834
22.8847
22.4574
21.9999
21.5104
20.9874
20.4291
19.834
19.2004
18.5269
17.8123
17.0554
16.2554
15.4118
14.5247
13.5945
12.6223
11.61
10.5601
9.476
8.3619
7.22282
6.06455
4.89374
3.71773
2.54447
1.38237
0.240246
-0.872845
-1.94788
-2.97594
-3.9486
-4.85793
-5.69686
-6.45921
-7.13996
-7.73532
-8.24272
-8.66095
-8.99015
-9.2316
-9.38766
-9.46237
-9.45847
-9.38512
-9.2384
-9.0725
-8.87147
-8.67478
-8.35164
-8.14152
-7.6007
-7.53557
-6.52573
-7.02889
-4.92569
-6.99508
-2.36317
-8.20597
23.461
23.4772
23.4975
23.5167
23.536
23.5547
23.5728
23.59
23.6062
23.621
23.6342
23.6453
23.6542
23.6602
23.6629
23.6619
23.6565
23.6462
23.6301
23.6076
23.578
23.5401
23.4933
23.4363
23.3683
23.2881
23.1944
23.0863
22.9624
22.8215
22.6624
22.4839
22.285
22.0644
21.8213
21.5547
21.2638
20.9482
20.6074
20.2414
19.8504
19.4349
18.9957
18.5341
18.0517
17.5505
17.0329
16.5015
15.9593
15.4093
14.8549
14.2994
13.7462
13.1983
12.6587
12.1302
11.6151
11.1153
10.6324
10.1675
9.72105
9.29343
8.8844
8.49362
8.12007
7.76352
7.42191
7.1389
6.89029
6.6493
6.37674
6.16312
5.8186
5.73548
5.15157
5.50951
4.18819
5.84678
2.3982
7.67102
23.4214
23.3439
23.2608
23.1786
23.0914
22.998
22.8999
22.797
22.6891
22.5748
22.4522
22.3198
22.1759
22.017
21.8398
21.6439
21.4319
21.2049
20.9622
20.702
20.4229
20.1235
19.8025
19.4586
19.0902
18.6959
18.2742
17.8238
17.3431
16.8308
16.2856
15.7064
15.0921
14.4418
13.755
13.0313
12.2707
11.4735
10.6407
9.77343
8.87376
7.94425
6.9882
6.00956
5.01307
4.00416
2.98896
1.97413
0.966894
-0.0251241
-0.994074
-1.93196
-2.8309
-3.68327
-4.48191
-5.22021
-5.89242
-6.49369
-7.02019
-7.46925
-7.83932
-8.13009
-8.34207
-8.47781
-8.5382
-8.53142
-8.45146
-8.34305
-8.1916
-8.04584
-7.77546
-7.616
-7.13205
-7.10851
-6.16819
-6.68268
-4.68724
-6.69463
-2.25509
-7.90896
20.1819
20.1986
20.2189
20.2387
20.2588
20.2788
20.2987
20.3184
20.3376
20.3563
20.3741
20.3909
20.4064
20.4203
20.4323
20.442
20.4491
20.453
20.4532
20.4493
20.4406
20.4264
20.4062
20.379
20.3442
20.3007
20.2477
20.1842
20.1092
20.0216
19.9203
19.8043
19.6724
19.5236
19.3569
19.1713
18.966
18.7403
18.4934
18.225
17.935
17.6232
17.2899
16.9357
16.5614
16.168
15.757
15.3302
14.8895
14.4372
13.9759
13.508
13.0363
12.5635
12.0924
11.6254
11.1649
10.7131
10.2718
9.84239
9.42606
9.02361
8.63544
8.26182
7.90237
7.55735
7.22546
6.94935
6.70646
6.47024
6.20393
5.99277
5.65858
5.57023
5.01072
5.34024
4.0804
5.65639
2.34022
7.44869
20.1467
20.0813
20.0111
19.9414
19.8674
19.7879
19.7042
19.6164
19.5245
19.4281
19.3259
19.2165
19.0986
18.9705
18.829
18.6714
18.4981
18.3117
18.1126
17.9001
17.6727
17.4292
17.1684
16.8893
16.5907
16.2713
15.9299
15.5653
15.1761
14.761
14.3189
13.8486
13.349
12.8192
12.2584
11.666
11.0418
10.3856
9.69774
8.97896
8.23035
7.45353
6.65064
5.82435
4.97798
4.11548
3.24137
2.36079
1.4794
0.603397
-0.260644
-1.10587
-1.92528
-2.71189
-3.45887
-4.15971
-4.80839
-5.39956
-5.9286
-6.39183
-6.7865
-7.11097
-7.36429
-7.54768
-7.6603
-7.70942
-7.68708
-7.62935
-7.52241
-7.42276
-7.20122
-7.08859
-6.65899
-6.67426
-5.80219
-6.32649
-4.43823
-6.3838
-2.13753
-7.60208
17.4246
17.4412
17.4609
17.4804
17.5004
17.5207
17.5412
17.5617
17.5823
17.6027
17.6229
17.6427
17.6618
17.6802
17.6975
17.7136
17.7281
17.7407
17.751
17.7586
17.7632
17.7641
17.761
17.7532
17.7401
17.721
17.6952
17.662
17.6205
17.5699
17.5092
17.4376
17.354
17.2576
17.1474
17.0224
16.8817
16.7245
16.55
16.3576
16.1468
15.9172
15.6686
15.4011
15.1149
14.8106
14.489
14.1509
13.7977
13.431
13.0524
12.664
12.2677
11.8658
11.4605
11.0542
10.6489
10.2467
9.84949
9.45897
9.07651
8.7033
8.34016
7.98784
7.64647
7.31669
6.99793
6.73137
6.49638
6.26694
6.00885
5.80184
5.4796
5.3874
4.85363
5.15583
3.95884
5.45315
2.27301
7.2151
17.3933
17.3378
17.2783
17.2191
17.1561
17.0883
17.0167
16.9414
16.8625
16.78
16.6934
16.6018
16.5036
16.3981
16.2833
16.1564
16.0153
15.8611
15.6958
15.5197
15.332
15.1315
14.917
14.6877
14.4427
14.1809
13.9014
13.603
13.2848
12.9455
12.5843
12.1999
11.7913
11.3578
10.8982
10.4121
9.89873
9.35782
8.78925
8.19321
7.57022
6.92121
6.24748
5.55083
4.83352
4.09837
3.34873
2.58843
1.82189
1.05399
0.290091
-0.4641
-1.20259
-1.91921
-2.60778
-3.26216
-3.87649
-4.44531
-4.96364
-5.42721
-5.83247
-6.17683
-6.45818
-6.67665
-6.82994
-6.92443
-6.95044
-6.93634
-6.8685
-6.80982
-6.63277
-6.56264
-6.18438
-6.23503
-5.42999
-5.96136
-4.18124
-6.06217
-2.01389
-7.28094
15.0958
15.1119
15.1306
15.1494
15.1688
15.1886
15.2088
15.2293
15.25
15.271
15.292
15.3131
15.334
15.3547
15.3749
15.3945
15.4133
15.431
15.4474
15.4622
15.4751
15.4856
15.4935
15.4983
15.4995
15.4965
15.4889
15.476
15.4572
15.4318
15.3991
15.3583
15.3086
15.2491
15.1792
15.0978
15.0043
14.8977
14.7772
14.6423
14.4921
14.3261
14.1439
13.9452
13.7299
13.4981
13.2499
12.9859
12.7068
12.4135
12.1071
11.7889
11.4606
11.1236
10.7799
10.4313
10.0796
9.72662
9.37426
9.02411
8.67769
8.33636
8.0012
7.6733
7.35315
7.04167
6.73896
6.48431
6.25916
6.03838
5.79033
5.58911
5.28045
5.18567
4.67933
4.95458
3.82349
5.23467
2.1976
6.96577
15.0681
15.0207
14.97
14.9195
14.8657
14.8078
14.7464
14.6817
14.6137
14.5424
14.468
14.39
14.3072
14.2188
14.1238
14.0206
13.9064
13.7797
13.642
13.495
13.3387
13.1722
12.9944
12.8045
12.6017
12.3852
12.1542
11.9078
11.6451
11.3652
11.0672
10.7502
10.4132
10.0555
9.67619
9.27457
8.85001
8.40202
7.93027
7.43463
6.91523
6.37246
5.80708
5.22015
4.61315
3.98804
3.3472
2.69347
2.03017
1.36112
0.690553
0.0231531
-0.636095
-1.28192
-1.90888
-2.51144
-3.08414
-3.62171
-4.11915
-4.57197
-4.97613
-5.32847
-5.62604
-5.86811
-6.0512
-6.18097
-6.24622
-6.2686
-6.23428
-6.21115
-6.07387
-6.04149
-5.71139
-5.79305
-5.0541
-5.58754
-3.91941
-5.72626
-1.88894
-6.93911
13.1106
13.1259
13.1435
13.1612
13.1796
13.1985
13.2179
13.2378
13.2581
13.2788
13.2998
13.3211
13.3425
13.364
13.3855
13.4068
13.4278
13.4483
13.4681
13.4871
13.5049
13.5214
13.5362
13.549
13.5594
13.5671
13.5715
13.5723
13.5689
13.5607
13.5473
13.5279
13.5019
13.4687
13.4274
13.3775
13.318
13.2484
13.1678
13.0755
12.9709
12.8533
12.7222
12.5771
12.4176
12.2435
12.0548
11.8515
11.6338
11.4023
11.1576
10.9004
10.6319
10.353
10.0653
9.77013
9.46896
9.16335
8.85487
8.54509
8.23545
7.92732
7.62193
7.32053
7.02388
6.73308
6.4487
6.20793
5.99433
5.78384
5.54751
5.35343
5.06033
4.9633
4.4877
4.73395
3.67593
4.99572
2.11769
6.69316
13.086
13.0454
13.002
12.9587
12.9127
12.8632
12.8105
12.7547
12.696
12.6343
12.5698
12.5024
12.4319
12.357
12.2771
12.1912
12.0976
11.9942
11.8801
11.757
11.6261
11.4873
11.3394
11.1815
11.0129
10.833
10.6411
10.4365
10.2185
9.98624
9.73899
9.47595
9.19634
8.89941
8.58442
8.25069
7.89762
7.52467
7.13142
6.7176
6.2831
5.82804
5.35277
4.85787
4.34429
3.81331
3.26658
2.70613
2.13442
1.55435
0.96921
0.382729
-0.201014
-0.777648
-1.34251
-1.89074
-2.41746
-2.91779
-3.3869
-3.82043
-4.21414
-4.56452
-4.86809
-5.1236
-5.32662
-5.48216
-5.57789
-5.62977
-5.6235
-5.63022
-5.52817
-5.52785
-5.24363
-5.34931
-4.6794
-5.20292
-3.66019
-5.37002
-1.77588
-6.56349
11.4232
11.4374
11.4535
11.4699
11.4869
11.5044
11.5225
11.5411
11.5601
11.5797
11.5996
11.62
11.6407
11.6616
11.6828
11.704
11.7253
11.7464
11.7673
11.7878
11.8078
11.827
11.8452
11.8622
11.8777
11.8914
11.903
11.9121
11.9183
11.9212
11.9204
11.9153
11.9053
11.89
11.8686
11.8407
11.8056
11.7625
11.7108
11.65
11.5792
11.4978
11.4054
11.3012
11.185
11.0562
10.9145
10.7599
10.5922
10.4117
10.2185
10.0131
9.79594
9.56795
9.32994
9.08297
8.82816
8.56673
8.29997
8.02921
7.75581
7.481
7.20608
6.93225
6.66046
6.39198
6.12767
5.90225
5.70164
5.50267
5.2798
5.09348
4.81879
4.718
4.27935
4.48978
3.5186
4.73099
2.03913
6.39151
11.4014
11.3666
11.3294
11.2921
11.2525
11.2097
11.1634
11.1128
11.0572
10.9965
10.931
10.8615
10.7896
10.717
10.6459
10.5778
10.5121
10.4444
10.3677
10.276
10.1681
10.0479
9.92001
9.78587
9.64409
9.49295
9.3316
9.15961
8.97657
8.78187
8.5748
8.35464
8.12072
7.87243
7.60912
7.33007
7.03475
6.72267
6.39336
6.04643
5.68167
5.29901
4.89856
4.48061
4.04572
3.59469
3.12867
2.64906
2.15765
1.6566
1.14844
0.636057
0.122741
-0.387966
-0.892183
-1.38575
-1.86442
-2.32384
-2.75953
-3.1674
-3.54329
-3.88359
-4.18449
-4.44452
-4.65857
-4.83099
-4.94907
-5.02338
-5.04006
-5.07029
-4.99983
-5.02374
-4.78599
-4.90331
-4.3126
-4.8029
-3.41342
-4.98408
-1.68763
-6.14268
9.5099
9.52276
9.53699
9.5516
9.56682
9.58266
9.59906
9.616
9.63357
9.65175
9.67042
9.68964
9.7094
9.72961
9.7503
9.7714
9.79282
9.8145
9.83636
9.85833
9.88031
9.90211
9.92367
9.94485
9.9653
9.98496
10.0036
10.021
10.0367
10.0505
10.0621
10.0711
10.077
10.0795
10.078
10.0722
10.0614
10.0451
10.0227
9.99377
9.95751
9.91334
9.86074
9.7991
9.72795
9.64666
9.55477
9.45201
9.33798
9.21257
9.07561
8.92708
8.76726
8.59642
8.41499
8.22351
8.0227
7.81342
7.59657
7.37322
7.14441
6.9113
6.67508
6.4369
6.19784
5.95918
5.72219
5.51789
5.33586
5.1527
4.95036
4.77358
4.52868
4.41913
4.03867
4.19522
3.34888
4.41885
1.96929
6.0465
9.49145
9.46315
9.43258
9.40187
9.36957
9.33499
9.29823
9.25938
9.2182
9.17447
9.12832
9.07991
9.02943
8.97689
8.92183
8.86363
8.80207
8.73624
8.6645
8.58565
8.49958
8.40655
8.30675
8.20048
8.08772
7.96795
7.84048
7.70478
7.56034
7.40675
7.2435
7.06995
6.88556
6.68985
6.48225
6.26209
6.02891
5.78226
5.52167
5.24666
4.95695
4.65228
4.33257
3.99785
3.6483
3.28429
2.90646
2.5156
2.11286
1.69965
1.27767
0.848974
0.415944
-0.0187338
-0.452131
-0.8809
-1.30151
-1.71037
-2.10351
-2.47718
-2.8275
-3.1509
-3.44353
-3.70329
-3.92525
-4.11175
-4.25219
-4.34719
-4.39038
-4.44076
-4.4119
-4.45003
-4.28225
-4.38514
-3.92227
-4.3241
-3.17576
-4.50866
-1.64525
-5.62639
7.63219
7.6432
7.65528
7.6678
7.68089
7.69454
7.70873
7.7235
7.73892
7.75497
7.77153
7.78868
7.80649
7.82485
7.84384
7.86338
7.88341
7.90395
7.92498
7.94645
7.96831
7.99042
8.01283
8.03541
8.05795
8.08045
8.10276
8.12463
8.14597
8.16654
8.18618
8.2046
8.22156
8.23669
8.2496
8.2601
8.26774
8.27205
8.27261
8.26894
8.26056
8.24688
8.22737
8.20161
8.16897
8.12883
8.08067
8.02408
7.95852
7.88354
7.79877
7.70401
7.59907
7.48377
7.35821
7.22249
7.07692
6.9219
6.75793
6.58573
6.40601
6.2197
6.02777
5.83123
5.63114
5.42873
5.22554
5.04831
4.88933
4.72817
4.54953
4.39209
4.17417
4.07641
3.73444
3.88406
3.10594
4.13145
1.81078
5.80442
7.61737
7.59568
7.57226
7.54869
7.52401
7.49783
7.47049
7.44246
7.41396
7.38488
7.35496
7.32361
7.29012
7.2535
7.2123
7.16497
7.11116
7.0519
6.98889
6.92357
6.85641
6.78661
6.7123
6.63209
6.54624
6.45528
6.35895
6.25666
6.14784
6.03213
5.90921
5.77862
5.6399
5.4927
5.33651
5.1708
4.99518
4.80922
4.61247
4.40449
4.18495
3.95351
3.70994
3.45406
3.18578
2.90519
2.61246
2.30795
1.9922
1.66601
1.33036
0.986507
0.636001
0.28067
-0.0774082
-0.435853
-0.791923
-1.1428
-1.48528
-1.81612
-2.1319
-2.42939
-2.70476
-2.95583
-3.17746
-3.37143
-3.52687
-3.64
-3.70344
-3.77654
-3.77807
-3.84464
-3.72053
-3.85083
-3.45268
-3.86609
-2.81986
-4.12589
-1.42689
-5.36123
6.18073
6.19032
6.20077
6.21167
6.22306
6.23492
6.24726
6.26017
6.27365
6.28768
6.30224
6.31737
6.33313
6.34941
6.36631
6.38379
6.40177
6.42034
6.43946
6.45912
6.47928
6.49987
6.52093
6.54234
6.56404
6.58601
6.60807
6.63021
6.65228
6.67416
6.69574
6.71682
6.73722
6.75675
6.77511
6.79209
6.80742
6.82083
6.83193
6.84032
6.84577
6.8477
6.84566
6.83937
6.82823
6.81173
6.78939
6.76079
6.72536
6.68258
6.63204
6.57344
6.50631
6.43032
6.34539
6.25127
6.14799
6.03563
5.91441
5.78463
5.64672
5.50133
5.34912
5.19087
5.0275
4.86005
4.69011
4.54011
4.40463
4.26634
4.11218
3.9759
3.78528
3.70326
3.39722
3.5495
2.8294
3.83332
1.61749
5.56733
6.16856
6.15162
6.13335
6.11482
6.09534
6.07456
6.05253
6.02923
6.00465
5.97872
5.9512
5.92179
5.89039
5.85713
5.82223
5.78581
5.74783
5.70805
5.66641
5.62242
5.57483
5.5227
5.46575
5.40395
5.33755
5.26697
5.19233
5.11336
5.02946
4.94022
4.84543
4.74475
4.63783
4.5244
4.40402
4.27633
4.14097
3.99759
3.84579
3.68523
3.51557
3.3365
3.14776
2.94908
2.74032
2.52142
2.29234
2.0532
1.80425
1.54588
1.27868
1.00337
0.720947
0.432623
0.139799
-0.155827
-0.45228
-0.747422
-1.03879
-1.32378
-1.5996
-1.86345
-2.11195
-2.34316
-2.55202
-2.74027
-2.89703
-3.0166
-3.08996
-3.1756
-3.19636
-3.28241
-3.1895
-3.34328
-2.99263
-3.42702
-2.45268
-3.77267
-1.18103
-5.14549
4.98197
4.99009
4.9989
5.0081
5.01772
5.02777
5.03826
5.04924
5.06074
5.07273
5.08523
5.09827
5.11189
5.12598
5.14066
5.15592
5.17171
5.1881
5.20503
5.22251
5.24053
5.25908
5.27818
5.2977
5.3177
5.33812
5.35882
5.37982
5.40105
5.4224
5.44382
5.46513
5.48621
5.50695
5.52716
5.54663
5.5652
5.58265
5.5987
5.61303
5.6255
5.63566
5.64313
5.64765
5.64877
5.64611
5.6392
5.6277
5.61107
5.58887
5.56068
5.52616
5.48482
5.43624
5.3803
5.31654
5.24484
5.16513
5.07739
4.98168
4.87816
4.76722
4.64929
4.5249
4.39477
4.25967
4.12113
3.99746
3.885
3.76948
3.63993
3.52527
3.36271
3.29715
3.029
3.1834
2.52648
3.50385
1.40566
5.28075
4.97207
4.95873
4.94439
4.9298
4.91443
4.8981
4.8808
4.86248
4.84311
4.8227
4.80118
4.77839
4.75412
4.72819
4.70055
4.67146
4.6412
4.60972
4.57695
4.54277
4.50673
4.46785
4.42526
4.37863
4.32803
4.2736
4.2156
4.15431
4.08951
4.02072
3.94764
3.86998
3.78746
3.6999
3.60696
3.50834
3.40376
3.2929
3.17545
3.05112
2.91961
2.78065
2.63396
2.47933
2.31656
2.14552
1.96613
1.77836
1.58232
1.37818
1.16628
0.947037
0.721092
0.489222
0.252389
0.0117699
-0.23122
-0.475032
-0.717803
-0.957546
-1.19202
-1.41903
-1.63566
-1.84041
-2.02858
-2.20199
-2.35019
-2.46712
-2.5424
-2.63197
-2.6634
-2.7596
-2.68997
-2.85741
-2.54954
-2.99368
-2.09402
-3.41041
-0.946583
-4.87454
3.95335
3.95996
3.96712
3.97458
3.9824
3.99062
3.99918
4.00816
4.01759
4.02744
4.03773
4.04848
4.0597
4.07136
4.08354
4.09625
4.10945
4.12318
4.13743
4.15219
4.16745
4.18327
4.19963
4.21643
4.23374
4.25154
4.26974
4.28835
4.30732
4.32658
4.34613
4.36584
4.38561
4.4054
4.42506
4.44447
4.46348
4.48192
4.49963
4.51634
4.53195
4.54616
4.55865
4.56916
4.57738
4.58303
4.58568
4.58501
4.58062
4.57211
4.55907
4.54119
4.51799
4.48908
4.45424
4.413
4.36519
4.31061
4.24909
4.18059
4.10509
4.02279
3.93393
3.83886
3.7381
3.63219
3.52249
3.42351
3.33295
3.2394
3.13379
3.04067
2.90592
2.85726
2.62699
2.78385
2.19096
3.1395
1.16429
4.94116
3.94549
3.93515
3.92407
3.91278
3.90088
3.88821
3.8748
3.86062
3.8456
3.82975
3.81306
3.79548
3.77692
3.75719
3.73604
3.71338
3.6894
3.66429
3.63823
3.61119
3.58315
3.55383
3.52249
3.48822
3.45059
3.40958
3.3653
3.3181
3.26828
3.2157
3.16
3.10082
3.03791
2.97115
2.90028
2.82507
2.74532
2.66077
2.57115
2.47622
2.37572
2.26943
2.15712
2.03855
1.91355
1.78194
1.64363
1.49851
1.34659
1.18791
1.02265
0.851038
0.673446
0.490373
0.302449
0.110468
-0.0845718
-0.281557
-0.479135
-0.675815
-0.869855
-1.05961
-1.2426
-1.41781
-1.58101
-1.73418
-1.86748
-1.97563
-2.04714
-2.13441
-2.16984
-2.26914
-2.21563
-2.38932
-2.11741
-2.56378
-1.73414
-3.03601
-0.707444
-4.56303
3.0655
3.07072
3.07632
3.08218
3.08833
3.0948
3.10155
3.10863
3.11606
3.12382
3.13194
3.14044
3.1493
3.15854
3.16822
3.17832
3.1888
3.19971
3.21109
3.2229
3.23513
3.24783
3.26099
3.27458
3.28862
3.30309
3.31796
3.33323
3.34887
3.36486
3.38119
3.39775
3.41451
3.43147
3.4485
3.46552
3.48245
3.49915
3.51554
3.53143
3.54673
3.56122
3.57472
3.58699
3.59779
3.60696
3.61411
3.61899
3.62132
3.62074
3.61692
3.60954
3.5982
3.58259
3.56241
3.53726
3.50693
3.47114
3.4297
3.3825
3.32942
3.27052
3.2059
3.13578
3.06051
2.98048
2.89683
2.82058
2.75042
2.67761
2.59481
2.52261
2.41472
2.38288
2.1893
2.34889
1.81699
2.73626
0.881943
4.5412
3.0594
3.05157
3.04317
3.03457
3.02552
3.0159
3.0057
2.99491
2.98349
2.97142
2.95868
2.94523
2.93108
2.91618
2.9004
2.88348
2.86523
2.84573
2.82525
2.80401
2.78204
2.75931
2.73575
2.71077
2.68356
2.6536
2.62076
2.5852
2.54727
2.50726
2.46517
2.42065
2.37343
2.32333
2.27017
2.21378
2.15402
2.09068
2.02354
1.95244
1.87715
1.79748
1.71328
1.6243
1.53041
1.43144
1.32728
1.21782
1.10299
0.98278
0.857249
0.726503
0.590751
0.450286
0.305497
0.156912
0.00518816
-0.148896
-0.304387
-0.460232
-0.615093
-0.767809
-0.916369
-1.06017
-1.1955
-1.32455
-1.43822
-1.53287
-1.59609
-1.67597
-1.7097
-1.80606
-1.76197
-1.93549
-1.69191
-2.13495
-1.36631
-2.64789
-0.448303
-4.22203
2.24909
2.25297
2.25711
2.26145
2.26604
2.27085
2.2759
2.28121
2.28678
2.29262
2.29874
2.30516
2.31188
2.31893
2.32631
2.33402
2.34207
2.35047
2.35925
2.36839
2.3779
2.3878
2.39808
2.40876
2.41984
2.4313
2.44311
2.4553
2.46785
2.48075
2.49396
2.50744
2.52118
2.53516
2.54927
2.56348
2.57773
2.59195
2.60605
2.61994
2.63349
2.64657
2.65908
2.67081
2.68163
2.6914
2.69981
2.70673
2.71194
2.71513
2.71608
2.71454
2.71019
2.7028
2.6921
2.6778
2.65966
2.6374
2.61088
2.57997
2.54449
2.50442
2.45981
2.41078
2.35754
2.30032
2.24008
2.18466
2.13339
2.08007
2.01886
1.96671
1.88445
1.86894
1.71008
1.87191
1.39666
2.28193
0.549274
4.03171
2.24465
2.23904
2.23302
2.22685
2.22036
2.21347
2.2062
2.1985
2.19036
2.18176
2.17268
2.16308
2.15299
2.1424
2.13132
2.11963
2.10709
2.09351
2.07888
2.06346
2.04746
2.03102
2.01428
1.99721
1.97943
1.96019
1.93887
1.91521
1.88929
1.86141
1.83189
1.80069
1.76753
1.73214
1.69438
1.65417
1.61147
1.5661
1.51791
1.46678
1.41257
1.35511
1.29429
1.22996
1.16201
1.09032
1.01479
0.935335
0.85189
0.764435
0.672972
0.577556
0.4783
0.375362
0.268991
0.159501
0.047322
-0.0670507
-0.182956
-0.299713
-0.416349
-0.532115
-0.64546
-0.756165
-0.861042
-0.962527
-1.05236
-1.12926
-1.18014
-1.24802
-1.27481
-1.36255
-1.32154
-1.48845
-1.26557
-1.69807
-0.981894
-2.23279
-0.161246
-3.80933
1.56399
1.56653
1.56925
1.5721
1.57507
1.57819
1.58147
1.5849
1.58847
1.59219
1.5961
1.60017
1.60441
1.60886
1.61349
1.61829
1.6233
1.62853
1.63394
1.63956
1.64542
1.65149
1.65778
1.6643
1.67105
1.67801
1.6852
1.69264
1.70028
1.70814
1.71621
1.72447
1.73291
1.74152
1.75026
1.75913
1.76806
1.77702
1.786
1.79492
1.80371
1.81231
1.82061
1.82852
1.83598
1.84286
1.84895
1.8542
1.85845
1.86148
1.86313
1.86323
1.86159
1.85801
1.85228
1.84423
1.83365
1.82032
1.80413
1.78498
1.76269
1.73722
1.70863
1.67692
1.64222
1.60462
1.56495
1.52826
1.49407
1.45853
1.41709
1.38348
1.32482
1.32436
1.19688
1.35923
0.934357
1.77354
0.17765
3.36196
1.56103
1.55721
1.55312
1.54893
1.54451
1.5398
1.5348
1.52949
1.52388
1.51794
1.51162
1.50492
1.49782
1.49034
1.48248
1.47421
1.46548
1.45613
1.44589
1.43468
1.42263
1.40991
1.39664
1.38281
1.36841
1.35324
1.33686
1.31899
1.29962
1.27886
1.25703
1.23452
1.21137
1.18719
1.16158
1.13438
1.10554
1.075
1.04264
1.00838
0.972121
0.933721
0.893104
0.850159
0.804798
0.756925
0.706458
0.653337
0.597506
0.538927
0.477598
0.413542
0.346817
0.277512
0.20578
0.131811
0.055862
-0.0217552
-0.100622
-0.180324
-0.260208
-0.339861
-0.418132
-0.49517
-0.568302
-0.64019
-0.703432
-0.759688
-0.795207
-0.847616
-0.863266
-0.938018
-0.894179
-1.04969
-0.838779
-1.25587
-0.579924
-1.78595
0.155645
-3.28037
0.65685
0.659616
0.662583
0.665695
0.668962
0.672411
0.676055
0.679889
0.683897
0.688107
0.692535
0.697177
0.702048
0.707155
0.712484
0.718042
0.723855
0.729915
0.736202
0.742741
0.749541
0.756576
0.763861
0.771378
0.779108
0.787059
0.795219
0.803564
0.812081
0.820749
0.829533
0.838428
0.847393
0.856388
0.865401
0.874402
0.883314
0.892108
0.900762
0.909196
0.9174
0.925317
0.932839
0.939937
0.946623
0.952774
0.958299
0.963205
0.967386
0.970759
0.973266
0.974826
0.975371
0.974813
0.973029
0.969987
0.965581
0.959675
0.95224
0.943197
0.932468
0.920035
0.90596
0.890227
0.87288
0.853946
0.834021
0.815362
0.797931
0.78006
0.758162
0.743196
0.707541
0.721662
0.625335
0.780506
0.422482
1.1391
-0.182379
2.26426
0.65395
0.650584
0.646969
0.643219
0.639278
0.635101
0.630661
0.62597
0.621032
0.615824
0.610311
0.604472
0.598316
0.591835
0.585004
0.577803
0.570225
0.56232
0.554219
0.546487
0.540732
0.539781
0.547049
0.56517
0.594901
0.634484
0.679073
0.720953
0.752082
0.767461
0.766662
0.75344
0.733619
0.712044
0.690735
0.669528
0.64778
0.625191
0.601792
0.577695
0.552915
0.52742
0.501198
0.47421
0.446404
0.417738
0.388166
0.357629
0.326088
0.293496
0.259821
0.225037
0.189135
0.152123
0.114035
0.0749328
0.0349149
-0.0058998
-0.0473162
-0.0891733
-0.131113
-0.173037
-0.21417
-0.255004
-0.293408
-0.332237
-0.365061
-0.396927
-0.413684
-0.446761
-0.447157
-0.503545
-0.453114
-0.587427
-0.3907
-0.763083
-0.163319
-1.2095
0.427029
-2.34574
0.524452
0.522557
0.520558
0.518429
0.516161
0.513757
0.511213
0.508516
0.505648
0.50261
0.499401
0.496016
0.492447
0.48868
0.484715
0.480549
0.476183
0.471614
0.466831
0.46185
0.456672
0.451293
0.445735
0.439993
0.434082
0.428029
0.421832
0.415521
0.409128
0.402661
0.396148
0.389634
0.383133
0.37668
0.370326
0.364082
0.357989
0.352079
0.346368
0.340882
0.335672
0.330735
0.326047
0.321645
0.317551
0.313705
0.310106
0.306759
0.303594
0.300586
0.297699
0.294878
0.292077
0.289241
0.286297
0.283217
0.27997
0.276494
0.272784
0.268786
0.264475
0.259814
0.254818
0.24946
0.243766
0.237729
0.231724
0.22671
0.221403
0.216007
0.208492
0.205771
0.18998
0.206326
0.150781
0.250926
0.0376599
0.441181
-0.258661
0.918493
0.526234
0.528012
0.529918
0.531933
0.534052
0.536283
0.538622
0.541097
0.543715
0.546477
0.549393
0.552471
0.555716
0.559111
0.562668
0.56651
0.571004
0.57687
0.584951
0.595454
0.606681
0.614072
0.610591
0.588357
0.541085
0.46677
0.370229
0.263951
0.16532
0.0906401
0.0485348
0.0364003
0.0429358
0.0556796
0.0673377
0.0763402
0.0836996
0.090299
0.0962517
0.101302
0.105233
0.107954
0.109462
0.109747
0.108806
0.106666
0.103359
0.0989287
0.0934397
0.0869567
0.0795627
0.0713283
0.0623411
0.0526805
0.0424341
0.031682
0.020513
0.009
-0.00274958
-0.0146951
-0.0266549
-0.0387304
-0.0504515
-0.0624703
-0.0732217
-0.0852911
-0.0936986
-0.10528
-0.106926
-0.12238
-0.112143
-0.147478
-0.100518
-0.195329
-0.0471829
-0.303546
0.0996781
-0.550781
0.4285
-1.10001
)
;

boundaryField
{
    inlet
    {
        type            freestreamPressure;
        freestreamValue uniform 0;
        value           nonuniform List<scalar> 
134
(
5.08651
5.79114
6.36203
6.64758
6.64114
6.33361
5.71884
4.82908
3.64847
1.87085
0.540149
0.822555
1.26548
1.64072
1.97372
2.28246
2.57304
2.84901
3.11767
3.38908
4.25582
3.67505
3.97989
4.28348
4.54092
4.68094
4.67424
4.77418
4.66337
4.61575
5.34668
4.88369
4.79647
4.78458
4.76106
4.71266
4.66885
4.67086
4.78562
4.91071
3.33486
2.22202
1.01977
-0.0199319
-0.762909
-0.980285
-0.49861
5.32245
5.20935
5.04119
4.93182
4.85095
4.76115
4.66045
4.55777
4.45564
4.35238
4.24639
4.13736
4.02502
3.90836
3.78579
3.65496
3.51193
3.35366
3.17265
3.04566
2.92129
2.77097
2.59285
2.38305
2.11579
1.76442
1.1884
0.482128
-0.0859292
-0.275018
-0.561057
-0.915847
-1.3179
-1.74351
-2.13963
-2.46783
-2.71903
-2.89121
-2.99955
-3.06506
-3.10695
-3.14161
-3.19237
-3.2964
-3.46978
-3.6619
-3.82991
-3.97526
-4.10575
-4.22235
-4.32175
-4.40148
-4.46157
-4.50414
-4.53613
-4.57235
-4.65204
-4.83543
-5.23124
-5.39352
-5.23368
-5.04488
-4.91908
-4.81466
-4.69764
-4.57006
-4.44067
-4.31111
-4.17961
-4.04517
-3.90747
-3.76619
-3.62019
-3.46738
-3.3047
-3.12591
-2.92557
-2.67976
-2.55354
-2.45083
-2.3218
-2.17344
-2.01099
-1.81437
-1.56236
-1.11716
-0.523823
)
;
    }
    outlet
    {
        type            freestreamPressure;
        freestreamValue uniform 0;
        value           nonuniform List<scalar> 
160
(
0.000278024
0.00027895
0.000277039
0.000279873
0.000276001
0.000280862
0.000274894
0.000281906
0.000273716
0.000283004
0.000272468
0.000284159
0.000271146
0.000285369
0.000269744
0.000286649
0.000268255
0.000288003
0.000266676
0.00028943
0.000265009
0.000290937
0.00026325
0.000292528
0.000261396
0.000294206
0.000259439
0.00029596
0.000257379
0.000297787
0.000255215
0.000299734
0.000252947
0.000301969
0.000250574
0.000304863
0.00024809
0.000308892
0.000245503
0.000314258
0.000242814
0.000320199
0.000240021
0.000324434
0.000237135
0.000323267
0.000234156
0.000312387
0.000231088
0.000288155
0.000227948
0.000249179
0.000224735
0.000197866
0.000221463
0.000140997
0.000218151
8.81317e-05
0.000214802
4.81721e-05
0.000211431
2.57067e-05
0.000208063
1.92207e-05
0.000204705
2.26217e-05
0.000201375
2.92997e-05
0.000198101
3.54151e-05
0.000194889
4.014e-05
0.000191761
4.40001e-05
0.000188735
4.74563e-05
0.000185819
5.05685e-05
0.000183027
5.32037e-05
0.000180388
5.52484e-05
0.0001779
5.66563e-05
0.000175551
5.74259e-05
0.00017336
5.75523e-05
0.000171341
5.70354e-05
0.000169464
5.58895e-05
0.000167726
5.41332e-05
0.000166133
5.17906e-05
0.000164646
4.88959e-05
0.000163253
4.5484e-05
0.000161936
4.15993e-05
0.000160664
3.72794e-05
0.000159414
3.25706e-05
0.000158156
2.75146e-05
0.00015685
2.2157e-05
0.000155481
1.65394e-05
0.000154031
1.07072e-05
0.000152466
4.69752e-06
0.000150781
-1.43521e-06
0.000148947
-7.67174e-06
0.000146947
-1.39197e-05
0.00014476
-2.02344e-05
0.00014239
-2.63749e-05
0.000139821
-3.26819e-05
0.000137065
-3.83485e-05
0.000134115
-4.47146e-05
0.000131179
-4.92097e-05
0.000128742
-5.5343e-05
0.000126082
-5.63354e-05
0.000123386
-6.44772e-05
0.000119504
-5.93693e-05
0.000118336
-7.78505e-05
0.000109773
-5.36649e-05
0.000119493
-0.000103057
8.81173e-05
-2.55957e-05
0.00014601
-0.000158812
2.24624e-05
5.58515e-05
0.000254871
-0.000279781
-0.000161684
0.000256943
0.000508683
-0.000515913
)
;
    }
    walls
    {
        type            zeroGradient;
    }
    frontAndBack
    {
        type            empty;
    }
}


// ************************************************************************* //
