/*--------------------------------*- C++ -*----------------------------------*\
| =========                 |                                                 |
| \\      /  F ield         | OpenFOAM: The Open Source CFD Toolbox           |
|  \\    /   O peration     | Version:  v1806                                 |
|   \\  /    A nd           | Web:      www.OpenFOAM.com                      |
|    \\/     M anipulation  |                                                 |
\*---------------------------------------------------------------------------*/
FoamFile
{
    version     2.0;
    format      ascii;
    class       volScalarField;
    location    "275";
    object      p;
}
// * * * * * * * * * * * * * * * * * * * * * * * * * * * * * * * * * * * * * //

dimensions      [0 2 -2 0 0 0 0];


internalField   nonuniform List<scalar> 
10720
(
75.0211
470.898
877.591
1235.62
1525.82
1743.15
1875.04
1924.84
1919.14
1858.23
1740.15
1585.51
1407.67
1213.16
1009.32
804.38
603.753
414.463
239.743
86.263
-43.4669
-143.904
-216.759
-262.134
-289.17
-314.065
-336.593
-347.843
-347.812
-337.866
-318.282
-289.526
-252.055
-205.983
-151.158
-84.6569
-2.99769
118.144
298.58
-360.289
-801.846
-1349.25
-1938.1
-2521.69
-3091.13
-3594.4
-3939.97
-4096.72
-4137.81
-4079.84
-3927.54
-3730.43
-3517.24
-3296.24
-3087.69
-2890.65
-2710.4
-2549.51
-2415.62
-2307.02
-2221.83
-2152.25
-2088.97
-2008.21
-1900.82
-1782.11
-1657.19
-1525.92
-1387.99
-1244.53
-1096.47
-944.265
-787.159
-624.117
-450.138
-261.331
-29.008
233.196
535.327
812.208
1081.35
1330.41
1542.48
1709.99
1821.41
1873.53
1872.42
1819.46
1720.25
1586.95
1428.84
1252.25
1063.86
870.94
679.349
495.335
323.25
168.906
35.8836
-71.19
-152.488
-208.436
-246.232
-278.536
-306.03
-321.803
-325.709
-319.216
-302.747
-276.749
-241.673
-197.623
-144.424
-79.1733
1.52111
122.121
296.146
245.603
-79.2342
-455.621
-872.885
-1311.2
-1755.57
-2173.16
-2529.19
-2802
-2986.99
-3080.82
-3103.39
-3082.22
-3028.52
-2944.12
-2839.11
-2717.75
-2590
-2465.24
-2354.03
-2258.8
-2180.14
-2112.9
-2049.14
-1970.01
-1867.4
-1753.2
-1632.39
-1504.97
-1370.65
-1230.45
-1085.25
-935.443
-780.313
-618.835
-446.069
-258.239
-26.318
230.663
599.906
850.928
1092.89
1313.18
1498.75
1645.83
1745.98
1797.5
1802.93
1762.45
1680.07
1563.18
1419.39
1255.27
1077.32
892.346
706.62
526.229
356.272
202.16
68.0507
-41.9633
-127.075
-187.938
-230.166
-264.155
-292.147
-309.05
-314.254
-309.046
-293.886
-269.139
-235.214
-192.189
-139.839
-75.2635
4.91458
124.647
292.841
341.837
57.6865
-269.109
-643.138
-1042.47
-1453.27
-1855.15
-2218.72
-2510.01
-2714.58
-2841.65
-2902.4
-2909.44
-2874
-2805.22
-2714.05
-2608.86
-2498.17
-2389.56
-2290.46
-2203.9
-2130.54
-2066.46
-2004.7
-1930.3
-1834.9
-1726.67
-1610.65
-1487.23
-1356.3
-1218.91
-1076.03
-928.104
-774.523
-614.277
-442.504
-255.507
-24.6061
228.73
683.855
890.08
1091.4
1277.62
1436.48
1565.71
1657.05
1708.26
1719.66
1690.29
1623.09
1523.05
1396.13
1248.08
1084.72
912.237
736.643
563.823
399.087
247.668
114.005
2.01794
-86.8069
-152.93
-200.695
-238.579
-269.443
-289.457
-297.593
-294.981
-282.148
-259.439
-227.263
-185.704
-134.534
-70.8913
8.51486
126.898
289.368
471.482
237.103
-36.4144
-349.023
-684.622
-1035.8
-1385.78
-1709.67
-1986.36
-2205.96
-2371.89
-2484.18
-2546.79
-2566.45
-2550.46
-2506.8
-2443.26
-2367.41
-2286.59
-2207.88
-2135.64
-2071.37
-2012.71
-1954.12
-1884.29
-1795.65
-1693.6
-1582.99
-1464.41
-1337.8
-1204.13
-1064.39
-919.043
-767.557
-608.973
-438.553
-252.744
-23.5253
226.059
699.902
881.249
1059.02
1223.2
1363.48
1479.19
1563.31
1613.76
1629.79
1610.05
1556.4
1471.95
1361.13
1228.66
1079.62
919.6
754.28
589.351
430.212
282.009
149.407
36.2897
-55.3632
-125.668
-177.927
-218.9
-251.705
-273.689
-283.721
-282.82
-271.595
-250.386
-219.578
-179.241
-129.115
-66.3593
12.2151
129.047
285.576
512.735
307.734
68.1182
-207.687
-504.645
-819.077
-1138.46
-1442.33
-1713.58
-1942.17
-2123.55
-2255.27
-2339.95
-2383.49
-2392.44
-2372.98
-2331.7
-2275.28
-2210.46
-2143.7
-2079.67
-2020.33
-1964.34
-1907.26
-1840.39
-1757
-1660.23
-1554.37
-1440.19
-1317.68
-1187.7
-1051.18
-908.613
-759.478
-602.835
-434.073
-249.812
-22.8317
222.027
700.387
859.424
1016.51
1162.14
1287.03
1391.42
1469.32
1518.59
1537.85
1525.96
1483.76
1413.18
1317.41
1200.16
1065.72
918.956
765.1
609.492
457.421
313.967
183.822
70.8939
-22.4642
-95.9623
-152.026
-195.979
-230.905
-255.092
-267.419
-268.696
-259.52
-240.203
-211.084
-172.218
-123.326
-61.614
15.9746
130.953
281.376
536.292
357.232
146.805
-96.1106
-357.86
-637.209
-923.974
-1200.1
-1451.45
-1669.88
-1850.17
-1991.4
-2094.63
-2162.37
-2198.08
-2205.69
-2190.19
-2157.13
-2112.42
-2061.86
-2010.05
-1959.31
-1909.15
-1856.25
-1794.02
-1716.66
-1625.74
-1524.95
-1415.3
-1296.9
-1170.58
-1037.28
-897.491
-750.764
-596.184
-429.269
-246.854
-22.6986
216.637
684.429
826.416
967.37
1098.17
1210.51
1305.39
1377.78
1425.44
1446.87
1441.14
1408.46
1349.91
1267.73
1164.7
1044.3
910.706
768.551
622.775
478.454
340.526
213.644
101.748
7.48028
-68.4463
-127.7
-174.368
-211.299
-237.507
-251.93
-255.178
-247.838
-230.226
-202.66
-165.177
-117.48
-56.8248
19.6992
132.558
276.811
537.812
378.44
190.674
-26.7977
-261.15
-512.67
-773.217
-1026.79
-1261.42
-1470.77
-1649.99
-1796.33
-1909.49
-1990.59
-2042.04
-2067.03
-2069.51
-2053.83
-2024.82
-1987.37
-1945.65
-1902.1
-1856.84
-1807.47
-1749.08
-1676.82
-1591.2
-1495.21
-1389.96
-1275.62
-1152.96
-1022.88
-885.903
-741.631
-589.188
-424.264
-243.96
-23.2049
209.978
660.899
788.555
915.922
1034.25
1135.99
1222.72
1290.08
1335.83
1358.57
1357.58
1332.65
1284.35
1214.18
1124.16
1017.02
896.243
765.849
630.32
494.398
362.793
240.069
130.168
35.9277
-41.5457
-103.254
-152.258
-191.048
-219.147
-235.604
-240.846
-235.418
-219.618
-193.721
-157.737
-111.348
-51.8749
23.4306
133.872
271.923
529.026
386.184
217.445
21.5492
-189.498
-416.91
-653.944
-886.118
-1103.09
-1299.81
-1471.74
-1615.92
-1732.4
-1821.88
-1885.58
-1925.4
-1943.96
-1944.34
-1930.28
-1905.79
-1874.57
-1839.01
-1799.68
-1754.94
-1701.21
-1634.52
-1554.62
-1463.82
-1363.3
-1253.3
-1134.52
-1007.85
-873.833
-732.126
-581.926
-419.12
-241.155
-24.3031
202.174
632.427
748.14
864.048
971.811
1064.48
1144.13
1206.87
1250.5
1273.97
1276.52
1257.87
1218.2
1158.49
1080.16
985.283
876.688
757.808
632.603
505.409
380.657
262.76
155.615
62.1883
-16.0661
-79.5778
-130.55
-171.038
-200.89
-219.276
-226.447
-222.881
-208.855
-184.609
-150.128
-105.077
-46.8553
27.1111
134.868
266.705
512.836
383.668
230.789
52.9228
-138.558
-345.562
-562.362
-775.812
-976.686
-1161.04
-1324.91
-1465.45
-1582.6
-1676.61
-1748
-1797.94
-1828.25
-1841.12
-1839.37
-1826.09
-1804.37
-1776.38
-1742.86
-1702.79
-1653.56
-1592.03
-1517.54
-1431.78
-1335.89
-1230.21
-1115.36
-992.198
-861.252
-722.238
-574.411
-413.869
-238.434
-25.9092
193.433
601.527
707.026
813.068
911.698
996.524
1069.97
1128.44
1169.88
1193.56
1198.75
1185.12
1152.66
1101.97
1034.01
950.296
853.102
745.276
630.256
511.939
394.439
281.933
178.226
86.3662
8.08462
-56.5646
-109.072
-151.038
-182.471
-202.654
-211.687
-209.964
-197.721
-175.162
-142.24
-98.5991
-41.7325
30.7482
135.55
261.173
492.431
374.927
235.6
73.2029
-101.475
-290.766
-489.797
-686.395
-872.279
-1044.33
-1199.08
-1333.81
-1448.61
-1543.76
-1619.53
-1676.54
-1715.93
-1739.09
-1747.95
-1744.78
-1731.99
-1711.44
-1683.93
-1648.86
-1604.4
-1548.11
-1479.08
-1398.47
-1307.36
-1206.13
-1095.35
-975.825
-848.092
-711.918
-566.619
-408.52
-235.796
-27.9706
183.993
569.544
666.23
763.706
854.367
932.326
1000.27
1054.8
1094.06
1117.57
1124.68
1115.06
1088.59
1045.61
986.751
913.098
826.418
729.036
623.891
514.43
404.398
297.69
197.982
108.337
30.7071
-34.4577
-88.0633
-131.26
-164.096
-185.936
-196.744
-196.818
-186.338
-165.47
-134.134
-91.9575
-36.5358
34.3183
135.92
255.346
469.509
362.017
234.381
85.3458
-74.8125
-248.698
-432.086
-613.683
-785.949
-946.391
-1091.95
-1220.18
-1331.34
-1425.71
-1503.45
-1564.9
-1610.71
-1641.7
-1659.13
-1664.54
-1659.71
-1646.09
-1624.44
-1594.41
-1554.72
-1503.51
-1439.79
-1364.3
-1277.96
-1181.2
-1074.56
-958.775
-834.374
-701.171
-558.55
-403.08
-233.265
-30.4723
174.018
537.432
626.413
716.366
800.002
871.923
934.923
985.818
1022.95
1046.04
1054.5
1048.06
1026.55
990.15
939.232
874.552
797.465
709.833
614.125
513.338
410.835
310.21
214.955
128.097
51.7367
-13.3545
-67.6091
-111.757
-145.791
-169.126
-181.604
-183.421
-174.682
-155.513
-125.798
-85.1461
-31.2691
37.8124
135.979
249.25
445.301
346.53
229.081
91.7475
-55.7251
-216.065
-385.567
-553.733
-713.584
-863.132
-999.675
-1120.99
-1227.48
-1319.53
-1397.31
-1461.09
-1511.19
-1548.01
-1572.28
-1584.94
-1587.16
-1580
-1564.04
-1539.06
-1504.19
-1458
-1399.52
-1329.12
-1247.6
-1155.39
-1052.98
-941.037
-820.09
-689.998
-550.21
-397.562
-230.869
-33.4124
163.57
505.77
587.974
671.251
748.648
815.213
873.757
921.288
956.366
978.86
988.256
984.335
966.93
936.111
892.086
835.36
766.952
688.323
601.518
509.111
414.078
319.69
229.225
145.626
71.0825
6.61277
-47.8445
-92.6436
-127.657
-152.312
-166.341
-169.83
-162.797
-145.323
-117.254
-78.1833
-25.9483
41.2178
135.74
242.908
420.624
329.488
221.02
93.9964
-42.2835
-190.658
-347.797
-503.876
-652.458
-791.905
-919.822
-1034.17
-1135.52
-1224.36
-1300.89
-1365.4
-1418.06
-1458.94
-1488.42
-1506.97
-1515.25
-1513.9
-1503.3
-1483.25
-1453.12
-1411.83
-1358.44
-1293.08
-1216.37
-1128.73
-1030.61
-922.613
-805.243
-678.399
-541.607
-391.975
-228.633
-36.7971
152.679
474.953
551.146
628.455
700.274
762.052
816.562
860.993
894.112
915.897
925.9
923.966
909.945
883.858
845.801
796.088
735.471
665.084
586.597
502.19
414.468
326.364
240.922
160.961
88.708
25.3568
-28.873
-74.0103
-109.77
-135.556
-150.998
-156.075
-150.704
-134.915
-108.515
-71.0809
-20.5854
44.5211
135.213
236.35
396.008
311.649
211.125
93.2812
-33.0668
-170.767
-316.817
-462.017
-600.345
-730.478
-850.229
-957.753
-1053.72
-1138.75
-1213.08
-1277.08
-1330.88
-1374.37
-1407.64
-1430.83
-1444.2
-1447.99
-1442.37
-1427.07
-1401.57
-1365.04
-1316.61
-1256.21
-1184.29
-1101.25
-1007.47
-903.51
-789.83
-666.376
-532.743
-386.329
-226.569
-40.6094
141.383
445.229
516.036
587.986
654.789
712.269
763.113
804.684
835.95
856.945
867.3
866.933
855.714
833.639
800.736
757.18
703.525
640.634
569.852
493.001
412.334
330.467
250.186
174.153
104.588
42.7958
-10.7976
-55.9526
-92.2132
-118.931
-135.638
-142.203
-138.441
-124.317
-99.6016
-63.8557
-15.1951
47.7133
134.411
229.608
371.822
293.505
200.09
90.4535
-27.0067
-155.136
-291.206
-426.551
-555.554
-677.089
-789.185
-890.132
-980.704
-1061.6
-1133.13
-1195.73
-1249.55
-1294.44
-1330.29
-1357
-1374.49
-1382.73
-1381.61
-1370.78
-1349.73
-1317.78
-1274.13
-1218.58
-1151.42
-1072.97
-983.588
-883.736
-773.86
-653.931
-523.623
-380.628
-224.68
-44.832
129.731
416.735
482.692
549.809
612.083
665.679
713.173
752.112
781.624
801.791
812.316
813.178
804.277
785.601
757.143
718.99
671.53
615.414
551.715
481.94
408.018
332.254
257.179
185.278
118.72
58.8671
6.28786
-38.5667
-75.074
-102.513
-120.324
-128.262
-126.044
-113.557
-90.5347
-56.5256
-9.79236
50.7835
133.355
222.713
348.317
275.419
188.389
86.1469
-23.319
-142.816
-269.857
-396.251
-516.737
-630.356
-735.305
-829.99
-915.254
-991.862
-1060.2
-1120.76
-1173.79
-1219.09
-1256.48
-1285.68
-1306.42
-1318.39
-1321.28
-1314.57
-1297.73
-1270.17
-1231.13
-1180.3
-1117.82
-1043.95
-958.982
-863.31
-757.339
-641.071
-514.253
-374.876
-222.966
-49.4267
117.773
389.553
451.131
513.864
572.026
622.093
666.524
703.042
730.892
750.217
760.778
762.595
755.611
739.823
715.201
681.773
639.81
589.789
532.562
469.365
401.835
331.981
262.082
194.438
131.134
73.5442
22.3207
-21.9292
-58.4291
-86.3753
-105.119
-114.305
-113.554
-102.667
-81.3403
-49.1112
-4.39286
53.7253
132.062
215.7
325.651
257.64
176.382
80.8366
-21.4076
-133.074
-251.903
-370.147
-482.833
-589.163
-687.45
-776.212
-856.337
-928.643
-993.555
-1051.67
-1103.27
-1148.21
-1186.29
-1217.12
-1240.28
-1255.29
-1261.64
-1258.68
-1245.79
-1222.36
-1187.72
-1141.45
-1083.57
-1014.24
-933.691
-842.253
-740.283
-627.805
-504.639
-369.08
-221.422
-54.3543
105.561
363.72
421.321
480.045
534.475
581.314
622.946
657.231
683.522
702.007
712.498
715.057
709.668
696.332
675.022
645.724
608.625
564.072
512.731
455.609
394.087
329.9
265.084
201.752
141.875
86.8083
37.2389
-6.1188
-42.3593
-70.5947
-90.0921
-100.388
-101.018
-91.6842
-72.047
-41.6355
0.988117
56.5316
130.558
208.608
303.922
240.345
164.327
74.8737
-20.8037
-125.347
-236.673
-347.451
-452.992
-552.591
-644.682
-727.871
-803.079
-871.146
-932.542
-987.934
-1037.66
-1081.65
-1119.71
-1151.43
-1176.29
-1193.68
-1202.96
-1203.33
-1194.05
-1174.51
-1144.03
-1102.15
-1048.75
-983.898
-907.761
-820.597
-722.71
-614.144
-494.791
-363.24
-220.044
-59.5663
93.1613
339.24
393.209
448.272
499.286
543.182
582.232
614.459
639.285
656.952
667.297
670.427
666.361
655.116
636.665
610.98
578.182
538.52
492.511
440.971
385.053
326.254
266.379
207.346
151.006
98.6632
51.0021
8.80123
-26.9359
-55.2435
-75.3107
-86.5707
-88.4831
-80.6479
-62.6864
-34.1223
6.33338
59.1981
128.867
201.474
283.186
223.649
152.414
68.5227
-21.1512
-119.184
-223.632
-327.556
-426.517
-519.893
-606.22
-684.186
-754.719
-818.669
-876.545
-929.064
-976.627
-1019.23
-1056.72
-1088.7
-1114.61
-1133.79
-1145.46
-1148.72
-1142.71
-1126.77
-1100.2
-1062.5
-1013.44
-952.995
-881.242
-798.375
-704.645
-600.105
-484.716
-357.358
-218.819
-65.0159
80.6367
316.094
366.74
418.444
466.33
507.521
544.197
574.518
597.979
614.846
624.993
628.556
625.592
616.131
600.157
577.632
548.636
513.339
472.145
425.707
374.991
321.275
266.153
211.355
158.604
109.131
63.5886
22.7794
-12.2248
-40.3921
-60.8433
-72.9162
-76.0034
-69.6014
-53.2932
-26.5987
11.6267
61.7222
127.015
194.336
263.474
207.632
140.777
61.9866
-22.1866
-114.235
-212.356
-309.964
-402.85
-490.467
-571.437
-644.51
-710.607
-770.601
-825.012
-874.598
-919.809
-960.702
-997.194
-1028.94
-1055.37
-1075.77
-1089.33
-1095.05
-1091.95
-1079.29
-1056.37
-1022.64
-977.761
-921.61
-854.195
-775.631
-686.115
-585.706
-474.426
-351.434
-217.732
-70.6501
68.0503
294.258
341.847
390.46
435.469
474.173
508.659
537.22
559.403
575.498
585.41
589.303
587.258
579.323
565.495
545.735
520.096
488.692
451.834
410.049
364.136
315.186
264.598
213.929
164.764
118.25
74.99
35.7758
1.7155
-26.1065
-46.7569
-59.4876
-63.633
-58.5907
-43.9046
-19.0926
16.8516
64.1037
125.032
187.236
244.792
192.343
129.513
55.4198
-23.692
-110.232
-202.511
-294.286
-381.554
-463.822
-539.798
-608.298
-670.219
-726.433
-777.474
-824.122
-866.879
-905.856
-941.036
-972.133
-998.617
-1019.77
-1034.75
-1042.5
-1041.94
-1032.24
-1012.69
-982.684
-941.804
-889.83
-826.686
-752.414
-667.156
-570.969
-463.931
-345.466
-216.763
-76.4124
55.4703
273.689
318.46
364.222
406.578
442.987
475.453
502.384
523.371
538.723
548.378
552.515
551.24
544.614
532.65
515.315
492.641
464.707
431.75
394.191
352.693
308.186
261.895
215.212
169.588
126.075
85.2144
47.7635
14.8378
-12.4473
-33.1161
-46.3485
-51.4287
-47.6641
-34.5605
-11.6338
21.9909
66.3428
122.946
180.213
227.132
177.809
118.692
48.9362
-25.5021
-106.953
-193.826
-280.188
-362.244
-439.541
-510.867
-575.084
-633.074
-685.693
-733.486
-777.248
-817.509
-854.442
-888.095
-918.232
-944.389
-965.872
-981.846
-991.217
-992.825
-985.769
-969.298
-942.766
-905.687
-857.747
-798.789
-728.781
-647.806
-555.919
-453.244
-339.448
-215.888
-82.2482
42.9676
254.34
296.512
339.632
379.536
413.83
444.422
469.843
489.713
504.36
513.739
518.052
517.422
511.924
501.584
486.377
466.326
441.481
412.025
378.296
340.844
300.46
258.215
215.348
173.18
132.668
94.2838
58.7298
27.1035
0.530505
-19.9833
-33.5616
-39.4486
-36.8734
-25.3027
-4.25336
27.0285
68.4418
120.785
173.305
210.477
164.039
108.354
42.6199
-27.4939
-104.228
-186.078
-267.41
-344.61
-417.282
-484.263
-544.473
-598.771
-647.996
-692.68
-733.632
-771.411
-806.235
-838.208
-867.157
-892.682
-914.149
-930.738
-941.352
-944.771
-940.025
-926.333
-903.021
-869.528
-825.462
-770.586
-704.794
-628.111
-540.585
-442.377
-333.376
-215.078
-88.0979
30.6082
236.164
275.927
316.599
354.231
386.565
415.425
439.442
458.269
472.244
481.345
485.78
485.692
481.164
472.242
458.906
441.177
419.085
392.77
362.507
328.753
292.177
253.72
214.478
175.651
138.104
102.232
68.6724
38.4831
12.7801
-7.41636
-21.1874
-27.7514
-26.2703
-16.175
3.01712
31.9472
70.405
118.578
166.55
194.799
151.035
98.5335
36.5307
-29.569
-101.914
-179.088
-255.729
-328.412
-396.764
-459.684
-516.141
-566.971
-612.986
-654.716
-692.966
-728.308
-761.002
-791.205
-818.806
-843.463
-864.618
-881.496
-893.007
-897.895
-895.142
-883.934
-863.576
-833.447
-793.079
-742.162
-680.522
-608.121
-524.996
-431.345
-327.243
-214.3
-93.9028
18.4625
219.111
256.635
295.035
330.555
361.07
388.326
411.036
428.888
442.23
451.048
455.564
455.931
452.246
444.565
432.879
417.206
397.566
374.07
346.939
316.554
283.486
248.554
212.737
177.115
142.466
109.108
77.605
48.9615
24.2655
4.53552
-9.28513
-16.3938
-15.9071
-7.22065
10.1451
36.732
72.2363
116.351
159.983
180.067
138.785
89.2437
30.7178
-31.6453
-99.8988
-172.711
-244.977
-313.437
-377.747
-436.866
-489.809
-537.383
-580.371
-619.297
-654.964
-687.944
-718.531
-746.918
-773.062
-796.686
-817.293
-834.177
-846.272
-852.316
-851.246
-842.236
-824.559
-797.562
-760.707
-713.609
-656.033
-587.89
-509.192
-420.158
-321.041
-213.522
-99.6042
6.59718
203.129
238.569
274.855
308.411
337.236
363.001
384.494
401.437
414.179
422.717
427.282
428.032
425.078
418.486
408.256
394.408
376.956
355.988
331.685
304.363
274.514
242.853
210.25
177.68
145.833
114.96
85.5448
58.5297
34.9566
15.8267
2.091
-5.43258
-5.83646
1.51467
17.0988
41.3654
73.9422
114.132
153.637
166.248
127.275
80.4909
25.2111
-33.666
-98.0997
-166.829
-235.001
-299.507
-360.033
-415.587
-465.235
-509.754
-549.898
-586.177
-619.381
-650.09
-678.613
-705.183
-729.807
-752.276
-772.148
-788.803
-801.216
-808.125
-808.449
-801.357
-786.101
-761.995
-728.45
-685.023
-631.411
-567.474
-493.205
-408.838
-314.757
-212.706
-105.144
-4.92169
188.166
221.665
255.975
287.704
314.955
339.332
359.694
375.786
387.96
396.224
400.811
401.888
399.57
393.936
384.994
372.768
357.268
338.57
316.816
292.277
265.375
236.739
207.138
177.451
148.295
119.848
92.5257
67.1906
44.8331
26.4195
12.8937
5.08017
3.89063
9.98835
23.8439
45.8325
75.5271
111.94
147.539
153.302
116.484
72.2761
20.0277
-35.5872
-96.4468
-161.35
-225.68
-286.479
-343.454
-395.663
-442.218
-483.866
-521.335
-555.123
-585.994
-614.53
-641.058
-665.833
-688.915
-710.143
-729.147
-745.385
-757.882
-765.399
-766.852
-761.407
-748.315
-726.865
-696.426
-656.5
-606.734
-546.935
-477.075
-397.397
-308.385
-211.814
-110.47
-16.0317
174.17
205.853
238.322
268.344
294.127
317.212
336.519
351.819
363.457
371.453
376.042
377.396
375.634
370.845
363.046
352.262
338.508
321.844
302.391
280.378
256.168
230.316
203.507
176.533
149.935
123.839
98.5845
74.9578
53.8826
36.2832
23.08
15.0945
13.225
18.156
30.3505
50.1175
76.9953
109.798
141.713
141.193
106.389
64.5896
15.1833
-37.377
-94.886
-156.195
-216.916
-274.231
-327.87
-376.938
-420.588
-459.541
-494.494
-525.935
-554.606
-581.079
-605.691
-628.721
-650.26
-670.204
-688.248
-703.913
-716.302
-724.201
-726.537
-722.49
-711.312
-692.281
-664.736
-628.141
-582.085
-526.338
-460.848
-385.85
-301.915
-210.812
-115.523
-26.6729
161.093
191.077
221.822
250.248
274.663
296.542
314.864
329.421
340.555
348.293
352.866
354.457
353.183
349.141
342.357
332.861
320.668
305.83
288.452
268.727
246.974
223.678
199.455
175.015
150.837
126.996
103.765
81.8491
62.1026
45.3952
32.613
24.565
22.1215
25.9769
36.587
54.2061
78.3547
107.722
136.18
129.882
96.9627
57.4214
10.6832
-39.011
-93.3709
-151.302
-208.625
-262.662
-313.163
-359.274
-400.197
-436.62
-469.214
-498.446
-525.043
-549.562
-572.348
-593.692
-613.716
-632.362
-649.382
-664.359
-676.479
-684.566
-687.57
-684.689
-675.193
-658.352
-633.49
-600.036
-557.549
-505.749
-444.563
-374.22
-295.337
-209.655
-120.257
-36.7911
148.884
177.277
206.406
233.34
256.474
277.226
294.628
308.489
319.149
326.638
331.185
332.976
332.132
328.752
322.872
314.527
303.732
290.535
275.026
257.375
237.858
216.908
195.07
172.988
151.084
129.39
108.117
87.8938
69.499
53.7431
41.4661
33.4535
30.5378
33.4134
42.5248
58.084
79.6064
105.727
130.955
119.33
88.1793
50.7571
6.52564
-40.4746
-91.8707
-146.621
-200.74
-251.69
-299.232
-342.561
-380.918
-414.961
-445.343
-472.505
-497.153
-519.831
-540.882
-560.611
-579.164
-596.518
-612.477
-626.686
-638.411
-646.522
-650.004
-648.079
-640.043
-625.173
-602.785
-572.287
-533.205
-485.234
-428.267
-362.522
-288.641
-208.314
-124.623
-46.3388
137.498
164.396
192.01
217.545
239.48
259.179
275.72
288.93
299.144
306.394
310.906
312.866
312.4
309.609
304.536
297.22
287.68
275.957
262.135
246.361
228.878
210.071
190.43
170.532
150.751
131.086
111.692
93.1236
76.0848
61.32
49.6166
41.7265
38.4368
40.4295
48.1372
61.7372
80.7543
103.823
126.046
109.501
80.0094
44.5804
2.708
-41.7558
-90.3604
-142.108
-193.209
-241.245
-285.998
-326.702
-362.643
-394.453
-422.754
-447.976
-470.796
-491.745
-511.16
-529.353
-546.488
-562.575
-577.464
-590.852
-602.084
-610.084
-613.876
-612.722
-605.943
-592.833
-572.714
-544.981
-509.14
-464.856
-412.006
-350.778
-281.82
-206.753
-128.581
-55.2724
126.888
152.383
178.572
202.795
223.607
242.318
258.054
270.654
280.447
287.467
291.937
294.043
293.911
291.644
287.293
280.898
272.484
262.089
249.789
235.713
220.078
203.227
185.6
167.718
149.911
132.15
114.544
97.5778
81.8795
68.1282
57.0509
49.359
45.7868
46.9949
53.3997
65.1528
81.7998
102.016
121.457
100.356
72.4249
38.8711
-0.776011
-42.85
-88.8209
-137.734
-185.984
-231.268
-273.388
-311.618
-345.285
-374.995
-401.344
-424.747
-445.856
-465.181
-483.059
-499.799
-515.58
-530.438
-544.261
-556.799
-567.466
-575.246
-579.213
-578.666
-572.959
-561.414
-543.364
-518.204
-485.429
-444.684
-395.822
-339.009
-274.871
-204.941
-132.09
-63.5537
117.011
141.186
166.034
189.025
208.783
226.567
241.548
253.576
262.973
269.773
274.196
276.426
276.589
274.791
271.085
265.518
258.115
248.917
237.989
225.45
211.491
196.422
180.638
164.609
148.629
132.645
116.728
101.296
86.9094
74.1765
63.7634
56.3326
52.5627
53.083
58.2909
68.3196
82.7425
100.311
117.189
91.8581
65.3972
33.6108
-3.93756
-43.7559
-87.2394
-133.475
-179.026
-221.712
-261.347
-297.242
-328.765
-356.5
-381.019
-402.718
-422.226
-440.033
-456.467
-471.841
-486.338
-500.015
-512.797
-524.473
-534.524
-542
-546.024
-545.942
-541.144
-530.983
-514.814
-492.036
-462.148
-424.779
-379.763
-327.236
-267.79
-202.856
-135.123
-71.1537
107.825
130.755
154.341
176.172
194.94
211.856
226.127
237.618
246.64
253.231
257.603
259.939
260.363
258.983
255.857
251.035
244.542
236.421
226.731
215.581
203.144
189.697
175.594
161.264
146.965
132.63
118.296
104.324
91.2045
79.4809
69.7551
62.6368
58.7456
58.6725
62.7928
71.2259
83.5814
98.7062
113.234
83.9727
58.8971
28.7788
-6.78749
-44.475
-85.6077
-129.308
-172.309
-212.536
-249.82
-283.509
-313.013
-338.89
-361.691
-381.798
-399.811
-416.199
-431.287
-445.378
-458.664
-471.215
-482.987
-493.808
-503.213
-510.326
-514.315
-514.574
-510.539
-501.595
-487.126
-466.55
-439.367
-405.203
-363.872
-315.483
-260.583
-200.477
-137.651
-78.0528
99.2895
121.047
143.442
164.181
182.018
198.117
211.722
222.707
231.377
237.767
242.084
244.511
245.167
244.161
241.556
237.402
231.729
224.578
216.007
206.114
195.054
183.079
170.509
157.731
144.974
132.16
119.302
106.705
94.799
84.0629
75.0345
68.2679
64.3232
63.7472
66.8909
73.8628
84.3125
97.1973
109.582
76.6649
52.8969
24.3537
-9.33801
-45.0106
-83.919
-125.221
-165.805
-203.706
-238.766
-270.374
-297.974
-322.106
-343.297
-361.914
-378.529
-393.597
-407.429
-420.321
-432.47
-443.957
-454.76
-464.743
-473.488
-480.194
-484.076
-484.576
-481.173
-473.297
-460.361
-441.807
-417.148
-386.009
-348.193
-303.775
-253.246
-197.791
-139.658
-84.2331
91.3666
112.017
133.288
152.997
169.957
185.287
198.266
208.775
217.112
223.309
227.571
230.073
230.933
230.264
228.127
224.575
219.639
213.364
205.803
197.046
187.234
176.594
165.417
154.052
142.704
131.289
119.796
108.487
97.7309
87.9489
79.616
73.2299
69.2906
68.2974
70.5744
76.2222
84.9315
95.7777
106.219
69.9015
47.3684
20.3146
-11.604
-45.3699
-82.1723
-121.201
-159.496
-195.195
-228.152
-257.794
-283.6
-306.091
-325.772
-342.997
-358.31
-372.149
-384.813
-396.589
-407.675
-418.159
-428.041
-437.212
-445.299
-451.568
-455.289
-455.947
-453.067
-446.123
-434.564
-417.861
-395.546
-367.249
-332.764
-292.135
-245.791
-194.787
-141.133
-89.6873
84.0195
103.623
123.833
142.57
158.704
173.31
185.698
195.759
203.779
209.793
213.996
216.561
217.604
217.235
215.518
212.508
208.239
202.754
196.103
188.373
179.689
170.259
160.345
150.264
140.199
130.062
119.827
109.713
100.039
91.1698
83.5207
77.5333
73.6495
72.3188
73.8369
78.2976
85.4335
94.4374
103.125
63.6505
42.2852
16.6401
-13.599
-45.5597
-80.3661
-117.241
-153.367
-186.981
-217.948
-245.732
-269.847
-290.797
-309.063
-324.987
-339.089
-351.785
-363.365
-374.105
-384.2
-393.747
-402.758
-411.151
-418.592
-424.409
-427.928
-428.678
-426.228
-420.096
-409.77
-394.757
-374.61
-348.969
-317.624
-280.588
-238.227
-191.465
-142.068
-94.4144
77.2125
95.8269
115.033
132.852
148.206
162.128
173.96
183.596
191.317
197.155
201.298
203.916
205.12
205.02
203.682
201.16
197.492
192.718
186.89
180.086
172.423
164.086
155.316
146.398
137.497
128.524
119.44
110.43
101.766
93.7601
86.7742
81.1946
77.4076
75.8128
76.6758
80.0845
85.8118
93.1644
100.28
57.8816
37.6204
13.3102
-15.338
-45.5882
-78.5037
-113.335
-147.406
-179.045
-208.13
-234.158
-256.679
-276.18
-293.122
-307.831
-320.807
-332.443
-343.018
-352.799
-361.975
-370.65
-378.843
-386.496
-393.311
-398.675
-401.965
-402.753
-400.654
-395.229
-386.006
-372.53
-354.379
-331.209
-302.807
-269.161
-230.57
-187.828
-142.469
-98.4214
70.9124
88.5906
106.846
123.797
138.415
151.69
162.997
172.232
179.67
185.339
189.421
192.08
193.427
193.568
192.57
190.488
187.36
183.229
178.143
172.175
165.432
158.083
150.347
142.48
134.631
126.713
118.679
110.681
102.952
95.7567
89.4066
84.2361
80.5791
78.786
79.0927
81.5806
86.0601
91.9445
97.6597
52.5644
33.3494
10.3031
-16.8359
-45.4648
-76.5864
-109.481
-141.603
-171.371
-198.676
-223.045
-244.067
-262.205
-277.907
-291.484
-303.412
-314.066
-323.713
-332.608
-340.935
-348.799
-356.23
-363.187
-369.402
-374.318
-377.361
-378.149
-376.336
-371.524
-363.287
-351.205
-334.885
-314.003
-288.347
-257.877
-222.835
-183.888
-142.343
-101.719
65.0878
81.8788
99.2343
115.364
129.285
141.949
152.759
161.615
168.782
174.289
178.307
181
182.472
182.828
182.135
180.449
177.81
174.257
169.84
164.625
158.713
152.255
145.45
138.531
131.63
124.665
117.582
110.508
103.638
97.1983
91.4513
86.6845
83.1831
81.2504
81.0931
82.7855
86.1719
90.7626
95.2397
47.6712
29.447
7.59936
-18.1089
-45.1996
-74.6203
-105.677
-135.95
-163.947
-189.567
-212.371
-231.98
-248.841
-263.382
-275.905
-286.86
-296.606
-305.395
-313.473
-321.018
-328.133
-334.857
-341.161
-346.806
-351.286
-354.078
-354.837
-353.255
-348.978
-341.62
-330.798
-316.153
-297.38
-274.268
-246.762
-215.041
-179.657
-141.706
-104.328
59.708
75.6583
92.1605
107.512
120.773
132.859
143.197
151.694
158.604
163.954
167.909
170.626
172.207
172.755
172.336
171.006
168.805
165.774
161.959
157.423
152.258
146.603
140.636
134.569
128.521
122.412
116.188
109.952
103.868
98.1252
92.9449
88.5707
85.2438
83.2228
82.6862
83.7011
86.1412
89.6029
92.994
43.1746
25.8904
5.17883
-19.171
-44.8029
-72.609
-101.922
-130.443
-156.762
-180.79
-202.117
-220.396
-236.058
-249.514
-261.055
-271.109
-280.015
-288.015
-295.343
-302.168
-308.594
-314.664
-320.36
-325.47
-329.533
-332.072
-332.781
-331.386
-327.575
-321.001
-311.317
-298.198
-281.359
-260.598
-235.839
-207.212
-175.158
-140.58
-106.271
54.7446
69.897
85.59
100.203
112.84
124.377
134.268
142.423
149.088
154.286
158.176
160.91
162.585
163.303
163.13
162.12
160.313
157.752
154.478
150.553
146.06
141.126
135.912
130.609
125.324
119.983
114.531
109.052
103.682
98.5777
93.9255
89.9287
86.7888
84.7235
83.8847
84.3316
85.9628
88.4496
90.8963
39.0491
22.6561
3.02363
-20.0375
-44.2846
-70.559
-98.2177
-125.079
-149.809
-172.331
-192.264
-209.292
-223.831
-236.275
-246.902
-256.12
-264.252
-271.526
-278.165
-284.33
-290.124
-295.593
-300.726
-305.336
-309.005
-311.297
-311.942
-310.701
-307.296
-301.419
-292.762
-281.028
-265.957
-247.354
-225.131
-199.37
-170.413
-138.99
-107.576
50.1699
64.5654
79.4895
93.4026
105.446
116.463
125.93
133.76
140.189
145.24
149.064
151.807
153.564
154.432
154.478
153.755
152.303
150.162
147.376
143.999
140.109
135.822
131.282
126.662
122.058
117.404
112.643
107.843
103.118
98.5966
94.4325
90.7945
87.8491
85.7767
84.7044
84.6835
85.6329
87.2872
88.9209
35.2702
19.7229
1.11454
-20.7227
-43.6559
-68.4768
-94.566
-119.852
-143.079
-164.178
-182.798
-198.65
-212.138
-223.636
-233.415
-241.86
-249.278
-255.886
-261.893
-267.456
-272.671
-277.588
-282.204
-286.35
-289.649
-291.704
-292.278
-291.163
-288.114
-282.859
-275.124
-264.645
-251.182
-234.553
-214.659
-191.54
-165.452
-136.968
-108.278
45.9583
59.6348
73.8287
87.0768
98.5578
109.08
118.143
125.663
131.867
136.775
140.53
143.277
145.102
146.103
146.343
145.876
144.741
142.979
140.629
137.744
134.395
130.686
126.749
122.739
118.742
114.698
110.553
106.361
102.215
98.2219
94.5059
91.2058
88.4579
86.4089
85.1638
84.7654
85.1489
86.1015
87.043
31.8142
17.07
-0.566018
-21.2405
-42.9261
-66.3671
-90.9674
-114.762
-136.566
-156.322
-173.705
-188.453
-200.955
-211.573
-220.564
-228.296
-235.057
-241.053
-246.484
-251.497
-256.185
-260.598
-264.74
-268.459
-271.413
-273.245
-273.745
-272.734
-269.997
-265.297
-258.39
-249.043
-237.039
-222.207
-204.441
-183.747
-160.304
-134.55
-108.415
42.0851
55.0784
68.5784
81.1942
92.1405
102.192
110.871
118.094
124.081
128.85
132.536
135.279
137.162
138.278
138.691
138.452
137.601
136.177
134.217
131.772
128.907
125.715
122.315
118.847
115.389
111.887
108.289
104.638
101.011
97.4926
94.1856
91.2013
88.6499
86.649
85.2836
84.5881
84.51
84.8795
85.2392
28.659
14.6778
-2.03458
-21.6047
-42.1061
-64.2379
-87.4259
-109.807
-130.266
-148.755
-164.972
-178.684
-190.266
-200.063
-208.324
-215.397
-221.555
-226.992
-231.897
-236.408
-240.617
-244.573
-248.281
-251.608
-254.245
-255.869
-256.295
-255.371
-252.91
-248.704
-242.54
-234.213
-223.528
-210.324
-194.494
-176.015
-155
-131.771
-108.025
38.5272
50.871
63.7107
75.7252
86.1627
95.7655
104.078
111.017
116.796
121.428
125.044
127.777
129.706
130.922
131.488
131.451
130.853
129.73
128.12
126.068
123.633
120.902
117.98
114.993
112.013
108.989
105.875
102.704
99.5386
96.4468
93.5107
90.8193
88.4607
86.5273
85.0862
84.1639
83.7172
83.61
83.4883
25.7838
12.5273
-3.30724
-21.8286
-41.2052
-62.0939
-83.9433
-104.986
-124.174
-141.467
-156.588
-169.33
-180.051
-189.085
-196.67
-203.136
-208.739
-213.666
-218.092
-222.149
-225.923
-229.462
-232.777
-235.748
-238.093
-239.525
-239.881
-239.031
-236.814
-233.049
-227.551
-220.14
-210.642
-198.91
-184.833
-168.368
-149.574
-128.673
-107.152
35.2627
46.9886
59.2002
70.6422
80.5951
89.7705
97.7323
104.4
109.977
114.476
118.02
120.736
122.703
124.004
124.703
124.846
124.472
123.618
122.318
120.616
118.565
116.243
113.745
111.184
108.624
106.023
103.336
100.589
97.8322
95.1208
92.5194
90.0981
87.9261
86.0746
84.5953
83.5071
82.7732
82.284
81.7708
23.1683
10.6008
-4.39968
-21.9242
-40.2329
-59.9428
-80.5222
-100.298
-118.285
-134.451
-148.543
-160.374
-170.293
-178.618
-185.577
-191.484
-196.581
-201.041
-205.032
-208.676
-212.057
-215.221
-218.179
-220.826
-222.906
-224.162
-224.453
-223.667
-221.666
-218.295
-213.394
-206.804
-198.372
-187.964
-175.471
-160.83
-144.058
-125.294
-105.839
32.2709
43.4089
55.0222
65.9188
75.4099
84.1775
91.8041
98.211
103.593
107.961
111.431
114.126
116.119
117.494
118.307
118.608
118.433
117.817
116.793
115.401
113.69
111.731
109.609
107.423
105.234
103.003
100.691
98.3173
95.9225
93.5492
91.2485
89.0748
87.0815
85.3223
83.8355
82.6331
81.6826
80.8945
80.0699
20.7939
8.88117
-5.32612
-21.9034
-39.1986
-57.7896
-77.166
-95.7435
-112.596
-127.7
-140.825
-151.805
-160.976
-168.643
-175.025
-180.417
-185.049
-189.085
-192.681
-195.953
-198.978
-201.803
-204.44
-206.794
-208.635
-209.731
-209.962
-209.233
-207.425
-204.406
-200.038
-194.182
-186.706
-177.486
-166.416
-153.422
-138.484
-121.674
-104.132
29.5319
40.1104
51.1537
61.5304
70.581
78.9587
86.2645
92.4203
97.6137
101.853
105.247
107.916
109.927
111.361
112.275
112.713
112.712
112.306
111.526
110.409
109
107.362
105.57
103.715
101.85
99.9445
97.9609
95.9149
93.8384
91.7646
89.7329
87.7851
85.9614
84.3013
82.8316
81.5584
80.4515
79.4366
78.3713
18.6427
7.35269
-6.10046
-21.7782
-38.1106
-55.6405
-73.877
-91.3204
-107.103
-121.208
-133.425
-143.609
-152.084
-159.14
-164.989
-169.91
-174.118
-177.767
-181.005
-183.941
-186.646
-189.166
-191.513
-193.603
-195.229
-196.182
-196.36
-195.681
-194.047
-191.342
-187.45
-182.251
-175.628
-167.47
-157.676
-146.162
-132.883
-117.856
-102.075
27.0277
37.0732
47.5732
57.4542
66.0842
74.0889
81.0866
87.0007
92.0108
96.1228
99.4405
102.077
104.099
105.581
106.579
107.137
107.289
107.068
106.503
105.628
104.485
103.129
101.628
100.063
98.4824
96.8602
95.1637
93.4043
91.6071
89.7975
88.0058
86.2631
84.5992
83.0419
81.6087
80.3003
79.0878
77.9078
76.6632
16.6979
6.00019
-6.73618
-21.5586
-36.9771
-53.5006
-70.657
-87.0286
-101.801
-114.967
-126.333
-135.774
-143.601
-150.092
-155.45
-159.937
-163.758
-167.057
-169.971
-172.603
-175.021
-177.267
-179.354
-181.208
-182.641
-183.467
-183.597
-182.965
-181.486
-179.063
-175.596
-170.982
-165.119
-157.909
-149.255
-139.069
-127.284
-113.876
-99.7128
24.7409
34.2787
44.2606
53.6683
61.8964
69.544
76.2459
81.9269
86.7587
90.7451
93.9844
96.5849
98.6088
100.129
101.198
101.858
102.143
102.084
101.707
101.046
100.136
99.0277
97.7822
96.4704
95.1375
93.7623
92.3158
90.8063
89.2535
87.6766
86.0981
84.541
83.0265
81.5733
80.1912
78.8763
77.6003
76.3075
74.9366
14.9436
4.80947
-7.24513
-21.2549
-35.8061
-51.3749
-67.5086
-82.8672
-96.6886
-108.971
-119.54
-128.287
-135.511
-141.48
-146.385
-150.477
-153.944
-156.925
-159.547
-161.906
-164.066
-166.066
-167.922
-169.564
-170.824
-171.537
-171.627
-171.038
-169.699
-167.528
-164.44
-160.347
-155.161
-148.794
-141.156
-132.155
-121.713
-109.772
-97.0882
22.6551
31.7091
41.1968
50.1524
57.9962
65.3016
71.7191
77.1749
81.8328
85.6952
88.8546
91.4144
93.4336
94.9812
96.1089
96.8561
97.2558
97.3366
97.125
96.6498
95.9444
95.0533
94.0307
92.9399
91.8224
90.6617
89.4323
88.1402
86.8007
85.4279
84.0385
82.6489
81.2734
79.9235
78.6032
77.3045
75.9993
74.6372
73.1848
13.3651
3.767
-7.63931
-20.8767
-34.6044
-49.2684
-64.4339
-78.8352
-91.7603
-103.213
-113.035
-121.136
-127.802
-133.287
-137.776
-141.505
-144.65
-147.343
-149.702
-151.815
-153.744
-155.525
-157.173
-158.626
-159.733
-160.347
-160.403
-159.854
-158.642
-156.696
-153.946
-150.317
-145.732
-140.114
-133.378
-125.435
-116.195
-105.578
-94.2428
20.7552
29.3478
38.3638
46.8874
54.3636
61.3406
67.4844
72.7222
77.2107
80.9503
84.0282
86.5433
88.551
90.1173
91.2919
92.1122
92.6097
92.8119
92.7433
92.4303
91.9031
91.2013
90.3728
89.474
88.5432
87.5682
86.5268
85.4235
84.2697
83.0757
81.8536
80.6145
79.3676
78.1189
76.8675
75.6025
74.2955
72.8998
71.4037
11.9483
2.86032
-7.92931
-20.4329
-33.3791
-47.185
-61.4341
-74.9316
-87.0125
-97.6856
-106.81
-114.308
-120.456
-125.495
-129.602
-132.999
-135.852
-138.284
-140.405
-142.298
-144.02
-145.605
-147.068
-148.354
-149.326
-149.853
-149.88
-149.369
-148.271
-146.528
-144.078
-140.861
-136.81
-131.855
-125.92
-118.918
-110.751
-101.325
-91.2159
19.0266
27.1794
35.7451
43.8557
50.9797
57.6414
63.5215
68.548
72.8711
76.489
79.4841
81.9506
83.9407
85.5175
86.7282
87.6086
88.189
88.4951
88.5498
88.3774
88.0049
87.4674
86.8074
86.0749
85.3056
84.4909
83.6121
82.6721
81.6797
80.6421
79.5676
78.4635
77.3352
76.1841
75.0061
73.7877
72.5005
71.1
69.591
10.68
2.07765
-8.1255
-19.9318
-32.1361
-45.1288
-58.5105
-71.1549
-82.4411
-92.3832
-100.855
-107.793
-113.46
-118.087
-121.843
-124.937
-127.525
-129.72
-131.627
-133.323
-134.86
-136.271
-137.57
-138.707
-139.559
-140.011
-140.014
-139.539
-138.545
-136.983
-134.802
-131.951
-128.372
-124.004
-118.778
-112.61
-105.401
-97.044
-88.0442
17.4562
25.1893
33.3249
41.0404
47.8269
54.1857
59.8112
64.6329
68.794
72.2915
75.2025
77.617
79.5839
81.1633
82.4005
83.3295
83.979
84.3731
84.5334
84.4821
84.2433
83.8478
83.3335
82.7447
82.1145
81.4379
80.6993
79.9005
79.0481
78.1469
77.2026
76.2195
75.1998
74.1422
73.0396
71.8772
70.626
69.2435
67.7465
9.54814
1.40788
-8.23736
-19.381
-30.8814
-43.1034
-55.6642
-67.5034
-78.0419
-87.2982
-95.1606
-101.577
-106.799
-111.046
-114.481
-117.298
-119.644
-121.627
-123.342
-124.86
-126.233
-127.488
-128.641
-129.647
-130.394
-130.78
-130.764
-130.323
-129.423
-128.024
-126.082
-123.555
-120.394
-116.546
-111.946
-106.517
-100.159
-92.7596
-84.7614
16.0311
23.3639
31.0887
38.4259
44.8889
50.9563
56.336
60.9589
64.9614
68.3393
71.1651
73.5243
75.4628
77.038
78.2928
79.2596
79.9657
80.4339
80.6839
80.7362
80.6121
80.339
79.9502
79.4851
78.9744
78.4165
77.7985
77.1216
76.3904
75.6083
74.7786
73.9036
72.9833
72.0142
70.9875
69.887
68.684
67.3368
65.8717
8.54108
0.840833
-8.27373
-18.7878
-29.6201
-41.1117
-52.896
-63.9753
-73.81
-82.4234
-89.7167
-95.6477
-100.458
-104.356
-107.496
-110.06
-112.187
-113.977
-115.52
-116.88
-118.105
-119.223
-120.247
-121.136
-121.791
-122.12
-122.09
-121.681
-120.867
-119.613
-117.885
-115.646
-112.854
-109.465
-105.418
-100.642
-95.0391
-88.4954
-81.3986
14.7398
21.6906
29.0228
35.9978
42.1503
47.9372
53.0792
57.509
61.3561
64.6154
67.3547
69.6556
71.5611
73.1255
74.39
75.385
76.1367
76.666
76.9916
77.1319
77.106
76.9378
76.6567
76.2976
75.8895
75.4333
74.919
74.347
73.7208
73.0423
72.3135
71.5351
70.7054
69.8196
68.8676
67.8327
66.6863
65.3874
63.9693
7.64813
0.366694
-8.24301
-18.1588
-28.357
-39.1566
-50.2062
-60.5684
-69.741
-77.7517
-84.5137
-89.9942
-94.4234
-97.9996
-100.869
-103.203
-105.132
-106.748
-108.135
-109.354
-110.449
-111.444
-112.353
-113.14
-113.713
-113.994
-113.953
-113.576
-112.839
-111.716
-110.178
-108.194
-105.729
-102.744
-99.1853
-94.9857
-90.0523
-84.2711
-77.9833
13.5713
20.1575
27.1145
33.7425
39.5969
45.1136
50.0257
54.2675
57.962
61.1036
63.7556
65.9953
67.8635
69.4115
70.6785
71.6931
72.4801
73.0594
73.4479
73.6623
73.7197
73.641
73.4519
73.1836
72.8632
72.494
72.0686
71.5871
71.0517
70.4635
69.8235
69.1311
68.3839
67.576
66.6967
65.7288
64.6444
63.4033
62.0432
6.8593
-0.023372
-8.1529
-17.5004
-27.0968
-37.2405
-47.5946
-57.2804
-65.8299
-73.2757
-79.542
-84.604
-88.6808
-91.9605
-94.5819
-96.7066
-98.4556
-99.9152
-101.163
-102.256
-103.233
-104.12
-104.927
-105.624
-106.127
-106.366
-106.317
-105.969
-105.304
-104.298
-102.929
-101.171
-98.9954
-96.3666
-93.2383
-89.5475
-85.2065
-80.1038
-74.5405
12.5153
18.7536
25.3518
31.6474
37.2154
42.4717
47.1611
51.2197
54.7643
57.7891
60.3528
62.529
64.3559
65.8824
67.1452
68.1718
68.9852
69.6042
70.0444
70.3208
70.4485
70.4457
70.3352
70.1443
69.8987
69.604
69.2548
68.851
68.3941
67.8847
67.3227
66.7071
66.0348
65.2993
64.4897
63.589
62.5697
61.3923
60.0979
6.1652
-0.338009
-8.01066
-16.8182
-25.8434
-35.3655
-45.0613
-54.1087
-62.0716
-68.9877
-74.792
-79.4654
-83.2163
-86.223
-88.6176
-90.5514
-92.1371
-93.4554
-94.5779
-95.5579
-96.4314
-97.2217
-97.9395
-98.5562
-98.998
-99.2018
-99.1479
-98.8279
-98.2273
-97.3274
-96.1093
-94.5519
-92.6312
-90.3168
-87.5672
-84.325
-80.5074
-76.0077
-71.0917
11.5624
17.4686
23.7238
29.7008
34.9935
39.9986
44.472
48.3521
51.7494
54.6582
57.1325
59.2427
61.0251
62.5255
63.7784
64.8098
65.6418
66.2916
66.7736
67.1013
67.2879
67.3493
67.3054
67.1804
66.9987
66.7676
66.4836
66.1467
65.7579
65.317
64.8238
64.2767
63.6722
63.0038
62.2606
61.4259
60.4729
59.3629
58.139
5.55719
-0.584818
-7.82314
-16.1177
-24.601
-33.534
-42.6061
-51.0511
-58.4606
-64.8797
-70.2535
-74.5665
-78.0159
-80.7713
-82.9581
-84.7177
-86.1554
-87.3462
-88.3566
-89.2354
-90.0166
-90.7214
-91.36
-91.9065
-92.2948
-92.4688
-92.4122
-92.1188
-91.5773
-90.7726
-89.689
-88.3098
-86.6145
-84.5774
-82.1614
-79.3143
-75.9592
-71.9944
-67.6555
10.7038
16.2931
22.2205
27.8918
32.9198
37.6825
41.9463
45.6521
48.9042
51.698
54.0818
56.1237
57.8587
59.3289
60.5667
61.5969
62.4404
63.1131
63.6282
63.9978
64.2336
64.3491
64.3616
64.2927
64.1652
63.9885
63.7606
63.4813
63.1514
62.7704
62.3379
61.8519
61.3089
60.7025
60.022
59.2512
58.3642
57.3232
56.1724
5.02728
-0.770935
-7.59623
-15.4035
-23.3725
-31.7472
-40.2285
-48.1051
-54.9913
-60.9439
-65.917
-69.8956
-73.0658
-75.5897
-77.5862
-79.1871
-80.4904
-81.5661
-82.4755
-83.2641
-83.963
-84.592
-85.1606
-85.6456
-85.9875
-86.1365
-86.079
-85.8109
-85.3234
-84.6044
-83.6411
-82.4201
-80.9244
-79.1317
-77.0095
-74.5107
-71.5637
-68.0731
-64.2482
9.93157
15.2184
20.8324
26.2101
30.9835
35.5118
39.5718
43.1075
46.2165
48.8963
51.1885
53.1604
54.8459
56.2823
57.5
58.5232
59.372
60.0608
60.6014
61.005
61.2814
61.4422
61.5024
61.4813
61.4002
61.2699
61.0901
60.8607
60.5819
60.2535
59.8745
59.4432
58.9559
58.4066
57.785
57.0754
56.2531
55.2814
54.2044
4.56819
-0.902731
-7.33511
-14.6795
-22.1601
-30.0054
-37.9264
-45.2669
-51.6577
-57.173
-61.7737
-65.4416
-68.3528
-70.6629
-72.4847
-73.9409
-75.1224
-76.094
-76.9129
-77.6208
-78.2462
-78.808
-79.3148
-79.7458
-80.0473
-80.1754
-80.1188
-79.8748
-79.4367
-78.795
-77.9394
-76.8591
-75.5401
-73.9632
-72.1
-69.9078
-67.3211
-64.2506
-60.8827
9.23775
14.2359
19.5507
24.6466
29.1752
33.4764
37.3381
40.7072
43.6742
46.2411
48.4399
50.3412
51.9763
53.3757
54.5685
55.5798
56.4286
57.1275
57.6872
58.1176
58.4275
58.6262
58.7268
58.7462
58.7047
58.6143
58.4761
58.2899
58.0559
57.7736
57.4422
57.0599
56.6233
56.1265
55.5599
54.9087
54.149
53.2453
52.2418
4.17261
-0.987151
-7.04648
-13.9509
-20.9674
-28.3101
-35.6983
-42.5324
-48.4514
-53.5593
-57.8165
-61.195
-63.8645
-65.9764
-67.6377
-68.9616
-70.0322
-70.9098
-71.6471
-72.2826
-72.8429
-73.345
-73.7971
-74.1806
-74.4474
-74.5582
-74.5038
-74.2828
-73.8903
-73.3185
-72.5594
-71.6045
-70.4419
-69.0558
-67.421
-65.4993
-63.2304
-60.5321
-57.5703
8.61399
13.3379
18.3674
23.1938
27.4868
31.569
35.2374
38.4428
41.269
43.7248
45.8247
47.6529
49.2376
50.5971
51.7607
52.7561
53.6008
54.3052
54.8787
55.3305
55.6679
55.8985
56.0335
56.0876
56.0802
56.0242
55.922
55.7735
55.5787
55.3372
55.0483
54.7101
54.3195
53.871
53.3558
52.7596
52.0599
51.2224
50.2909
3.83237
-1.03229
-6.73791
-13.2259
-19.8023
-26.6687
-33.5495
-39.9022
-45.3594
-50.0884
-54.0338
-57.1442
-59.5873
-61.5156
-63.0296
-64.2327
-65.2021
-65.9944
-66.6581
-67.2288
-67.7306
-68.1795
-68.5832
-68.9252
-69.1617
-69.2582
-69.2072
-69.0082
-68.6575
-68.149
-67.4768
-66.6338
-65.6104
-64.3932
-62.9601
-61.277
-59.2891
-56.9203
-54.3195
8.05499
12.5183
17.2757
21.8439
25.9108
29.7816
33.2621
36.307
38.9948
41.342
43.334
45.086
46.6197
47.9361
49.0662
50.0421
50.8791
51.5848
52.1679
52.6367
52.997
53.255
53.4199
53.5044
53.5269
53.5011
53.4307
53.3156
53.1556
52.9507
52.6998
52.4015
52.0529
51.6491
51.1816
50.6372
49.9947
49.2206
48.3588
3.54255
-1.04213
-6.41387
-12.5076
-18.6681
-25.0845
-31.4863
-37.3835
-42.3763
-46.7488
-50.4123
-53.2736
-55.5046
-57.263
-58.6424
-59.7355
-60.6132
-61.3284
-61.9259
-62.4385
-62.8882
-63.29
-63.6511
-63.9565
-64.1667
-64.252
-64.2055
-64.0274
-63.7154
-63.2647
-62.6709
-61.9278
-61.0283
-59.9608
-58.7061
-57.2337
-55.4941
-53.4175
-51.1374
7.56053
11.774
16.2691
20.588
24.4358
28.1
31.398
34.2848
36.838
39.0737
40.9577
42.6445
44.1284
45.394
46.4847
47.4376
48.2628
48.965
49.5526
50.0339
50.4127
50.6937
50.8844
50.9953
51.0441
51.0452
51.0032
50.918
50.7895
50.6175
50.4013
50.1394
49.8295
49.4669
49.0438
48.5482
47.9598
47.2463
46.4513
3.30522
-1.01276
-6.06421
-11.7819
-17.5467
-23.5355
-29.487
-34.9608
-39.5194
-43.5654
-46.9645
-49.5826
-51.6097
-53.2088
-54.4629
-55.4537
-56.2469
-56.8913
-57.429
-57.8893
-58.2924
-58.6521
-58.9757
-59.2494
-59.4372
-59.5137
-59.4724
-59.3146
-59.0383
-58.6407
-58.1178
-57.4646
-56.6762
-55.7418
-54.6455
-53.36
-51.8404
-50.0228
-48.0273
7.12694
11.1004
15.341
19.4179
23.0508
26.5097
29.6255
32.3539
34.7743
36.8902
38.6673
40.3229
41.7669
42.9677
44.0108
44.9398
45.7515
46.4464
47.0348
47.5249
47.9189
48.2193
48.4319
48.566
48.6379
48.6627
48.646
48.5876
48.4872
48.3453
48.1605
47.9317
47.6574
47.3331
46.9514
46.5012
45.9638
45.308
44.5769
3.11765
-0.944752
-5.68666
-11.041
-16.4226
-21.9971
-27.517
-32.5827
-36.7584
-40.5608
-43.7148
-46.0763
-47.8998
-49.3497
-50.4871
-51.3812
-52.0945
-52.6732
-53.1557
-53.568
-53.9287
-54.2504
-54.5399
-54.7851
-54.9544
-55.0241
-54.9893
-54.8514
-54.6089
-54.26
-53.8012
-53.2297
-52.5405
-51.725
-50.7694
-49.6494
-48.3249
-46.7379
-44.9956
6.79579
10.58
14.6192
18.4822
21.912
25.1531
28.0423
30.5415
32.7295
34.617
36.1317
37.8709
39.4212
40.6382
41.7017
42.6743
43.5301
44.2634
44.889
45.4164
45.8464
46.1802
46.423
46.5836
46.6787
46.7249
46.7295
46.6917
46.6131
46.4936
46.3274
46.1197
45.8686
45.5692
45.2143
44.7935
44.2894
43.671
42.9824
2.97655
-0.88436
-5.38784
-10.4354
-15.4653
-20.6183
-25.6079
-30.0521
-33.5678
-37.528
-40.671
-42.895
-44.617
-46.0124
-47.1075
-47.962
-48.6405
-49.1914
-49.6503
-50.0425
-50.3857
-50.6922
-50.9689
-51.2046
-51.3699
-51.4421
-51.4175
-51.2979
-51.0828
-50.7702
-50.3583
-49.8448
-49.2252
-48.4935
-47.6365
-46.6326
-45.4453
-44.0218
-42.4598
6.5336
10.161
14.0247
17.6942
20.9256
23.9368
26.5738
28.798
30.6861
32.2636
33.4072
35.3302
37.0852
38.3786
39.5106
40.5717
41.5118
42.317
43.007
43.5927
44.0742
44.4523
44.7319
44.9223
45.0413
45.1082
45.1321
45.1114
45.0503
44.9483
44.7919
44.5971
44.3609
44.077
43.7382
43.3349
42.8505
42.2539
41.5908
2.87052
-0.824115
-5.12097
-9.89191
-14.5817
-19.2916
-23.6885
-27.4395
-30.1768
-34.4888
-37.7793
-39.9511
-41.6373
-43.0363
-44.1381
-44.9913
-45.6661
-46.2142
-46.6709
-47.0613
-47.4032
-47.7099
-47.9883
-48.2286
-48.4019
-48.485
-48.4742
-48.3726
-48.18
-47.8952
-47.5176
-47.0452
-46.4751
-45.8025
-45.0157
-44.0951
-43.0068
-41.7006
-40.2669
6.28066
9.75015
13.4374
16.9134
19.9476
22.7306
25.122
27.0775
28.679
29.9565
30.7523
32.8045
34.7383
36.1023
37.2901
38.4276
39.4456
40.3195
41.0712
41.7138
42.247
42.6694
42.9863
43.2069
43.3502
43.4382
43.4821
43.4792
43.4366
43.3527
43.2072
43.0257
42.8054
42.5374
42.2153
41.8301
41.3666
40.7931
40.1577
2.77569
-0.750811
-4.83859
-9.3311
-13.685
-17.9566
-21.7883
-24.8941
-26.8918
-31.4389
-34.8697
-36.9919
-38.6255
-40.0145
-41.1179
-41.9671
-42.6359
-43.179
-43.6327
-44.0209
-44.3613
-44.6678
-44.9486
-45.1945
-45.3765
-45.4715
-45.4771
-45.3959
-45.2283
-44.9746
-44.6339
-44.2053
-43.6873
-43.0752
-42.3587
-41.5207
-40.5298
-39.3397
-38.0427
6.03794
9.34985
12.8606
16.1454
18.9847
21.5426
23.696
25.3879
26.7172
27.6925
28.1716
30.2994
32.3776
33.8082
35.0442
36.2459
37.3344
38.2731
39.0838
39.7819
40.3664
40.8344
41.1904
41.443
41.6119
41.7216
41.7858
41.801
41.7776
41.7126
41.5793
41.4128
41.2099
40.9595
40.6552
40.2893
39.8471
39.2968
38.687
2.69157
-0.667019
-4.54546
-8.76047
-12.7853
-16.6244
-19.9237
-22.412
-23.7492
-28.3878
-31.9314
-34.0198
-35.5929
-36.9574
-38.055
-38.8981
-39.5586
-40.0945
-40.5426
-40.9266
-41.2634
-41.5676
-41.8482
-42.0969
-42.2844
-42.3879
-42.4057
-42.3406
-42.1941
-41.967
-41.659
-41.2704
-40.8007
-40.246
-39.5977
-38.8406
-37.9452
-36.8656
-35.6779
5.80754
8.9637
12.2994
15.3968
18.0446
20.3818
22.3053
23.7371
24.8064
25.4689
25.6614
27.8139
29.9977
31.4884
32.7679
34.0258
35.1794
36.1806
37.0486
37.8007
38.4356
38.9492
39.3451
39.6319
39.8299
39.9652
40.0528
40.0883
40.085
40.0387
39.9181
39.7663
39.5803
39.348
39.0634
38.7195
38.3024
37.7815
37.2087
2.61875
-0.57347
-4.2447
-8.18567
-11.8914
-15.3055
-18.1071
-19.9924
-20.762
-25.355
-28.9616
-31.0288
-32.5411
-33.869
-34.9521
-35.7855
-36.4354
-36.9629
-37.406
-37.788
-38.1251
-38.4312
-38.7153
-38.9721
-39.1731
-39.2956
-39.3366
-39.2993
-39.1858
-38.9964
-38.7316
-38.3921
-37.9774
-37.4843
-36.9056
-36.2269
-35.4244
-34.4612
-33.4348
5.59155
8.59585
11.7606
14.6756
17.136
19.258
20.9604
22.1338
22.9526
23.2833
23.2115
25.3434
27.5937
29.133
30.4506
31.7583
32.9744
34.0402
34.9695
35.7793
36.4677
37.0283
37.4629
37.7808
38.005
38.1661
38.2803
38.3418
38.3653
38.3433
38.2421
38.1097
37.9427
37.7278
37.4594
37.1318
36.7314
36.2249
35.6569
2.5569
-0.473113
-3.94116
-7.61541
-11.0137
-14.0136
-16.3522
-17.6413
-17.9318
-22.3563
-25.962
-28.0133
-29.47
-30.7527
-31.8134
-32.6337
-33.2705
-33.7834
-34.2116
-34.5791
-34.9037
-35.2001
-35.4779
-35.7303
-35.9274
-36.048
-36.0909
-36.0605
-35.9595
-35.7886
-35.5495
-35.2438
-34.872
-34.4322
-33.9193
-33.3196
-32.6065
-31.7305
-30.734
5.3925
8.2531
11.2549
13.9946
16.2706
18.1821
19.6657
20.5752
21.1464
21.1212
20.799
22.8744
25.1616
26.7376
28.0822
29.4269
30.6969
31.8257
32.8209
33.6979
34.4534
35.0778
35.5682
35.9284
36.1801
36.3595
36.4888
36.5653
36.6072
36.6043
36.5246
36.418
36.2817
36.1019
35.8723
35.5871
35.2356
34.7939
34.3312
2.50389
-0.372228
-3.6452
-7.06371
-10.1655
-12.761
-14.6655
-15.36
-15.2498
-19.4024
-22.9374
-24.9686
-26.3764
-27.6084
-28.6375
-29.4408
-30.0716
-30.5884
-31.0285
-31.4117
-31.7519
-32.062
-32.3543
-32.6274
-32.8584
-33.0228
-33.1141
-33.1357
-33.0905
-32.9792
-32.8032
-32.5631
-32.2589
-31.8883
-31.4465
-30.924
-30.3091
-29.5886
-28.8949
5.21211
7.94116
10.7924
13.3668
15.4629
17.1674
18.4228
19.0496
19.3706
18.9615
18.3834
20.3739
22.6852
24.3015
25.6758
27.0514
28.3612
29.5365
30.5824
31.5141
32.3282
33.0152
33.5749
34.0115
34.3377
34.5807
34.7589
34.8711
34.9384
34.9465
34.8707
34.7584
34.6099
34.4148
34.1705
33.8723
33.5027
33.0084
32.4017
2.4566
-0.278934
-3.37046
-6.5492
-9.36364
-11.5613
-13.0512
-13.1504
-12.6984
-16.4975
-19.8917
-21.8881
-23.2534
-24.4374
-25.4289
-26.1945
-26.7734
-27.2251
-27.5973
-27.9201
-28.2129
-28.4898
-28.7585
-29.0065
-29.2007
-29.3239
-29.3807
-29.3761
-29.3122
-29.1903
-29.0136
-28.7851
-28.5074
-28.1808
-27.801
-27.3545
-26.8054
-26.0775
-25.1255
5.05
7.65792
10.3709
12.7942
14.7234
16.2357
17.2579
17.5979
17.6761
16.8252
15.93
17.7953
20.1091
21.7687
23.2042
24.6548
26.044
27.2931
28.4049
29.3934
30.25
30.9564
31.5077
31.9224
32.2462
32.5255
32.7682
32.9684
33.143
33.2404
33.2751
33.2837
33.259
33.1851
33.0554
32.8688
32.6366
32.382
32.2571
2.41643
-0.191697
-3.11767
-6.07971
-8.62288
-10.4471
-11.5506
-11.0386
-10.2559
-13.6413
-16.8263
-18.7643
-20.0854
-21.2182
-22.1909
-22.9954
-23.6666
-24.237
-24.7247
-25.1409
-25.4996
-25.8178
-26.1172
-26.4146
-26.7024
-26.9463
-27.1271
-27.2474
-27.31
-27.3161
-27.265
-27.1557
-26.9868
-26.7568
-26.4647
-26.1125
-25.7199
-25.3365
-25.1984
4.90789
7.40377
9.99052
12.2785
14.0624
15.4123
16.2238
16.3301
16.1875
14.757
13.4247
15.1435
17.3897
18.9965
20.4344
21.9608
23.4812
24.8937
26.187
27.3704
28.4341
29.349
30.0739
30.5703
30.8522
31.0049
31.09
31.1133
31.1059
31.0726
30.9579
30.7829
30.5886
30.3823
30.1551
29.8838
29.5107
28.8776
27.8607
2.38819
-0.102164
-2.87784
-5.65087
-7.95434
-9.47525
-10.2424
-9.06178
-7.90617
-10.8335
-13.7354
-15.5946
-16.8934
-17.9492
-18.7498
-19.2899
-19.6381
-19.8881
-20.1094
-20.3358
-20.5782
-20.8388
-21.1105
-21.3551
-21.5185
-21.6025
-21.6335
-21.6179
-21.5564
-21.4522
-21.3105
-21.1385
-20.9415
-20.7221
-20.4737
-20.1714
-19.7388
-19.017
-17.7664
4.79869
7.22104
9.71661
11.8898
13.5379
14.7207
15.3047
15.1914
14.7341
12.512
10.7467
12.4861
14.7191
16.1728
17.4021
18.7399
20.1322
21.4859
22.7787
24.0115
25.1798
26.2901
27.3667
28.4159
29.3557
30.1369
30.7772
31.3425
31.8717
32.1823
32.435
32.6551
32.7955
32.8449
32.813
32.7367
32.7238
33.0046
33.99
2.35587
-0.0500271
-2.71002
-5.32299
-7.40506
-8.66367
-9.04378
-7.10241
-5.62657
-8.08192
-10.5915
-12.3024
-13.6466
-14.914
-16.113
-17.2007
-18.1479
-18.9209
-19.5171
-19.9631
-20.2991
-20.5661
-20.8195
-21.1346
-21.5496
-21.9904
-22.3815
-22.7148
-22.9944
-23.2218
-23.3913
-23.4953
-23.5299
-23.4953
-23.4028
-23.2835
-23.2369
-23.4576
-24.3986
4.74008
7.18891
9.67941
11.7817
13.2822
14.2084
14.3994
13.8199
12.6047
9.38328
7.51946
9.61959
12.327
14.1686
15.6124
16.9782
18.2857
19.4985
20.6044
21.58
22.3529
22.8012
22.8359
22.5026
22.1455
21.9778
21.9104
21.8205
21.6758
21.5945
21.3936
21.1777
21.0661
20.9992
20.9213
20.7807
20.3822
19.3085
16.942
2.26747
-0.154593
-2.78956
-5.2854
-7.11073
-7.96528
-7.58536
-4.81162
-3.33664
-5.4069
-7.47773
-8.85442
-9.72263
-10.1735
-10.2528
-10.1089
-9.90291
-9.77827
-9.78735
-9.92354
-10.1546
-10.4518
-10.7648
-10.9809
-10.9947
-10.8833
-10.7523
-10.6115
-10.4552
-10.2811
-10.1019
-9.93121
-9.77833
-9.6451
-9.51691
-9.34018
-8.94747
-8.02588
-6.01232
4.7151
7.26699
9.82511
11.9141
13.2904
13.9302
13.6391
12.3788
10.0456
5.82212
3.53502
5.42829
8.36243
11.0386
13.6375
16.2463
18.8783
21.5349
24.2427
27.0435
29.986
33.0597
36.082
38.6971
40.3881
41.2088
42.0829
42.6525
43.6127
45.8412
44.9938
44.7454
45.0125
45.133
45.0328
44.9546
45.2275
46.3968
48.9738
2.12431
-0.406285
-3.10706
-5.5506
-7.1266
-7.46163
-6.02627
-2.49355
-1.00803
-2.55771
-4.50913
-6.64935
-8.94181
-11.3226
-13.5122
-15.3023
-16.6527
-17.5494
-18.0766
-18.3539
-18.4912
-18.5815
-18.7593
-19.2471
-20.1499
-21.176
-22.0775
-22.866
-23.5867
-24.2439
-24.8174
-25.2915
-25.6645
-25.9467
-26.1777
-26.4456
-26.9898
-28.1912
-30.7261
692.624
669.897
645.508
619.565
592.745
565.612
538.641
512.089
486.09
460.736
436.101
412.257
389.269
367.192
346.075
325.954
306.857
288.797
271.779
255.796
240.829
226.855
213.839
201.744
190.525
180.139
170.537
161.672
153.499
145.973
139.051
132.692
126.856
121.507
116.61
112.128
108.029
104.279
100.846
97.6985
94.8043
92.1328
89.6543
87.3404
85.1638
83.0991
81.1229
79.214
77.3534
75.5249
73.7144
71.9108
70.105
68.2906
66.4631
64.6201
62.7611
60.8869
58.9999
57.1033
55.201
53.2977
51.3987
49.5093
47.6359
45.7836
43.9627
42.4055
41.0379
39.632
38.185
36.7436
35.1922
33.9621
31.8953
32.1412
27.0455
34.628
15.4168
50.8737
694.959
679.216
660.258
639.94
616.419
589.411
559.295
526.672
492.539
458.091
424.259
391.52
360.017
329.758
300.744
272.987
246.5
221.287
197.331
174.601
153.062
132.671
113.381
95.148
77.9269
61.6799
46.3708
31.9686
18.4474
5.7875
-6.02565
-17.0057
-27.1635
-36.5067
-45.0428
-52.7803
-59.7288
-65.9003
-71.309
-75.973
-79.9133
-83.1544
-85.7253
-87.6576
-88.9859
-89.7484
-89.9853
-89.7383
-89.0503
-87.9644
-86.5242
-84.7725
-82.7503
-80.4973
-78.0512
-75.4469
-72.7168
-69.8906
-66.9948
-64.0531
-61.0866
-58.113
-55.1482
-52.205
-49.2953
-46.4258
-43.608
-41.2312
-39.1429
-37.039
-34.7487
-32.6619
-29.9384
-28.4084
-24.3375
-25.1486
-16.7782
-25.0177
-4.73414
-31.8893
253.289
253.321
255.271
256.81
258.033
258.733
258.83
258.264
257.018
255.096
252.509
249.276
245.424
240.988
236.011
230.541
224.639
218.369
211.797
204.994
198.032
190.982
183.911
176.882
169.954
163.177
156.594
150.241
144.146
138.328
132.802
127.574
122.648
118.019
113.683
109.63
105.849
102.326
99.045
95.9899
93.1425
90.4841
87.9951
85.6561
83.4474
81.3497
79.3445
77.414
75.542
73.7136
71.9156
70.1367
68.3673
66.6
64.829
63.0505
61.2622
59.4635
57.6549
55.8384
54.0167
52.1933
50.3728
48.5598
46.7602
44.9784
43.2248
41.7234
40.4044
39.0477
37.648
36.2543
34.7492
33.5612
31.5565
31.7941
26.8855
34.1355
15.8046
49.8118
253.767
253.079
252.986
253.295
253.386
253.273
252.895
251.944
250.084
247.083
242.828
237.278
230.443
222.364
213.125
202.842
191.646
179.676
167.085
154.023
140.638
127.071
113.452
99.901
86.5226
73.4081
60.6338
48.2632
36.348
24.9308
14.0473
3.72393
-6.01736
-15.158
-23.6833
-31.5818
-38.8448
-45.4674
-51.4466
-56.7841
-61.4847
-65.5566
-69.0131
-71.8707
-74.1499
-75.8753
-77.0749
-77.7795
-78.0223
-77.8383
-77.2643
-76.3378
-75.0957
-73.575
-71.8119
-69.8407
-67.6941
-65.403
-62.9955
-60.4975
-57.9325
-55.3212
-52.6821
-50.0309
-47.3824
-44.746
-42.1345
-39.9181
-37.9596
-35.9874
-33.8111
-31.8508
-29.2205
-27.8095
-23.8314
-24.6933
-16.5596
-24.5084
-5.06638
-31.0731
136.757
137.206
137.66
137.995
138.48
139.042
139.697
140.425
141.209
142.024
142.837
143.619
144.332
144.942
145.412
145.704
145.788
145.632
145.209
144.501
143.494
142.182
140.568
138.662
136.48
134.049
131.398
128.56
125.573
122.475
119.304
116.097
112.888
109.706
106.577
103.523
100.561
97.7038
94.9595
92.3325
89.8238
87.4312
85.1499
82.9728
80.8913
78.8954
76.9742
75.1164
73.3108
71.5464
69.8127
68.1005
66.4014
64.7084
63.0159
61.3196
59.6167
57.9055
56.1858
54.4584
52.7253
50.9893
49.2542
47.524
45.8043
44.0987
42.4181
40.9774
39.7114
38.4081
37.0607
35.718
34.2685
33.1162
31.2033
31.3781
26.7755
33.4764
16.3471
48.337
136.138
134.878
133.462
132.046
130.511
128.857
127.108
125.25
123.283
121.226
119.11
116.959
114.773
112.513
110.109
107.481
104.552
101.25
97.5193
93.3137
88.6048
83.3812
77.6495
71.4353
64.7793
57.736
50.3704
42.7555
34.9682
27.0876
19.1926
11.3579
3.65329
-3.85498
-11.1083
-18.0538
-24.6454
-30.8437
-36.615
-41.9323
-46.7749
-51.1271
-54.9798
-58.3293
-61.1774
-63.531
-65.4017
-66.806
-67.764
-68.2992
-68.4382
-68.2098
-67.644
-66.7721
-65.6258
-64.2366
-62.6351
-60.8508
-58.9121
-56.8452
-54.6746
-52.4225
-50.1096
-47.7532
-45.3701
-42.9728
-40.574
-38.5248
-36.703
-34.8664
-32.8162
-30.9776
-28.4729
-27.1391
-23.3482
-24.1215
-16.4531
-23.8042
-5.56342
-30.076
140.909
141.306
141.537
141.657
141.66
141.515
141.235
140.817
140.268
139.594
138.802
137.903
136.906
135.823
134.664
133.438
132.154
130.819
129.437
128.009
126.537
125.015
123.441
121.809
120.111
118.343
116.501
114.58
112.583
110.511
108.37
106.171
103.924
101.642
99.3409
97.0353
94.7399
92.4684
90.2329
88.0434
85.9076
83.8309
81.8159
79.8633
77.9715
76.1372
74.3554
72.6202
70.9248
69.262
67.6245
66.0052
64.3974
62.7952
61.1937
59.5889
57.9778
56.3585
54.7304
53.0937
51.4499
49.8011
48.1506
46.5021
44.8605
43.2293
41.6197
40.2369
39.0198
37.7656
36.4672
35.1727
33.774
32.66
30.8162
30.9731
26.5563
32.9759
16.5054
47.3833
140.33
139.486
138.475
137.354
136.079
134.571
132.76
130.578
127.968
124.916
121.458
117.674
113.653
109.465
105.149
100.724
96.2042
91.5994
86.9168
82.1584
77.3193
72.3887
67.3532
62.1985
56.9108
51.4795
45.8993
40.1714
34.3047
28.3165
22.233
16.0867
9.91591
3.76498
-2.31985
-8.29047
-14.099
-19.6996
-25.0488
-30.1069
-34.8394
-39.2155
-43.2107
-46.806
-49.9881
-52.7489
-55.0859
-57.0022
-58.5054
-59.6075
-60.3247
-60.6762
-60.6843
-60.3736
-59.7699
-58.9002
-57.792
-56.4723
-54.9679
-53.3043
-51.5061
-49.596
-47.5954
-45.5232
-43.3975
-41.2333
-39.0434
-37.1575
-35.4664
-33.7586
-31.8295
-30.1088
-27.7217
-26.4745
-22.8362
-23.5905
-16.239
-23.2684
-5.74512
-29.447
120.145
120.403
120.668
120.927
121.158
121.357
121.519
121.631
121.686
121.672
121.58
121.401
121.127
120.748
120.261
119.66
118.943
118.11
117.164
116.108
114.949
113.693
112.351
110.93
109.44
107.89
106.288
104.642
102.957
101.24
99.4939
97.7245
95.9347
94.1288
92.3115
90.4873
88.6616
86.84
85.0281
83.2317
81.4561
79.7054
77.9833
76.292
74.6325
73.0046
71.4068
69.8366
68.2905
66.7645
65.2538
63.7538
62.2597
60.767
59.2719
57.771
56.2618
54.7425
53.2125
51.6718
50.1215
48.5636
47.0007
45.4364
43.8754
42.3207
40.7836
39.4596
38.2921
37.0878
35.8392
34.5933
33.2455
32.172
30.3906
30.5487
26.2692
32.5183
16.477
46.654
119.664
118.848
117.976
117.125
116.261
115.352
114.368
113.273
112.02
110.556
108.832
106.826
104.54
101.986
99.1746
96.1078
92.7834
89.2011
85.368
81.2973
77.006
72.5132
67.8395
63.0065
58.0349
52.9447
47.7543
42.4807
37.1395
31.746
26.3164
20.8672
15.4161
9.98505
4.59748
-0.720013
-5.93826
-11.0264
-15.952
-20.6829
-25.1873
-29.4349
-33.3978
-37.0519
-40.3765
-43.3552
-45.9757
-48.2314
-50.1198
-51.6429
-52.8072
-53.6229
-54.1041
-54.2679
-54.1334
-53.7222
-53.0571
-52.1616
-51.0596
-49.7748
-48.3306
-46.7491
-45.0518
-43.2579
-41.3863
-39.4539
-37.4732
-35.7508
-34.1908
-32.6125
-30.8055
-29.2052
-26.9338
-25.7847
-22.2783
-23.0618
-15.941
-22.8002
-5.76211
-28.943
93.0216
93.2219
93.4639
93.7013
93.9421
94.1863
94.4321
94.678
94.9222
95.1615
95.3934
95.6136
95.8171
95.9984
96.151
96.2678
96.3407
96.362
96.3233
96.2165
96.0344
95.7701
95.4182
94.9749
94.4379
93.8069
93.0834
92.2706
91.3727
90.3955
89.3459
88.2311
87.0584
85.8351
84.5687
83.2658
81.9331
80.5766
79.202
77.8147
76.4195
75.0206
73.6217
72.226
70.8358
69.4523
68.0765
66.708
65.3458
63.9884
62.6334
61.2783
59.9203
58.5566
57.1845
55.8019
54.4068
52.9981
51.5752
50.1384
48.6887
47.2279
45.7586
44.2839
42.8085
41.3352
39.8754
38.6142
37.5003
36.3497
35.1548
33.961
32.6681
31.6367
29.9252
30.0773
25.9574
31.9949
16.4454
45.831
92.6318
91.9099
91.1362
90.3896
89.6239
88.83
88.0105
87.148
86.2187
85.1976
84.0555
82.7696
81.3321
79.7484
78.0279
76.1752
74.1857
72.0464
69.7412
67.2564
64.5814
61.7085
58.6327
55.3526
51.8708
48.194
44.3327
40.3011
36.1163
31.7978
27.3679
22.8495
18.266
13.6429
9.00529
4.37926
-0.208545
-4.73106
-9.16051
-13.469
-17.6287
-21.6116
-25.3911
-28.9422
-32.2418
-35.2695
-38.0077
-40.4429
-42.5654
-44.3692
-45.8524
-47.0173
-47.8698
-48.4194
-48.6783
-48.6618
-48.3872
-47.8732
-47.14
-46.2081
-45.0987
-43.8324
-42.4294
-40.909
-39.2896
-37.5894
-35.8199
-34.264
-32.8393
-31.3949
-29.7158
-28.2402
-26.0912
-25.0437
-21.6778
-22.4895
-15.6132
-22.2863
-5.77028
-28.3647
76.3129
76.554
76.8237
77.0861
77.3523
77.6179
77.8822
78.144
78.402
78.6551
78.9021
79.1416
79.3722
79.5926
79.8012
79.9959
80.1749
80.336
80.4758
80.5912
80.6788
80.7339
80.7517
80.727
80.6548
80.5297
80.3467
80.1013
79.7896
79.4088
78.9575
78.4355
77.8435
77.1838
76.4594
75.6745
74.8337
73.9423
73.0056
72.029
71.0176
69.9763
68.9095
67.8211
66.7147
65.5929
64.4579
63.311
62.1529
60.984
59.8038
58.6115
57.4059
56.1859
54.9501
53.6971
52.4262
51.1368
49.8287
48.5026
47.1594
45.8012
44.4302
43.0499
41.6644
40.2767
38.8983
37.7037
36.6465
35.5527
34.4148
33.2758
32.0416
31.0533
29.4193
29.5567
25.6198
31.4033
16.4074
44.9099
75.9613
75.3871
74.7663
74.151
73.5043
72.8201
72.1124
71.3792
70.6018
69.7586
68.8271
67.7812
66.6013
65.2848
63.8436
62.2936
60.6467
58.908
57.0745
55.139
53.0945
50.935
48.6548
46.248
43.7089
41.0322
38.2141
35.2533
32.1501
28.908
25.5341
22.0381
18.4328
14.7348
10.9629
7.13847
3.28473
-0.573535
-4.41033
-8.19907
-11.9128
-15.5244
-19.0072
-22.3356
-25.4851
-28.4329
-31.1585
-33.6438
-35.8739
-37.8368
-39.5245
-40.9321
-42.0587
-42.9068
-43.4819
-43.7929
-43.8512
-43.6705
-43.2661
-42.655
-41.8552
-40.8846
-39.7618
-38.505
-37.1316
-35.66
-34.1008
-32.7122
-31.4247
-30.1162
-28.5688
-27.2202
-25.2001
-24.2541
-21.0403
-21.8713
-15.2635
-21.7212
-5.77241
-27.724
65.2385
65.4831
65.7477
66.0126
66.2843
66.5596
66.8381
67.1186
67.4001
67.681
67.96
68.2354
68.5053
68.768
69.0215
69.2636
69.4925
69.7062
69.9023
70.079
70.2344
70.3666
70.4734
70.5527
70.6028
70.6211
70.6054
70.553
70.4614
70.3276
70.1491
69.9232
69.6478
69.321
68.9416
68.5089
68.0231
67.4851
66.8964
66.2592
65.576
64.8498
64.0835
63.2802
62.4429
61.5743
60.6767
59.7521
58.802
57.8277
56.8296
55.8083
54.7636
53.6955
52.6036
51.4876
50.3475
49.1832
47.9951
46.7841
45.5517
44.2996
43.0305
41.7476
40.4551
39.1558
37.8615
36.7358
35.7373
34.7021
33.6233
32.5409
31.3678
30.4232
28.8707
28.9897
25.2442
30.7655
16.32
43.9684
64.9211
64.4501
63.941
63.4298
62.8908
62.3164
61.7176
61.1025
60.4684
59.8018
59.0856
58.2999
57.42
56.4253
55.3088
54.0771
52.7415
51.3118
49.7931
48.1841
46.4796
44.6754
42.7693
40.7603
38.6476
36.4299
34.1066
31.6775
29.1426
26.5029
23.7606
20.9189
17.9823
14.958
11.855
8.68465
5.46084
2.19973
-1.08028
-4.3589
-7.61434
-10.8235
-13.9625
-17.0078
-19.9355
-22.7227
-25.3475
-27.7901
-30.0324
-32.0587
-33.8565
-35.4158
-36.7302
-37.7963
-38.6139
-39.186
-39.5185
-39.6198
-39.5006
-39.1735
-38.6528
-37.9535
-37.0917
-36.0837
-34.9453
-33.6948
-32.3411
-31.1176
-29.9662
-28.7928
-27.3781
-26.1565
-24.2687
-23.4235
-20.3679
-21.2166
-14.8819
-21.1285
-5.73343
-27.0713
55.853
56.0733
56.3111
56.5533
56.8041
57.0615
57.3259
57.5966
57.8733
58.1551
58.4414
58.7312
59.0236
59.3173
59.6107
59.9025
60.1908
60.4735
60.7486
61.0139
61.2668
61.5049
61.7257
61.9266
62.1052
62.259
62.3856
62.4831
62.549
62.5817
62.5791
62.5395
62.4613
62.3429
62.1827
61.9797
61.7325
61.4405
61.1031
60.7202
60.2919
59.819
59.3023
58.743
58.1425
57.5023
56.824
56.1089
55.3585
54.5739
53.7561
52.9058
52.0236
51.1099
50.165
49.1894
48.1833
47.1474
46.0825
44.9897
43.8706
42.7273
41.5625
40.3793
39.1821
37.9734
36.7653
35.7102
34.772
33.797
32.7789
31.7546
30.6446
29.7442
28.2761
28.3752
24.8244
30.0858
16.1745
43.0239
55.5761
55.1784
54.7497
54.3179
53.8633
53.378
52.8665
52.3352
51.7896
51.2303
50.6484
50.0304
49.3612
48.6207
47.7896
46.8593
45.8334
44.7203
43.5275
42.2591
40.9135
39.4847
37.9672
36.3575
34.6533
32.8531
30.9555
28.9601
26.8671
24.6779
22.3948
20.0209
17.5602
15.0182
12.4012
9.71707
6.97518
4.18636
1.36315
-1.48011
-4.32762
-7.16178
-9.96381
-12.7141
-15.3922
-17.9774
-20.4491
-22.7877
-24.9746
-26.9924
-28.8261
-30.4625
-31.8913
-33.1048
-34.0982
-34.8697
-35.4201
-35.753
-35.8745
-35.7931
-35.5189
-35.0638
-34.4408
-33.664
-32.747
-31.7073
-30.5518
-29.4889
-28.4712
-27.4308
-26.1485
-25.0528
-23.2993
-22.5543
-19.66
-20.5281
-14.4637
-20.5144
-5.64649
-26.4157
47.9958
48.1938
48.4072
48.626
48.8533
49.088
49.3305
49.5804
49.8376
50.1018
50.3728
50.6501
50.9332
51.2215
51.5143
51.8109
52.1101
52.411
52.7123
53.0125
53.3101
53.6032
53.8898
54.1678
54.4349
54.6885
54.9261
55.1451
55.3427
55.5163
55.6633
55.7812
55.8679
55.9211
55.9388
55.9194
55.8613
55.763
55.6237
55.4423
55.2181
54.9507
54.6398
54.2853
53.8876
53.4469
52.9637
52.4387
51.8726
51.266
50.6197
49.9343
49.2105
48.4488
47.6499
46.8142
45.9426
45.0359
44.0951
43.1217
42.1174
41.0844
40.0254
38.9436
37.8432
36.727
35.6067
34.624
33.7474
32.8341
31.8783
30.9136
29.8683
29.0132
27.6321
27.7101
24.3581
29.3591
15.9793
42.0589
47.7548
47.4181
47.0557
46.6895
46.3039
45.8921
45.4565
44.9985
44.5202
44.0275
43.5232
43.0014
42.4515
41.8611
41.2136
40.4915
39.6858
38.7987
37.8375
36.8097
35.7201
34.5685
33.3501
32.0595
30.6929
29.2478
27.7219
26.1129
24.4192
22.6397
20.7746
18.8246
16.7914
14.6781
12.4892
10.2299
7.90731
5.52948
3.10603
0.647841
-1.8327
-4.32191
-6.80484
-9.26552
-11.6869
-14.0513
-16.3406
-18.5366
-20.6216
-22.5785
-24.3913
-26.0454
-27.5281
-28.829
-29.9398
-30.8548
-31.5709
-32.0875
-32.4065
-32.5323
-32.4713
-32.2318
-31.8236
-31.2584
-30.5471
-29.7061
-28.7396
-27.8315
-26.944
-26.0334
-24.8822
-23.9107
-22.2924
-21.6467
-18.9162
-19.8046
-14.0091
-19.8746
-5.51966
-25.7465
41.6734
41.8524
42.0445
42.2423
42.4484
42.6621
42.8835
43.1126
43.3495
43.5939
43.8458
44.1049
44.371
44.6438
44.9228
45.2075
45.4974
45.7918
46.0897
46.3905
46.6931
46.9962
47.2988
47.5992
47.896
48.1875
48.4718
48.7468
49.0104
49.2601
49.4937
49.7084
49.9019
50.0715
50.2147
50.3289
50.412
50.4616
50.476
50.4532
50.3918
50.2903
50.1478
49.9632
49.736
49.4655
49.1516
48.794
48.3926
47.9477
47.4594
46.928
46.3538
45.7373
45.079
44.3795
43.6396
42.8601
42.0423
41.1875
40.2977
39.375
38.4221
37.4422
36.4395
35.4166
34.3854
33.476
32.6621
31.8117
30.9194
30.0155
29.0365
28.2274
26.9355
26.9917
23.8427
28.5814
15.7383
41.0606
41.4626
41.1766
40.8692
40.5576
40.2292
39.8783
39.5071
39.1163
38.7042
38.2719
37.8251
37.3676
36.8962
36.4026
35.8764
35.3034
34.6674
33.9585
33.1774
32.3302
31.4241
30.4643
29.4519
28.3835
27.2543
26.061
24.8019
23.4751
22.0788
20.6115
19.0723
17.4605
15.776
14.0198
12.1937
10.3004
8.34388
6.3293
4.26313
2.1531
0.00840354
-2.16045
-4.34167
-6.52239
-8.6886
-10.8253
-12.9169
-14.9473
-16.9002
-18.7596
-20.5098
-22.1359
-23.6242
-24.9627
-26.1409
-27.1504
-27.985
-28.6407
-29.116
-29.4114
-29.5301
-29.4768
-29.2582
-28.8833
-28.3601
-27.7034
-26.9149
-26.1542
-25.3919
-24.6067
-23.5842
-22.7339
-21.251
-20.7028
-18.1376
-19.0465
-13.5196
-19.2062
-5.35845
-25.0577
36.4821
36.6425
36.8139
36.9914
37.1767
37.3693
37.5696
37.7777
37.9935
38.2171
38.4485
38.6877
38.9345
39.1889
39.4506
39.7192
39.9946
40.2761
40.5633
40.8556
41.1522
41.4524
41.7551
42.0593
42.3638
42.6675
42.9688
43.2662
43.5581
43.8426
44.1178
44.3818
44.6322
44.867
45.0837
45.28
45.4533
45.6014
45.7217
45.812
45.87
45.8937
45.8813
45.8309
45.7411
45.6105
45.4381
45.2229
44.9642
44.6613
44.3139
43.9218
43.4849
43.0031
42.4768
41.9063
41.2922
40.6354
39.9368
39.1979
38.4203
37.6063
36.7583
35.8796
34.9742
34.0447
33.1026
32.2671
31.5164
30.7295
29.9014
29.059
28.1472
27.3849
26.1837
26.218
23.2756
27.7513
15.4508
40.0259
36.2975
36.0531
35.7907
35.524
35.2432
34.9432
34.6254
34.2907
33.9383
33.5664
33.1752
32.7691
32.3528
31.9255
31.481
31.0106
30.5021
29.9407
29.3162
28.6273
27.8789
27.0773
26.2281
25.3332
24.3897
23.3932
22.3408
21.2309
20.062
18.8328
17.5423
16.1896
14.7742
13.2962
11.7564
10.1562
8.49772
6.78396
5.01902
3.20796
1.3571
-0.526026
-2.43269
-4.35307
-6.27604
-8.18947
-10.0803
-11.9349
-13.7388
-15.4775
-17.1365
-18.7013
-20.1583
-21.4948
-22.6991
-23.7613
-24.6729
-25.4275
-26.0207
-26.4501
-26.7157
-26.8191
-26.764
-26.5567
-26.2023
-25.7139
-25.0904
-24.4682
-23.8248
-23.1594
-22.2614
-21.5284
-20.1793
-19.7259
-17.3266
-18.2553
-12.9967
-18.5096
-5.16504
-24.3471
32.1124
32.2551
32.4073
32.5654
32.7306
32.9029
33.0825
33.2694
33.4639
33.6661
33.8759
34.0937
34.3192
34.5525
34.7937
35.0424
35.2987
35.5622
35.8327
36.1098
36.3931
36.6819
36.9757
37.2736
37.5749
37.8786
38.1834
38.4883
38.7918
39.0925
39.3888
39.6789
39.961
40.2332
40.4934
40.7395
40.9693
41.1804
41.3706
41.5375
41.6787
41.7919
41.8748
41.9253
41.9413
41.9209
41.8623
41.7638
41.6242
41.4421
41.2166
40.9468
40.632
40.2719
39.8663
39.4151
38.9185
38.3772
37.792
37.1639
36.4946
35.786
35.0404
34.2608
33.4512
32.6139
31.7603
30.9982
30.3105
29.5871
28.8235
28.0429
27.1986
26.4837
25.374
25.3868
22.6537
26.8673
15.1166
38.9525
31.9511
31.7411
31.5159
31.2866
31.0454
30.788
30.5151
30.2271
29.9237
29.6044
29.2677
28.9127
28.5424
28.1618
27.7722
27.3692
26.9454
26.4909
25.9923
25.4391
24.8285
24.1642
23.4519
22.6973
21.9029
21.0665
20.1842
19.2528
18.2709
17.2371
16.1505
15.0099
13.8146
12.564
11.2585
9.89848
8.48524
7.02063
5.50726
3.94855
2.34887
0.713574
-0.950957
-2.63739
-4.33719
-6.04084
-7.73783
-9.41678
-11.0656
-12.6716
-14.2217
-15.7027
-17.1017
-18.406
-19.6038
-20.6842
-21.6376
-22.4558
-23.1324
-23.6627
-24.044
-24.2754
-24.3578
-24.2949
-24.0891
-23.7517
-23.2788
-22.7846
-22.2525
-21.6999
-20.9212
-20.3001
-19.082
-18.7198
-16.4856
-17.4328
-12.4417
-17.7846
-4.94261
-23.6124
28.4012
28.5278
28.6627
28.803
28.95
29.1034
29.2635
29.4306
29.6049
29.7863
29.9751
30.1715
30.3755
30.5871
30.8065
31.0337
31.2686
31.511
31.761
32.0183
32.2827
32.5537
32.8312
33.1144
33.4029
33.696
33.9929
34.2927
34.5942
34.8965
35.1982
35.4978
35.7938
36.0846
36.3683
36.6431
36.9069
37.1576
37.393
37.6108
37.8087
37.9844
38.1355
38.2597
38.3547
38.4183
38.4482
38.4425
38.3993
38.3168
38.1935
38.028
37.8191
37.5659
37.2678
36.9242
36.535
36.1003
35.6207
35.0968
34.53
33.9219
33.2746
32.5909
31.8742
31.1269
30.36
29.6703
29.045
28.3844
27.6847
26.9658
26.1889
25.5217
24.5034
24.4958
21.9738
25.9267
14.7358
37.8321
28.26
28.0791
27.885
27.6872
27.4793
27.2576
27.0226
26.7743
26.5122
26.236
25.9457
25.6398
25.3168
24.9783
24.629
24.2716
23.9037
23.5191
23.1096
22.6635
22.17
21.6251
21.0313
20.394
19.7186
19.0083
18.2618
17.4754
16.646
15.7722
14.8531
13.8876
12.8747
11.8137
10.7041
9.54596
8.33975
7.0864
5.78745
4.44514
3.06241
1.64306
0.191735
-1.28613
-2.78403
-4.29452
-5.80929
-7.31911
-8.81397
-10.2831
-11.7152
-13.0986
-14.4212
-15.6715
-16.8377
-17.9089
-18.875
-19.7268
-20.4566
-21.058
-21.5263
-21.8585
-22.0531
-22.1116
-22.0339
-21.8293
-21.4914
-21.1138
-20.6846
-20.2366
-19.5707
-19.0552
-17.9641
-17.6885
-15.6177
-16.5809
-11.8573
-17.0297
-4.69581
-22.846
25.225
25.3371
25.4564
25.5808
25.7112
25.8475
25.99
26.1389
26.2943
26.4565
26.6257
26.8019
26.9853
27.1761
27.3743
27.58
27.7934
28.0143
28.2428
28.4787
28.7221
28.9727
29.2302
29.4945
29.765
30.0413
30.323
30.6093
30.8995
31.1926
31.4879
31.7841
32.0799
32.3742
32.6652
32.9515
33.2312
33.5026
33.7635
34.0119
34.2455
34.4622
34.6596
34.8354
34.9871
35.1124
35.209
35.2746
35.3071
35.3042
35.2642
35.1851
35.0655
34.9038
34.6991
34.4502
34.1568
33.8183
33.435
33.0072
32.5357
32.0219
31.4675
30.875
30.2474
29.587
28.9041
28.2848
27.7203
27.1214
26.4846
25.8265
25.1161
24.4968
23.5694
23.5422
21.2334
24.9254
14.3101
36.6531
25.1014
24.9449
24.7772
24.606
24.4262
24.2347
24.0317
23.8173
23.5908
23.3515
23.0994
22.8346
22.556
22.2617
21.9519
21.6307
21.3017
20.9642
20.6135
20.2427
19.8415
19.3993
18.9108
18.3775
17.8041
17.1962
16.5573
15.887
15.1818
14.4388
13.6569
12.8349
11.9721
11.0676
10.1207
9.13111
8.09873
7.0239
5.90743
4.75058
3.55526
2.32406
1.0602
-0.232298
-1.54862
-2.88305
-4.22905
-5.57929
-6.92557
-8.25896
-9.56983
-10.848
-12.083
-13.264
-14.3802
-15.4212
-16.3766
-17.2372
-17.9944
-18.6407
-19.1701
-19.578
-19.8609
-20.0184
-20.0484
-19.9581
-19.7391
-19.4658
-19.13
-18.7779
-18.2172
-17.8
-16.8308
-16.636
-14.7269
-15.7012
-11.2483
-16.2427
-4.43339
-22.0351
22.4838
22.5829
22.6884
22.7985
22.9139
23.0347
23.1612
23.2934
23.4317
23.5762
23.7271
23.8845
24.0486
24.2197
24.3977
24.5829
24.7753
24.9751
25.1822
25.3967
25.6185
25.8476
26.084
26.3273
26.5774
26.834
27.0968
27.3652
27.6387
27.9167
28.1984
28.483
28.7696
29.0571
29.3442
29.6296
29.9119
30.1895
30.4605
30.7233
30.9757
31.2157
31.4412
31.6499
31.8394
32.0075
32.1517
32.2697
32.359
32.4176
32.443
32.4334
32.3867
32.3012
32.1754
32.0079
31.7977
31.5442
31.2469
30.9057
30.5212
30.0942
29.6261
29.119
28.5754
27.9974
27.3947
26.8432
26.3374
25.7982
25.2225
24.6241
23.9786
23.4068
22.569
22.5228
20.4304
23.8572
13.8419
35.3989
22.3755
22.2397
22.0943
21.9457
21.7896
21.6235
21.4476
21.2619
21.0655
20.858
20.6389
20.408
20.1655
19.9108
19.6418
19.3577
19.0614
18.757
18.4453
18.1229
17.7843
17.4206
17.0218
16.5825
16.1028
15.5865
15.0391
14.4642
13.8616
13.2279
12.5604
11.8579
11.1198
10.3455
9.53439
8.68566
7.79904
6.87451
5.91243
4.91348
3.87883
2.81016
1.70973
0.580379
-0.574367
-1.75018
-2.94204
-4.14419
-5.35005
-6.55231
-7.74297
-8.91337
-10.0544
-11.1565
-12.2099
-13.2048
-14.1315
-14.9807
-15.7436
-16.4124
-16.98
-17.4407
-17.7898
-18.0252
-18.1429
-18.1486
-18.032
-17.8503
-17.5979
-17.3321
-16.8683
-16.5409
-15.6879
-15.5665
-13.8175
-14.7936
-10.6213
-15.4141
-4.16806
-21.16
20.0841
20.1719
20.2652
20.3627
20.4649
20.5721
20.6843
20.8018
20.9248
21.0534
21.1878
21.3282
21.4748
21.6278
21.7872
21.9533
22.1262
22.3059
22.4927
22.6865
22.8873
23.0953
23.3104
23.5324
23.7614
23.997
24.2391
24.4873
24.7414
25.0008
25.265
25.5334
25.8051
26.0795
26.3555
26.632
26.9078
27.1817
27.4521
27.7174
27.976
28.226
28.4655
28.6923
28.9043
29.0993
29.275
29.429
29.559
29.6626
29.7376
29.7817
29.7927
29.7685
29.7075
29.608
29.4686
29.2881
29.0658
28.8013
28.4946
28.146
27.7566
27.3281
26.8626
26.3616
25.8344
25.3471
24.8972
24.4152
23.8981
23.3574
22.7747
22.2495
21.5
21.4333
19.5646
22.7101
13.3391
34.044
19.989
19.8709
19.7445
19.6152
19.4794
19.3351
19.1822
19.0207
18.8502
18.6699
18.4794
18.2783
18.0663
17.8438
17.6101
17.3636
17.1024
16.8284
16.5459
16.2574
15.9611
15.6518
15.3214
14.9601
14.5623
14.1287
13.6631
13.1699
12.6527
12.1116
11.5428
10.9431
10.3114
9.64749
8.95127
8.22206
7.45929
6.66265
5.83224
4.96839
4.07181
3.14361
2.18532
1.19894
0.187078
-0.847046
-1.8996
-2.96611
-4.04137
-5.1195
-6.19392
-7.25743
-8.30221
-9.32009
-10.3024
-11.2401
-12.1245
-12.9466
-13.6978
-14.3702
-14.9564
-15.4499
-15.845
-16.1386
-16.3252
-16.4091
-16.3785
-16.2755
-16.0965
-15.9066
-15.531
-15.2837
-14.5421
-14.4821
-12.8987
-13.853
-9.99293
-14.5266
-3.93577
-20.1817
18.0129
18.0898
18.1716
18.257
18.3467
18.4408
18.5394
18.6426
18.7508
18.864
18.9824
19.1063
19.2357
19.3709
19.512
19.6592
19.8127
19.9725
20.1388
20.3117
20.4912
20.6776
20.8707
21.0706
21.2771
21.4904
21.7102
21.9363
22.1685
22.4064
22.6498
22.8981
23.1508
23.4072
23.6665
23.928
24.1907
24.4534
24.715
24.9741
25.2292
25.4787
25.721
25.9541
26.1762
26.3851
26.5787
26.7549
26.9112
27.0456
27.1557
27.2388
27.2931
27.3163
27.3065
27.2617
27.1802
27.0608
26.902
26.7034
26.4644
26.1851
25.866
25.5083
25.1135
24.6834
24.2259
23.7984
23.401
22.9728
22.511
22.0251
21.5026
21.0216
20.3602
20.266
18.6377
21.4707
12.8176
32.5672
17.9299
17.8276
17.7181
17.606
17.4883
17.3633
17.231
17.0913
16.9438
16.7879
16.6232
16.4493
16.2663
16.075
15.8752
15.6641
15.4332
15.17
14.8682
14.5348
14.1886
13.8512
13.5415
13.2676
13.0181
12.7622
12.4632
12.0937
11.6509
11.1567
10.6387
10.109
9.56304
8.9918
8.39036
7.75819
7.09645
6.40569
5.68571
4.93621
4.15736
3.34981
2.51456
1.65299
0.766955
-0.14125
-1.06868
-2.01194
-2.96698
-3.92908
-4.89296
-5.85271
-6.8017
-7.733
-8.63921
-9.5123
-10.3443
-11.1272
-11.8525
-12.5128
-13.1006
-13.6092
-14.0321
-14.3657
-14.6035
-14.7482
-14.7876
-14.7501
-14.6344
-14.509
-14.2138
-14.0333
-13.4024
-13.3824
-11.9834
-12.869
-9.38567
-13.5546
-3.77303
-19.0634
15.5685
15.6337
15.7028
15.7751
15.8511
15.9309
16.0146
16.1023
16.1944
16.2909
16.392
16.4978
16.6086
16.7244
16.8456
16.9722
17.1044
17.2423
17.3861
17.536
17.692
17.8542
18.0228
18.1979
18.3793
18.5672
18.7616
18.9622
19.1691
19.3821
19.601
19.8254
20.0551
20.2895
20.528
20.7704
21.0158
21.2632
21.5119
21.7609
22.0088
22.2544
22.4963
22.733
22.963
23.1841
23.3945
23.5925
23.7757
23.9421
24.0892
24.2148
24.3168
24.3929
24.4409
24.4586
24.4441
24.3957
24.3119
24.1914
24.0334
23.8374
23.6036
23.3322
23.0245
22.682
22.3108
21.958
21.6267
21.2663
20.875
20.4594
20.0143
19.591
19.0452
18.9198
17.5976
20.0569
12.2704
30.918
15.4987
15.4136
15.3223
15.2286
15.1305
15.0263
14.9159
14.7995
14.6767
14.547
14.41
14.2654
14.1124
13.9506
13.7795
13.5989
13.4103
13.2152
13.0127
12.7999
12.5752
12.3406
12.0976
11.8452
11.5806
11.2989
10.9941
10.6641
10.31
9.93053
9.5239
9.09189
8.63809
8.16366
7.66721
7.14678
6.60136
6.03048
5.43407
4.81198
4.16426
3.49113
2.793
2.07066
1.32523
0.558158
-0.228579
-1.0326
-1.85112
-2.68063
-3.51722
-4.35643
-5.19301
-6.02135
-6.83558
-7.62892
-8.39428
-9.12479
-9.81275
-10.451
-11.0323
-11.5498
-11.9968
-12.3686
-12.6583
-12.8661
-12.9813
-13.0134
-12.9706
-12.9115
-12.7167
-12.5948
-12.1189
-12.0989
-10.9837
-11.6874
-8.78972
-12.3405
-3.75136
-17.6631
13.0832
13.1358
13.1915
13.2499
13.3113
13.3758
13.4435
13.5147
13.5894
13.668
13.7502
13.8364
13.9269
14.0216
14.121
14.2249
14.3336
14.4473
14.5661
14.6903
14.8198
14.9549
15.0957
15.2424
15.3949
15.5534
15.718
15.8886
16.0653
16.248
16.4368
16.6314
16.8318
17.0375
17.2482
17.4639
17.684
17.9078
18.1349
18.3644
18.5956
18.8274
19.0588
19.2889
19.5161
19.7388
19.9556
20.1649
20.3648
20.5532
20.7281
20.8876
21.0295
21.1512
21.2509
21.3262
21.375
21.3954
21.3853
21.3434
21.2681
21.1587
21.0147
20.8358
20.6225
20.3758
20.1011
19.8326
19.5761
19.2939
18.9841
18.6515
18.295
17.9504
17.5197
17.4222
16.3358
18.6218
11.4378
29.5359
13.0275
12.9605
12.8887
12.8148
12.7374
12.6554
12.5685
12.4769
12.3803
12.2784
12.1708
12.0571
11.9368
11.8095
11.6752
11.5354
11.3936
11.2547
11.1222
10.9934
10.8579
10.7012
10.5125
10.2895
10.0369
9.76448
9.4827
9.19846
8.91218
8.61857
8.3086
7.97468
7.61616
7.2377
6.84243
6.42974
5.99759
5.54447
5.06981
4.57346
4.05538
3.51552
2.95389
2.37075
1.76652
1.14211
0.498508
-0.162739
-0.839947
-1.5308
-2.23256
-2.94217
-3.65588
-4.36943
-5.07825
-5.77721
-6.46045
-7.12215
-7.75583
-8.35492
-8.91285
-9.4231
-9.87889
-10.275
-10.6041
-10.8652
-11.0472
-11.1458
-11.1694
-11.1816
-11.0746
-11.0353
-10.6765
-10.7338
-9.78658
-10.5225
-7.89385
-11.3678
-3.2242
-16.9956
11.038
11.0809
11.1264
11.1741
11.2243
11.277
11.3324
11.3906
11.4518
11.5161
11.5835
11.6542
11.7285
11.8064
11.8881
11.9736
12.0631
12.1569
12.255
12.3577
12.465
12.577
12.6941
12.8161
12.9433
13.0758
13.2136
13.3568
13.5055
13.6597
13.8195
13.9848
14.1555
14.3316
14.5128
14.6989
14.8898
15.0852
15.2844
15.4871
15.693
15.9009
16.1102
16.3204
16.5302
16.7384
16.9438
17.1454
17.3414
17.53
17.7098
17.879
18.0355
18.1772
18.3024
18.4087
18.4941
18.5566
18.5944
18.6055
18.5884
18.5419
18.4652
18.3576
18.219
18.0501
17.8552
17.6581
17.4661
17.2521
17.0144
16.7567
16.4805
16.2104
15.8842
15.8229
14.9491
17.1109
10.4656
28.1064
10.9929
10.9394
10.882
10.8229
10.761
10.6953
10.6259
10.5526
10.4752
10.3936
10.3074
10.2164
10.1203
10.0189
9.91179
9.79856
9.67913
9.5534
9.42161
9.28413
9.14067
8.98932
8.82698
8.65173
8.46597
8.27479
8.08092
7.88288
7.67517
7.45127
7.2077
6.94413
6.66095
6.35895
6.04019
5.70678
5.35883
4.99494
4.6136
4.21414
3.79637
3.36024
2.90575
2.43284
1.94166
1.43263
0.906288
0.363507
-0.194551
-0.766534
-1.35046
-1.94426
-2.54531
-3.15045
-3.75632
-4.35896
-4.95384
-5.53627
-6.10097
-6.64242
-7.15498
-7.63274
-8.06954
-8.46033
-8.79802
-9.08109
-9.29845
-9.43744
-9.50486
-9.56606
-9.52338
-9.54725
-9.28041
-9.40594
-8.59225
-9.38174
-6.95472
-10.4551
-2.61078
-16.4486
9.21826
9.25308
9.29003
9.32883
9.36963
9.41254
9.45758
9.50501
9.55488
9.60729
9.66231
9.72015
9.7809
9.84457
9.91143
9.98157
10.0551
10.1322
10.2129
10.2974
10.3858
10.4784
10.5751
10.6762
10.7817
10.8917
11.0064
11.1258
11.2501
11.3792
11.5134
11.6525
11.7964
11.9454
12.0992
12.2577
12.4208
12.5883
12.7599
12.9353
13.1142
13.296
13.4802
13.6661
13.8531
14.0402
14.2266
14.4113
14.5929
14.7702
14.9419
15.1065
15.2623
15.4075
15.5406
15.6595
15.7624
15.8475
15.913
15.9571
15.9781
15.9748
15.946
15.8911
15.8094
15.7014
15.5704
15.432
15.2939
15.138
14.9624
14.7704
14.5654
14.3635
14.132
14.1048
13.4365
15.4662
9.37796
26.4432
9.1818
9.13885
9.09288
9.04549
8.99574
8.94307
8.88739
8.82861
8.76653
8.70106
8.63196
8.55896
8.4819
8.40063
8.31481
8.22418
8.12857
8.02764
7.92127
7.80945
7.69238
7.57038
7.44306
7.30842
7.16355
7.008
6.84475
6.67792
6.50853
6.3335
6.14771
5.9467
5.72885
5.49404
5.24223
4.97464
4.69372
4.40077
4.09508
3.77519
3.44005
3.08936
2.72311
2.34136
1.94416
1.53159
1.10397
0.661729
0.205645
-0.263426
-0.744172
-1.23512
-1.73444
-2.23988
-2.74891
-3.25858
-3.76543
-4.26581
-4.75555
-5.23014
-5.6849
-6.1149
-6.51473
-6.87998
-7.20413
-7.48554
-7.71382
-7.8718
-7.96434
-8.05543
-8.05758
-8.125
-7.93184
-8.10633
-7.41411
-8.23579
-6.01641
-9.49935
-2.02247
-15.7235
7.55627
7.58394
7.6133
7.6441
7.67654
7.71069
7.74655
7.78433
7.82407
7.86586
7.90979
7.95596
8.00447
8.05535
8.10883
8.16502
8.22395
8.28581
8.35066
8.4186
8.48977
8.56436
8.64246
8.72408
8.80945
8.89868
8.99179
9.08892
9.19019
9.29566
9.40546
9.51954
9.63794
9.76078
9.88794
10.0194
10.1552
10.295
10.4388
10.5863
10.7375
10.8918
11.049
11.2084
11.3697
11.5323
11.6953
11.8581
12.0196
12.1789
12.3349
12.4865
12.6322
12.7706
12.9004
13.0198
13.1274
13.2215
13.3005
13.3628
13.4068
13.4313
13.4352
13.4177
13.378
13.3164
13.2353
13.144
13.0502
12.9424
12.8192
12.6837
12.54
12.3984
12.2494
12.2519
11.7704
13.6622
8.12073
24.5161
7.52739
7.49362
7.45751
7.42024
7.38113
7.33969
7.29587
7.24966
7.20086
7.14937
7.09507
7.03775
6.97724
6.91336
6.84596
6.77484
6.69979
6.62053
6.53686
6.44868
6.35594
6.25869
6.1571
6.05127
5.94015
5.82136
5.69269
5.55497
5.41218
5.26752
5.12071
4.96802
4.80481
4.62796
4.43636
4.22983
4.00909
3.77626
3.53335
3.28055
3.01657
2.74016
2.45081
2.14842
1.83311
1.50492
1.16395
0.810404
0.444716
0.0674278
-0.320624
-0.718409
-1.12471
-1.53788
-1.95611
-2.37725
-2.79868
-3.21758
-3.63078
-4.03469
-4.42552
-4.79933
-5.15147
-5.47835
-5.77425
-6.03772
-6.25927
-6.42027
-6.52352
-6.62943
-6.66021
-6.75524
-6.61861
-6.82655
-6.23883
-7.07807
-5.0541
-8.49298
-1.4093
-14.8663
6.05407
6.07545
6.0981
6.12189
6.14696
6.17336
6.20108
6.23027
6.261
6.29329
6.32725
6.36296
6.40044
6.43982
6.48125
6.52477
6.57038
6.61825
6.66852
6.72121
6.77641
6.8343
6.89495
6.95841
7.02482
7.09427
7.16681
7.24259
7.32166
7.40415
7.49014
7.57958
7.6726
7.76931
7.86962
7.97359
8.08118
8.19232
8.30696
8.42498
8.54629
8.67065
8.79782
8.92742
9.05917
9.19275
9.32745
9.46277
9.59815
9.73269
9.86569
9.99613
10.123
10.2452
10.3616
10.4708
10.5716
10.6626
10.7426
10.8101
10.8637
10.9024
10.9251
10.931
10.9195
10.8907
10.8462
10.7909
10.7316
10.6619
10.5809
10.4915
10.3979
10.3068
10.2255
10.25
9.9287
11.6791
6.64688
22.2734
6.03171
6.00572
5.97793
5.94918
5.91902
5.88707
5.8533
5.81764
5.78
5.7403
5.6984
5.65416
5.60746
5.55816
5.50614
5.45125
5.39332
5.33214
5.26754
5.19937
5.12744
5.05167
4.97212
4.88896
4.80238
4.71211
4.61653
4.51314
4.40088
4.28191
4.1602
4.03767
3.91281
3.78177
3.64062
3.4873
3.32108
3.1422
2.95239
2.75396
2.54794
2.33352
2.10955
1.8753
1.63068
1.37582
1.11078
0.8356
0.550391
0.255472
-0.048663
-0.361349
-0.681784
-1.00887
-1.34132
-1.67762
-2.01591
-2.35408
-2.68973
-3.02024
-3.34257
-3.65369
-3.9499
-4.2283
-4.48414
-4.71638
-4.91662
-5.06728
-5.16888
-5.27641
-5.32119
-5.42918
-5.33245
-5.55923
-5.05692
-5.90138
-4.0503
-7.4304
-0.725341
-13.9039
4.51977
4.53568
4.55253
4.57026
4.58897
4.60868
4.62942
4.65129
4.67431
4.69852
4.72402
4.75086
4.77909
4.80881
4.84009
4.87294
4.90746
4.94373
4.98186
5.02187
5.06386
5.10794
5.15414
5.20259
5.2534
5.30654
5.36212
5.42026
5.48101
5.54445
5.61062
5.67955
5.75132
5.82601
5.90353
5.98392
6.06721
6.15334
6.24231
6.33402
6.42834
6.52516
6.62431
6.72551
6.82865
6.9334
7.03927
7.14602
7.25318
7.3601
7.46629
7.57105
7.67361
7.77326
7.8691
7.96025
8.04562
8.12415
8.19495
8.25698
8.30911
8.35039
8.38009
8.39752
8.40201
8.3937
8.37389
8.34403
8.31007
8.26913
8.22072
8.16738
8.11265
8.06089
8.02987
8.06167
7.86041
9.45868
4.87795
19.5001
4.50319
4.48408
4.46363
4.44247
4.42026
4.39676
4.37195
4.34577
4.31813
4.28898
4.25823
4.22576
4.19153
4.15544
4.11738
4.07723
4.03487
3.99019
3.94309
3.89342
3.84099
3.78565
3.72741
3.66627
3.60234
3.53594
3.46709
3.39502
3.31771
3.23307
3.14138
3.04598
2.95031
2.85513
2.75818
2.65602
2.54573
2.42562
2.29506
2.15493
2.00734
1.85349
1.69279
1.52374
1.3455
1.15817
0.962194
0.75796
0.545676
0.325561
0.0979251
-0.136733
-0.377791
-0.624494
-0.875896
-1.13094
-1.38831
-1.64654
-1.90389
-2.15852
-2.40822
-2.65077
-2.88348
-3.10419
-3.30913
-3.49787
-3.66325
-3.79101
-3.87941
-3.97616
-4.02103
-4.12786
-4.05466
-4.28521
-3.84846
-4.68175
-2.98022
-6.27408
0.0542437
-12.6933
3.28717
3.29768
3.30885
3.32055
3.33286
3.3458
3.35942
3.37377
3.38878
3.40455
3.42116
3.43855
3.45682
3.47605
3.4962
3.51729
3.53944
3.56268
3.587
3.61248
3.63921
3.66719
3.69648
3.72714
3.75922
3.79273
3.8278
3.86446
3.90273
3.94269
3.98437
4.02785
4.07315
4.12031
4.16938
4.22042
4.27336
4.32827
4.38521
4.4441
4.50489
4.56757
4.63198
4.69806
4.76579
4.83486
4.90503
4.97621
5.04805
5.12013
5.1921
5.26355
5.33403
5.40294
5.46967
5.53374
5.59432
5.65063
5.70212
5.74808
5.78765
5.8202
5.84533
5.86248
5.87114
5.87139
5.86437
5.8506
5.83256
5.80985
5.78232
5.75229
5.72249
5.69621
5.69803
5.72587
5.60263
7.03501
2.89177
15.9724
3.27607
3.26307
3.24915
3.23479
3.21969
3.20368
3.18673
3.16881
3.14991
3.12995
3.10885
3.08653
3.06295
3.03807
3.01179
2.98401
2.95464
2.92364
2.89094
2.85637
2.81983
2.78119
2.74041
2.69735
2.65195
2.6044
2.55497
2.50382
2.45064
2.39404
2.33176
2.26264
2.18862
2.11328
2.03835
1.96225
1.88141
1.79277
1.69537
1.58952
1.47658
1.35904
1.23943
1.11829
0.994209
0.865444
0.731143
0.591254
0.446016
0.295598
0.140121
-0.0202333
-0.185182
-0.354315
-0.527076
-0.702781
-0.880601
-1.05958
-1.23857
-1.41632
-1.59137
-1.76218
-1.92695
-2.08428
-2.23138
-2.36847
-2.4897
-2.5859
-2.65236
-2.72867
-2.76228
-2.85629
-2.79178
-3.01333
-2.62121
-3.42943
-1.84676
-5.01254
0.931412
-11.0838
1.36947
1.37701
1.38506
1.39351
1.40242
1.41183
1.4218
1.43231
1.44336
1.45501
1.4673
1.48025
1.49392
1.50833
1.52346
1.53938
1.55616
1.57379
1.59227
1.6117
1.63212
1.65351
1.67595
1.69943
1.72397
1.74963
1.77642
1.80434
1.83343
1.86368
1.89508
1.92767
1.9614
1.99625
2.03227
2.06939
2.10752
2.14667
2.18677
2.22773
2.26957
2.31216
2.35529
2.39897
2.44322
2.48774
2.53241
2.5772
2.62188
2.66625
2.71013
2.75332
2.79562
2.83673
2.87635
2.91434
2.95033
2.98397
3.01503
3.04314
3.06789
3.08898
3.1063
3.11944
3.12805
3.13227
3.13277
3.12827
3.12223
3.11462
3.10574
3.09752
3.09054
3.08333
3.09816
3.09651
2.952
4.11766
0.597119
10.6112
1.36177
1.35304
1.34363
1.33384
1.32358
1.31273
1.3012
1.28902
1.27619
1.26265
1.24833
1.23315
1.21709
1.20013
1.18217
1.16313
1.14294
1.12156
1.09888
1.07479
1.04918
1.02192
0.992907
0.961975
0.928955
0.893765
0.856344
0.816405
0.773226
0.725704
0.67289
0.615543
0.559544
0.518742
0.513041
0.558902
0.658315
0.793082
0.928889
1.02773
1.06365
1.0326
0.951331
0.845707
0.73657
0.632794
0.533945
0.436651
0.338843
0.24023
0.141227
0.0421182
-0.0570679
-0.156343
-0.255671
-0.354922
-0.453875
-0.552298
-0.649793
-0.745917
-0.840069
-0.931646
-1.01976
-1.10391
-1.18237
-1.25597
-1.32025
-1.37293
-1.4071
-1.45246
-1.46343
-1.53248
-1.46393
-1.65794
-1.30461
-2.03218
-0.635178
-3.388
1.66165
-8.06792
1.18401
1.1835
1.18294
1.18229
1.18153
1.18068
1.17973
1.17867
1.17745
1.17608
1.17455
1.17287
1.171
1.16892
1.16663
1.1641
1.16133
1.15831
1.155
1.15141
1.14752
1.14332
1.13881
1.13396
1.12878
1.12328
1.11744
1.11127
1.10482
1.09806
1.09103
1.08377
1.07629
1.06864
1.0609
1.05307
1.04525
1.03749
1.02983
1.02234
1.01515
1.00827
1.00171
0.995583
0.989971
0.984819
0.980201
0.97617
0.972666
0.969716
0.967305
0.965401
0.963946
0.962845
0.96194
0.961125
0.960265
0.95917
0.957732
0.9558
0.953298
0.950138
0.946374
0.941968
0.937029
0.931794
0.927193
0.92744
0.92207
0.912927
0.900144
0.885102
0.868754
0.85406
0.867154
0.886664
0.85236
1.47072
-0.235926
4.16339
1.18435
1.18458
1.1849
1.18524
1.18556
1.18587
1.18615
1.18645
1.18675
1.18705
1.18735
1.18767
1.18803
1.18843
1.18889
1.18944
1.1901
1.19094
1.19196
1.19324
1.19489
1.19698
1.19967
1.2031
1.20724
1.21175
1.21613
1.22046
1.22712
1.24268
1.27774
1.34193
1.43327
1.5273
1.57628
1.52474
1.33614
1.01571
0.617238
0.22724
-0.069715
-0.228231
-0.258764
-0.211972
-0.143582
-0.0873455
-0.0512606
-0.029801
-0.0164285
-0.00842027
-0.00570533
-0.0085995
-0.0168298
-0.0297332
-0.0465824
-0.0667211
-0.0895029
-0.114343
-0.140631
-0.16783
-0.19542
-0.223018
-0.250113
-0.276643
-0.301726
-0.326634
-0.348597
-0.370411
-0.380613
-0.399986
-0.394822
-0.435878
-0.377742
-0.514982
-0.263836
-0.759368
0.157244
-1.5246
1.51508
-3.92431
)
;

boundaryField
{
    inlet
    {
        type            freestreamPressure;
        freestreamValue uniform 0;
        value           nonuniform List<scalar> 
134
(
4.69752
7.2399
9.78849
11.8697
13.2409
13.8783
13.5883
12.3326
10.0082
5.80043
1.98202
3.04275
4.68582
6.18301
7.6356
9.09258
10.5613
12.0425
13.5511
15.1105
2.1164
16.7481
18.4582
20.1392
21.5929
22.5315
22.8329
23.6063
23.3944
23.4029
26.9656
25.0747
24.9331
25.0788
25.1429
25.0842
25.0379
25.1869
25.8358
26.3851
-0.404771
-3.09548
-5.52991
-7.10004
-7.43382
-6.00381
-2.48425
28.3227
27.7322
26.912
26.3817
25.9763
25.5187
25.0064
24.4827
23.9573
23.4205
22.8652
22.2897
21.6926
21.0694
20.4137
19.7162
18.9626
18.1413
17.224
16.4557
15.6611
14.7364
13.6647
12.4171
10.8736
8.90897
5.92035
2.32396
-0.442843
-1.12442
-1.98389
-2.92799
-3.94064
-4.99355
-5.96311
-6.7569
-7.35684
-7.7564
-7.9926
-8.11828
-8.18205
-8.22521
-8.30745
-8.52758
-8.9321
-9.39168
-9.79629
-10.1509
-10.4756
-10.772
-11.0314
-11.2464
-11.4165
-11.546
-11.6527
-11.776
-12.0224
-12.5626
-13.6966
-14.2177
-13.8546
-13.4107
-13.1312
-12.9074
-12.6505
-12.3658
-12.0757
-11.7843
-11.4868
-11.1806
-10.8645
-10.5376
-10.1964
-9.83531
-9.44542
-9.00934
-8.51058
-7.88587
-7.58832
-7.3444
-7.02074
-6.6379
-6.20782
-5.66677
-4.94738
-3.6004
-1.75063
)
;
    }
    outlet
    {
        type            freestreamPressure;
        freestreamValue uniform 0;
        value           nonuniform List<scalar> 
160
(
0.0030902
0.00309091
0.00308906
0.00309134
0.00308781
0.00309197
0.00308632
0.00309264
0.00308458
0.00309325
0.0030826
0.00309382
0.00308039
0.00309429
0.0030779
0.00309478
0.00307502
0.00309529
0.00307176
0.00309575
0.00306812
0.00309621
0.00306409
0.00309669
0.00305961
0.00309726
0.0030546
0.0030979
0.00304905
0.00309868
0.00304293
0.00309965
0.00303621
0.0031009
0.00302887
0.00310256
0.0030208
0.00310468
0.00301204
0.00310744
0.00300255
0.00311109
0.00299227
0.00311583
0.00298125
0.00312209
0.00296939
0.00313027
0.00295671
0.00314036
0.00294327
0.00315154
0.00292897
0.00316247
0.00291389
0.00317291
0.00289814
0.00318827
0.00288165
0.0032247
0.00286451
0.00330934
0.00284686
0.00346787
0.00282872
0.00369776
0.00281022
0.00393995
0.00279158
0.00407481
0.00277282
0.00395755
0.00275417
0.00348475
0.00273581
0.00265924
0.0027178
0.00161838
0.0027004
0.000595038
0.00268392
-0.000181942
0.00266843
-0.000593215
0.00265391
-0.000670183
0.00264073
-0.000547703
0.00262911
-0.000370583
0.00261891
-0.000225378
0.00261036
-0.000132281
0.00260361
-7.69143e-05
0.00259854
-4.24038e-05
0.00259524
-2.17342e-05
0.00259371
-1.47268e-05
0.00259388
-2.21987e-05
0.00259563
-4.34488e-05
0.00259876
-7.67732e-05
0.00260286
-0.000120306
0.00260768
-0.000172369
0.00261291
-0.000231316
0.00261805
-0.000295664
0.00262284
-0.000363872
0.00262689
-0.000434588
0.00263003
-0.000506513
0.00263203
-0.000578697
0.00263306
-0.000649869
0.00263303
-0.000719909
0.00263227
-0.000786595
0.00263147
-0.000853229
0.00263331
-0.000912762
0.00264769
-0.000971901
0.00264493
-0.00100094
0.00263269
-0.00105391
0.0026112
-0.00104405
0.00258448
-0.00115411
0.00255527
-0.00100713
0.00253244
-0.00136929
0.00259378
-0.000713573
0.00267943
-0.00201564
0.00260759
0.000438406
0.00452704
-0.00394689
-0.00076246
0.00455935
0.0125203
-0.0091553
)
;
    }
    walls
    {
        type            zeroGradient;
    }
    frontAndBack
    {
        type            empty;
    }
}


// ************************************************************************* //
