/*--------------------------------*- C++ -*----------------------------------*\
| =========                 |                                                 |
| \\      /  F ield         | OpenFOAM: The Open Source CFD Toolbox           |
|  \\    /   O peration     | Version:  v1806                                 |
|   \\  /    A nd           | Web:      www.OpenFOAM.com                      |
|    \\/     M anipulation  |                                                 |
\*---------------------------------------------------------------------------*/
FoamFile
{
    version     2.0;
    format      ascii;
    class       volScalarField;
    location    "287";
    object      p;
}
// * * * * * * * * * * * * * * * * * * * * * * * * * * * * * * * * * * * * * //

dimensions      [0 2 -2 0 0 0 0];


internalField   nonuniform List<scalar> 
10720
(
-1056.94
-546.383
12.2537
529.102
975.491
1346.85
1626.93
1814.19
1910.31
1934.62
1906.74
1822.61
1694.56
1539.51
1366.04
1181.03
991.371
805.35
627.709
465.368
321.952
203.462
109.669
41.3442
-8.91935
-55.3483
-98.1209
-129.32
-148.906
-158.308
-157.855
-147.926
-128.949
-101.129
-64.5052
-16.629
45.4452
144.064
298.378
-1606.57
-2138.71
-2790.37
-3467.59
-4104.79
-4696.38
-5176.05
-5459.15
-5528.16
-5470.71
-5299.07
-5030.96
-4730.94
-4431.15
-4135.56
-3858.1
-3593.66
-3345.81
-3119.09
-2924.31
-2762.25
-2630.74
-2520.38
-2420.22
-2305.99
-2167.3
-2018.74
-1865.69
-1707.8
-1544.57
-1377.12
-1206.33
-1032.52
-854.768
-672.114
-479.188
-275.201
-30.9088
201.995
-225.459
126.075
479.878
824.17
1136.55
1407.83
1624.89
1779.49
1867.89
1896.56
1872.92
1799.83
1688.1
1549.16
1390.37
1218.21
1039.36
861.088
688.767
528.556
384.827
262.747
163.33
87.0733
28.2791
-24.0627
-70.7419
-105.675
-128.71
-141.14
-143.38
-135.851
-118.998
-93.0131
-57.8926
-11.1804
49.9999
148.171
296.287
-585.025
-981.062
-1428.54
-1909.02
-2398.48
-2878.99
-3320.26
-3678.26
-3920.22
-4051.65
-4096.98
-4079.85
-4023.05
-3931.12
-3799.17
-3636.11
-3447.95
-3249.2
-3054.23
-2878.49
-2726.93
-2599.91
-2490.43
-2388.94
-2275.18
-2139.89
-1994.82
-1845.01
-1690.25
-1530.05
-1365.39
-1197.03
-1025.28
-849.211
-667.889
-475.993
-272.824
-28.6826
199.458
-74.6495
250.103
573.658
880.896
1155.51
1393.16
1584.1
1722.13
1804.92
1836.92
1821.67
1761.36
1663.85
1537.49
1389.48
1226.39
1054.84
881.685
712.848
554.23
410.675
286.933
184.844
104.746
42.3421
-11.3281
-58.3459
-94.2495
-118.406
-131.919
-135.26
-128.801
-112.95
-87.8662
-53.4952
-7.37497
53.3736
150.794
293.586
-397.812
-744.699
-1132.47
-1567
-2018.91
-2469.37
-2895.08
-3256.49
-3523.67
-3695.26
-3786.4
-3807.32
-3771.54
-3691.09
-3575.03
-3434.03
-3275.98
-3110.25
-2946.29
-2794.56
-2659.97
-2543.58
-2440.59
-2343.21
-2235.35
-2107.87
-1969.15
-1824.28
-1673.51
-1516.63
-1354.67
-1188.54
-1018.59
-844.017
-663.882
-472.948
-270.563
-27.1648
199.025
143.286
405.676
669.629
924.518
1154.66
1358.06
1525.22
1649.5
1728.38
1763.68
1756.48
1708.35
1625.08
1513.09
1378.71
1228.08
1067.33
902.856
740.607
586.298
444.931
321.06
217.059
133.421
66.9594
10.4469
-38.6669
-76.9594
-103.427
-119.064
-124.378
-119.703
-105.414
-81.6584
-48.3619
-3.08762
56.9827
153.217
290.849
-119.856
-404.927
-730.529
-1094.29
-1475.91
-1864.86
-2241.15
-2577.35
-2853.21
-3067.25
-3218.51
-3308.42
-3342.25
-3328.38
-3275.11
-3190.33
-3081.93
-2958.22
-2828.19
-2701.26
-2583.76
-2478.05
-2381.56
-2288.19
-2185.8
-2066.14
-1934.6
-1795.95
-1650.66
-1498.53
-1340.55
-1177.65
-1010.29
-837.768
-659.25
-469.64
-268.372
-26.3376
198.567
236.158
467.906
701.327
925.409
1127.14
1306.83
1456.25
1569.49
1644.93
1682.76
1682.73
1645.93
1576.26
1478.46
1357.81
1219.81
1070.1
914.69
759.413
609.849
471.133
347.752
242.473
156.088
86.3331
27.5356
-22.9913
-62.8201
-90.8629
-107.973
-114.696
-111.338
-98.2507
-75.5711
-43.194
1.30702
60.6712
155.566
287.87
2.98974
-247.334
-533.473
-856.239
-1196.53
-1548.62
-1897.75
-2221.27
-2501.28
-2728.7
-2899.22
-3012.96
-3074.49
-3091.22
-3069.72
-3015.69
-2935.85
-2837.6
-2729.18
-2619.02
-2513.57
-2415.71
-2324.12
-2233.91
-2135.86
-2022.75
-1897.61
-1764.7
-1624.66
-1477.37
-1323.66
-1164.45
-1000.18
-830.217
-653.761
-465.885
-266.126
-26.0118
196.868
305.09
507.512
712.719
910.212
1088.2
1248.27
1382.86
1486.71
1558.8
1598.35
1604.24
1577.3
1519.98
1435.69
1328.68
1203.69
1065.81
920.53
773.421
629.918
495.111
373.452
267.991
179.86
107.566
46.7394
-5.21239
-46.6563
-76.4764
-95.3135
-103.715
-101.951
-90.3214
-68.934
-37.6508
5.92713
64.4402
157.719
284.561
101.214
-117.242
-369.003
-653.986
-955.256
-1270.25
-1586.65
-1884.35
-2148.49
-2371.36
-2550.45
-2684.43
-2774.59
-2824.07
-2836.61
-2816.17
-2768.18
-2699.01
-2615.85
-2526.11
-2435.98
-2348.78
-2264.28
-2178.98
-2086.05
-1979.4
-1860.51
-1733.05
-1597.95
-1455.2
-1305.59
-1150.01
-988.912
-821.689
-647.57
-461.768
-263.913
-26.3529
193.802
341.269
522.077
706.007
882.843
1042.05
1186.22
1308.4
1404.15
1472.92
1513.26
1523.9
1505.29
1458.89
1387.05
1293.06
1180.86
1054.9
920.132
781.773
645.028
514.874
395.726
290.84
201.695
127.46
64.8805
11.6285
-31.2563
-62.6909
-83.1159
-93.0518
-92.7535
-82.474
-62.3018
-32.0719
10.5789
68.1793
159.608
280.947
158.82
-36.0321
-261.325
-517.446
-788.549
-1074.06
-1364.11
-1640.86
-1891.63
-2110.22
-2292.42
-2435.41
-2539.26
-2606.05
-2639
-2641.2
-2616.76
-2570.54
-2508.28
-2436.15
-2359.68
-2282.33
-2204.66
-2124.35
-2036.43
-1935.88
-1823.1
-1701.06
-1570.86
-1432.58
-1286.99
-1134.97
-977.008
-812.566
-640.901
-457.406
-261.822
-27.4888
189.378
361.09
523.583
689.55
849.101
992.653
1123.42
1234.91
1323.57
1388.97
1429.4
1443.69
1431.94
1394.98
1334.34
1252.45
1152.53
1038.35
914.292
785.147
655.796
531.055
415.268
311.81
222.472
147.001
83.0667
28.7066
-15.4491
-48.3898
-70.3625
-81.836
-83.0472
-74.1878
-55.3128
-26.2257
15.3924
71.9445
161.252
277.061
196.93
22.1096
-180.802
-412.146
-657.225
-916.692
-1182.3
-1437.82
-1672.18
-1880.27
-2057.85
-2202.72
-2314.9
-2395.19
-2445.42
-2467.45
-2463.98
-2438.55
-2395.68
-2340.45
-2277.72
-2210.88
-2141.01
-2066.72
-1984.51
-1890.38
-1784.01
-1667.75
-1542.73
-1409.17
-1267.77
-1119.43
-964.665
-803.048
-633.925
-452.901
-259.913
-29.4322
183.548
368.267
515.638
666.615
811.689
942.093
1061.37
1163.62
1245.95
1308
1347.97
1364.95
1358.78
1329.83
1279.08
1208.25
1119.86
1017.06
903.635
783.886
662.333
543.565
431.814
330.503
241.694
165.621
100.719
45.4476
0.188036
-34.1293
-57.5732
-70.532
-73.2182
-65.7609
-48.1821
-20.2574
20.2726
75.6745
162.625
272.894
219.221
60.8668
-123.419
-334.084
-557.261
-794.541
-1038.88
-1275.48
-1494.42
-1691.67
-1863.45
-2007.21
-2122.98
-2210.93
-2272.14
-2307.99
-2320.32
-2311.55
-2285.1
-2244.87
-2194.91
-2138.27
-2076.28
-2008.23
-1931.79
-1843.87
-1743.8
-1633.3
-1513.53
-1384.8
-1247.75
-1103.25
-951.838
-793.169
-626.691
-448.277
-258.168
-32.0917
176.346
367.363
501.813
639.934
772.598
891.75
1001.08
1095.24
1171.86
1230.57
1269.72
1288.59
1286.87
1264.66
1222.52
1161.62
1083.89
991.87
888.793
778.439
664.943
552.589
445.449
346.952
259.362
183.317
117.882
61.9442
15.778
-19.7601
-44.5803
-58.9688
-63.1067
-57.0614
-40.8107
-14.1018
25.2553
79.3808
163.732
268.464
231.241
86.9638
-81.3637
-274.201
-478.436
-696.259
-921.641
-1140.81
-1344.81
-1530.46
-1694.35
-1833.95
-1949.66
-2041.66
-2110.34
-2156.62
-2181.63
-2186.89
-2174.72
-2148.06
-2110.07
-2063.4
-2009.43
-1947.98
-1877.56
-1795.91
-1702.17
-1597.54
-1483.14
-1359.36
-1226.81
-1086.3
-938.415
-782.866
-619.191
-443.541
-256.514
-35.3121
167.969
360.81
484.14
611.146
733.06
842.437
943.05
1030.11
1101.53
1156.97
1195.05
1215.15
1216.95
1200.35
1165.63
1113.54
1045.52
963.578
870.408
769.293
663.937
558.287
456.213
361.095
275.34
199.908
134.374
78.0394
31.1726
-5.42078
-31.5084
-47.2606
-52.8122
-48.1697
-33.2596
-7.80328
30.3088
83.0382
164.571
263.785
235.824
103.621
-50.9215
-228.33
-416.136
-616.928
-825.452
-1028.88
-1219.04
-1393.38
-1548.87
-1683.2
-1796.83
-1890.13
-1963.11
-2016.42
-2050.79
-2067.06
-2066.71
-2051.77
-2024.62
-1987.37
-1941.33
-1886.59
-1822.3
-1746.86
-1659.37
-1560.64
-1451.67
-1332.92
-1204.97
-1068.6
-924.377
-772.105
-611.402
-438.698
-254.915
-38.9767
158.715
350.494
464.113
581.384
693.885
794.701
887.62
968.353
1035.02
1087.31
1124.15
1144.99
1149.51
1137.55
1109.17
1064.83
1005.57
932.918
849.106
756.924
659.646
560.863
464.203
372.945
289.574
215.3
150.102
93.6629
46.3185
8.85387
-18.3744
-35.4097
-42.3271
-39.0749
-25.5193
-1.3571
35.4302
86.6389
165.147
258.879
235.221
113.54
-28.9663
-192.818
-366.206
-551.924
-745.34
-934.497
-1111.79
-1275.22
-1422.08
-1550.25
-1660.31
-1752.82
-1827.83
-1885.66
-1926.81
-1951.66
-1961.04
-1956.19
-1938.77
-1910.36
-1872.05
-1824.05
-1765.96
-1696.71
-1615.43
-1522.6
-1419.13
-1305.5
-1182.26
-1050.14
-909.73
-760.89
-603.328
-433.77
-253.382
-43.0384
148.821
337.658
442.744
551.403
655.589
748.829
834.922
909.978
972.257
1021.58
1057.06
1078.25
1084.87
1076.7
1053.72
1016.14
964.691
900.534
825.454
741.8
652.425
560.549
469.536
382.517
302.003
229.385
164.95
108.712
61.1266
22.9851
-5.24272
-23.4685
-31.6933
-29.8093
-17.615
5.21639
40.6022
90.1691
165.466
253.767
230.966
118.499
-13.3744
-165.248
-325.866
-498.2
-678.063
-854.242
-1019.71
-1172.82
-1311.19
-1432.85
-1538.55
-1628.95
-1704.23
-1764.57
-1810.31
-1841.53
-1858.61
-1862.2
-1853.31
-1832.98
-1802.02
-1760.65
-1708.74
-1645.58
-1570.41
-1483.49
-1385.55
-1277.1
-1158.67
-1030.93
-894.479
-749.228
-594.98
-428.771
-251.964
-47.4967
138.401
323.222
420.742
521.721
618.495
704.972
784.981
854.916
913.156
959.695
993.753
1014.98
1023.18
1018.12
999.687
967.975
923.458
866.987
799.979
724.377
642.637
557.608
472.368
389.875
312.616
242.097
178.829
123.102
75.5199
36.907
7.83501
-11.4754
-20.9391
-20.3928
-9.56167
11.9041
45.8124
93.6157
165.538
248.473
224.154
119.874
-2.5778
-143.757
-293.001
-453.332
-620.96
-785.355
-939.932
-1083.39
-1213.54
-1328.6
-1429.44
-1516.81
-1591.03
-1652.33
-1700.9
-1736.68
-1759.71
-1770.21
-1768.65
-1755.59
-1731.53
-1696.59
-1650.75
-1593.59
-1524.43
-1443.36
-1350.97
-1247.76
-1134.22
-1010.98
-878.62
-737.118
-586.362
-423.712
-250.699
-52.3458
127.49
307.845
398.591
492.683
582.802
663.226
737.771
803.051
857.583
901.493
934.095
955.154
964.516
961.972
947.387
920.736
882.331
832.772
773.162
705.087
630.632
552.298
472.871
395.102
321.417
253.379
191.65
136.746
89.418
50.5464
20.7977
0.520583
-10.1032
-10.8547
-1.3822
18.6872
51.0448
96.9682
165.375
243.025
215.589
118.62
4.61723
-126.977
-266.008
-415.528
-572.08
-725.723
-870.307
-1004.75
-1127.06
-1235.61
-1331.37
-1415.17
-1487.42
-1548.5
-1598.48
-1637.27
-1664.73
-1680.72
-1685.32
-1678.68
-1660.97
-1632.15
-1592.2
-1540.87
-1477.58
-1402.29
-1315.44
-1217.5
-1108.92
-990.29
-862.155
-724.559
-577.475
-418.593
-249.603
-57.5845
116.13
291.992
376.635
464.518
548.632
623.606
693.203
754.248
805.368
846.807
877.962
898.688
908.888
908.376
897.015
874.728
841.686
798.304
745.426
684.328
616.761
544.897
471.231
398.3
328.428
263.19
203.34
149.56
102.741
63.8302
33.5821
12.4683
0.773831
-1.2262
6.89913
25.5457
56.2831
100.215
164.99
237.448
205.874
115.47
9.07348
-113.864
-243.678
-383.408
-529.888
-673.703
-809.087
-935.136
-1050.04
-1152.28
-1242.89
-1322.79
-1392.46
-1452.4
-1502.73
-1543.27
-1573.84
-1594.07
-1603.73
-1602.64
-1590.66
-1567.57
-1533.27
-1487.57
-1429.99
-1360.37
-1279.02
-1186.36
-1082.8
-968.869
-845.087
-711.553
-568.321
-413.415
-248.672
-63.184
104.372
276.002
355.13
437.382
516.047
586.09
651.188
708.369
756.34
795.458
825.198
845.471
856.24
857.364
848.708
830.164
801.814
763.925
717.135
662.458
601.352
535.678
467.655
399.598
333.709
271.53
213.857
161.482
115.419
76.6882
46.1245
24.3141
11.6476
8.45797
15.2544
32.457
61.5102
103.346
164.401
231.772
195.446
110.97
11.4638
-103.613
-225.078
-355.891
-493.169
-627.986
-754.886
-873.145
-981.07
-1077.24
-1162.76
-1238.61
-1305.3
-1363.46
-1413.3
-1454.61
-1487.17
-1510.52
-1524.22
-1527.83
-1520.95
-1503.13
-1474.16
-1433.86
-1381.78
-1317.69
-1241.79
-1154.4
-1055.89
-946.737
-827.429
-698.106
-558.903
-408.177
-247.896
-69.1056
92.2698
260.123
334.24
411.348
485.06
550.611
611.618
665.245
710.324
747.267
775.624
795.362
806.504
808.931
802.539
787.201
762.941
729.92
688.608
639.804
584.709
524.907
462.351
399.141
337.331
278.405
223.157
172.446
127.382
89.049
58.3588
36.0004
22.4697
18.1591
23.6528
39.3961
66.7083
106.354
163.625
226.03
184.629
105.541
12.3033
-95.6084
-209.459
-332.134
-460.968
-587.502
-706.587
-817.6
-918.972
-1009.37
-1089.95
-1161.69
-1225.18
-1281.11
-1329.82
-1371.11
-1404.75
-1430.27
-1447.09
-1454.58
-1452.12
-1439.09
-1415.1
-1379.92
-1333.11
-1274.39
-1203.83
-1121.67
-1028.23
-923.921
-809.193
-684.225
-549.226
-402.877
-247.267
-75.2975
79.8897
244.535
314.072
386.481
455.65
517.118
574.368
624.73
667.137
702.053
729.071
748.221
759.57
763.035
758.529
745.936
725.237
696.518
660.117
616.657
567.117
512.837
455.53
397.076
339.38
283.843
231.224
182.408
138.569
100.847
70.22
47.4689
33.1893
27.8358
32.0604
46.3367
71.8583
109.231
162.683
220.253
173.666
99.4944
11.9882
-89.366
-196.234
-311.449
-432.513
-551.411
-663.261
-767.534
-862.765
-947.705
-1023.51
-1091.2
-1151.37
-1204.81
-1251.91
-1292.57
-1326.57
-1353.44
-1372.55
-1383.16
-1384.49
-1375.72
-1356.3
-1325.92
-1284.12
-1230.57
-1165.23
-1088.25
-999.877
-900.453
-790.401
-669.922
-539.292
-397.515
-246.772
-81.7094
67.2952
229.362
294.704
362.796
427.798
485.524
539.327
586.677
626.62
659.636
685.37
703.896
715.325
719.604
716.675
706.43
688.829
663.899
631.886
593.262
548.829
499.71
447.394
393.561
339.958
287.89
238.058
191.334
148.927
112.02
81.6442
58.6592
43.7527
37.4434
40.4405
53.2493
76.9412
111.97
161.595
214.472
162.742
93.0731
10.8247
-84.5021
-184.957
-293.292
-407.187
-519.018
-624.162
-722.164
-811.651
-891.435
-962.667
-1026.39
-1083.23
-1134
-1179.18
-1218.75
-1252.52
-1280.08
-1300.78
-1313.8
-1318.27
-1313.24
-1297.97
-1272.04
-1234.98
-1186.38
-1126.11
-1054.22
-970.879
-876.374
-771.077
-655.21
-529.111
-392.084
-246.393
-88.2853
54.5533
214.699
276.178
340.29
401.459
455.748
506.374
550.948
588.608
619.846
644.354
662.242
673.654
678.568
676.949
668.708
653.796
632.202
604.096
569.84
530.08
485.751
438.149
388.762
339.183
290.61
243.673
199.203
158.413
122.513
92.5699
69.5115
54.1051
46.9349
48.754
60.1037
81.9372
114.568
160.384
208.723
151.985
86.4609
9.05466
-80.7106
-175.25
-277.237
-384.491
-489.777
-588.691
-680.842
-764.945
-839.878
-906.768
-966.655
-1020.19
-1068.21
-1111.26
-1149.39
-1182.5
-1210.2
-1231.86
-1246.68
-1253.71
-1251.89
-1240.33
-1218.49
-1185.84
-1141.95
-1086.57
-1019.66
-941.308
-851.731
-751.252
-640.107
-518.686
-386.58
-246.108
-94.9665
41.7373
200.604
258.517
318.953
376.582
427.702
475.396
517.405
552.947
582.518
605.859
623.104
634.427
639.826
639.299
632.773
620.192
601.531
576.9
546.572
511.066
471.164
427.981
382.838
337.174
292.078
248.098
206.007
166.995
132.275
102.94
79.9664
64.191
56.2607
56.96
66.8676
86.8261
117.02
159.071
203.037
141.498
79.798
6.86818
-77.7507
-166.817
-262.925
-364.017
-463.209
-556.325
-643.017
-722.084
-792.447
-855.217
-911.422
-961.721
-1006.99
-1047.78
-1084.24
-1116.34
-1143.74
-1165.87
-1181.94
-1190.98
-1191.86
-1183.56
-1165.43
-1136.89
-1097.44
-1046.75
-984.675
-911.239
-826.579
-730.963
-624.635
-508.026
-380.991
-245.893
-101.696
28.9249
187.113
241.732
298.756
353.11
401.307
446.283
485.919
519.492
547.508
569.737
586.343
597.518
603.285
603.664
598.602
588.047
571.96
550.412
523.608
491.963
456.132
417.071
375.946
334.055
292.377
251.377
211.754
174.65
141.264
112.7
89.9668
73.955
65.3688
65.0151
73.5078
91.5877
119.324
157.678
197.446
131.355
73.1892
4.40576
-75.4322
-159.424
-250.07
-345.423
-438.936
-526.634
-608.23
-682.571
-748.638
-807.517
-860.215
-907.382
-949.911
-988.396
-1023.04
-1053.88
-1080.64
-1102.82
-1119.66
-1130.23
-1133.34
-1127.87
-1113.06
-1088.28
-1052.98
-1006.76
-949.373
-880.757
-800.978
-710.251
-608.817
-497.14
-375.309
-245.714
-108.413
16.1886
174.252
225.816
279.673
330.986
376.472
418.932
456.365
488.107
514.667
535.846
551.822
562.807
568.842
569.972
566.16
557.364
543.537
524.722
501.075
472.927
440.821
405.585
368.239
329.952
291.601
253.565
216.461
181.367
149.449
121.804
99.4592
83.3415
74.2078
72.8752
79.9902
96.2011
121.477
156.225
191.98
121.603
66.7206
1.78788
-73.6061
-152.878
-238.431
-328.428
-416.632
-499.277
-576.099
-646.008
-708.034
-763.237
-812.596
-856.759
-896.62
-932.791
-965.523
-994.931
-1020.81
-1042.69
-1059.91
-1071.57
-1076.46
-1073.4
-1061.53
-1040.17
-1008.74
-966.744
-913.863
-849.95
-775.001
-689.166
-592.68
-486.036
-369.521
-245.537
-115.055
3.60629
162.034
210.752
261.662
310.149
353.117
393.241
428.625
458.662
483.861
504.045
519.405
530.169
536.396
538.148
535.404
528.134
516.291
499.899
479.074
454.083
425.377
393.669
359.859
324.992
289.849
254.73
220.161
187.148
156.806
130.211
108.392
92.2987
82.7263
80.496
86.2803
100.647
123.479
154.732
186.668
112.279
60.4469
-0.897087
-72.1431
-147.013
-227.809
-312.801
-396.045
-473.954
-546.296
-612.043
-670.273
-722.009
-768.2
-809.488
-846.769
-880.661
-911.453
-939.308
-964.102
-985.445
-1002.71
-1015.07
-1021.35
-1020.3
-1011
-992.731
-964.856
-926.835
-878.266
-818.916
-748.715
-667.76
-576.261
-474.722
-363.617
-245.324
-121.561
-8.74739
150.459
196.524
244.686
290.541
331.165
369.114
402.592
431.04
454.964
474.206
488.971
499.492
505.844
508.109
506.279
500.335
490.233
475.988
457.684
435.536
409.923
381.46
350.938
319.295
287.218
254.937
222.89
192.002
163.322
137.89
116.721
100.775
90.874
87.8327
92.3437
104.904
125.329
153.217
181.532
103.404
54.4165
-3.57907
-70.9456
-141.702
-218.049
-298.347
-376.94
-450.408
-518.546
-580.381
-635.04
-683.51
-726.71
-765.266
-800.062
-831.732
-860.584
-886.828
-910.407
-931.005
-948.056
-960.798
-968.101
-968.699
-961.615
-946.101
-921.483
-887.172
-842.696
-787.757
-722.206
-646.087
-559.587
-463.214
-357.579
-245.036
-127.871
-20.7978
139.52
183.11
228.699
272.102
310.539
346.459
378.163
405.127
427.856
446.208
460.397
470.662
477.09
479.776
478.728
473.934
465.362
453.018
436.962
417.373
394.567
369.078
341.601
312.974
283.809
254.264
224.701
195.949
168.991
144.814
124.409
108.725
98.6027
94.8419
98.1452
108.952
127.025
151.694
176.596
94.989
48.6597
-6.20202
-69.94
-136.84
-209.019
-284.911
-359.132
-428.428
-492.615
-550.77
-602.067
-647.457
-687.831
-723.802
-756.228
-785.746
-812.692
-837.301
-859.584
-879.284
-895.908
-908.769
-916.787
-918.699
-913.499
-900.415
-878.755
-847.887
-807.284
-756.576
-695.558
-624.211
-542.698
-451.522
-351.396
-244.63
-133.93
-32.4736
129.207
170.479
213.663
254.771
291.169
325.191
355.24
380.821
402.427
419.94
433.574
443.574
450.035
453.066
452.686
448.893
441.665
431.004
416.955
399.664
379.4
356.626
331.957
306.141
279.719
252.793
225.645
199.019
173.817
150.967
131.421
116.107
105.867
101.481
103.652
112.772
128.565
150.176
171.876
87.0408
43.1988
-8.72842
-69.0591
-132.344
-200.609
-272.356
-342.463
-407.832
-468.301
-522.994
-571.126
-613.62
-651.325
-684.847
-715.022
-742.48
-767.57
-790.559
-811.494
-830.194
-846.234
-858.991
-867.455
-870.385
-866.759
-855.801
-836.804
-809.108
-772.142
-725.483
-668.857
-602.196
-525.637
-439.656
-345.054
-244.067
-139.674
-43.7058
119.505
158.604
199.534
238.492
272.983
305.233
333.733
358.018
378.573
395.293
408.392
418.124
424.587
427.897
428.088
425.169
419.122
409.95
397.69
382.462
364.496
344.194
322.103
298.894
275.04
250.598
225.782
201.248
177.814
156.341
137.733
122.885
112.627
107.71
108.833
116.345
129.951
148.673
167.385
79.5565
38.0471
-11.1252
-68.2526
-128.14
-192.722
-260.569
-326.798
-388.468
-445.433
-496.864
-542.018
-581.784
-616.981
-648.188
-676.23
-701.719
-725.023
-746.42
-765.997
-783.633
-798.967
-811.442
-820.125
-823.811
-821.483
-812.364
-795.751
-770.962
-737.395
-694.577
-642.193
-580.113
-508.441
-427.638
-338.539
-243.299
-145.057
-54.4304
110.395
147.456
186.267
223.212
255.914
286.505
313.554
336.624
356.194
372.164
384.753
394.214
400.652
404.188
404.868
402.709
397.702
389.85
379.184
365.806
349.913
331.861
312.13
291.324
269.863
247.763
225.178
202.679
181.002
160.938
143.33
129.03
118.845
113.493
113.658
119.654
131.178
147.192
163.131
72.5304
33.2127
-13.3703
-67.4843
-124.175
-185.285
-249.455
-312.025
-370.206
-423.865
-472.22
-514.569
-551.764
-584.602
-613.633
-639.659
-663.284
-684.87
-704.723
-722.954
-739.488
-754.03
-766.09
-774.807
-779.024
-777.743
-770.199
-755.701
-733.561
-703.153
-663.972
-615.652
-558.029
-491.16
-415.478
-331.839
-242.293
-150.024
-64.5908
101.859
137.001
173.823
208.875
239.9
268.935
294.625
316.557
335.2
350.464
362.564
371.755
378.147
381.863
382.96
381.465
377.372
370.689
361.444
349.724
335.701
319.687
302.111
283.514
264.27
244.363
223.895
203.359
183.41
164.763
148.199
134.518
124.491
118.799
118.099
122.681
132.243
145.736
159.118
65.9538
28.6964
-15.4474
-66.7221
-120.399
-178.236
-238.931
-298.051
-352.936
-403.475
-448.924
-488.629
-523.406
-554.02
-581.006
-605.135
-626.998
-646.955
-665.32
-682.233
-697.656
-711.353
-722.896
-731.496
-736.05
-735.594
-729.388
-716.754
-697.011
-669.525
-633.763
-589.328
-536.01
-473.838
-403.199
-324.943
-241.009
-154.533
-74.1338
93.8718
127.211
162.158
195.431
224.882
252.455
276.871
297.736
315.506
330.101
341.735
350.66
356.987
360.846
362.3
361.382
358.095
352.449
344.47
334.237
321.896
307.727
292.111
275.538
258.338
240.472
221.998
203.339
185.071
167.834
152.341
139.334
129.541
123.599
122.133
125.411
133.143
144.307
155.344
59.8152
24.4973
-17.3484
-65.9412
-116.776
-171.522
-228.934
-284.791
-336.561
-384.153
-426.862
-464.074
-496.575
-525.097
-550.16
-572.507
-592.706
-611.122
-628.07
-643.706
-658.026
-670.847
-681.8
-690.164
-694.898
-695.077
-689.992
-678.991
-661.409
-636.612
-604.051
-563.305
-514.13
-456.52
-390.82
-317.847
-239.411
-158.54
-83.0121
86.4136
118.052
151.233
182.831
210.801
237.001
260.217
280.079
297.029
310.992
322.182
330.845
337.095
341.064
342.822
342.407
339.83
335.105
328.255
319.35
308.522
296.02
282.185
267.458
252.135
236.158
219.552
202.672
186.023
170.172
155.761
143.47
133.976
127.871
125.739
127.829
133.873
142.902
151.803
54.0995
20.6109
-19.0659
-65.1265
-113.275
-165.099
-219.408
-272.174
-321.001
-365.809
-405.93
-440.79
-471.147
-497.706
-520.964
-541.637
-560.276
-577.236
-592.84
-607.252
-620.494
-632.431
-642.744
-650.78
-655.562
-656.211
-652.059
-642.484
-626.839
-604.504
-574.924
-537.665
-492.457
-439.256
-378.362
-310.544
-237.476
-162.014
-91.1879
79.4605
109.494
141.008
171.027
197.602
222.511
244.599
263.517
279.692
293.06
303.825
312.232
318.394
322.446
324.463
324.488
322.536
318.627
312.782
305.067
295.6
284.601
272.379
259.332
245.723
231.487
216.617
201.413
186.309
171.805
158.472
146.926
137.786
131.599
128.9
129.924
134.428
141.515
148.486
48.7914
17.0293
-20.5983
-64.2647
-109.874
-158.934
-210.302
-260.145
-306.187
-348.358
-386.032
-418.676
-447.014
-471.728
-493.294
-512.402
-529.577
-545.174
-559.506
-572.753
-584.954
-596.012
-605.658
-613.302
-618.03
-619.013
-615.626
-607.284
-593.37
-573.28
-546.468
-512.49
-471.056
-422.092
-365.85
-303.038
-235.178
-164.924
-98.6337
72.9879
101.506
131.446
159.975
185.236
208.928
229.955
247.983
263.429
276.231
286.591
294.748
300.815
304.927
307.162
307.569
306.169
302.983
298.035
291.384
283.137
273.493
262.729
251.206
239.159
226.517
213.252
199.614
185.974
172.766
160.494
149.708
140.967
134.771
131.604
131.686
134.801
140.14
145.377
43.8744
13.7439
-21.9461
-63.3461
-106.552
-152.995
-201.578
-248.651
-292.056
-331.732
-367.097
-397.648
-424.089
-447.072
-467.054
-484.694
-500.502
-514.822
-527.959
-540.104
-551.309
-561.507
-570.476
-577.679
-582.274
-583.478
-580.712
-573.433
-561.059
-543.011
-518.755
-487.849
-449.99
-405.077
-353.309
-295.327
-232.502
-167.249
-105.324
66.9737
94.0593
122.51
149.632
173.652
196.197
216.222
233.412
248.17
260.436
270.41
278.322
284.287
288.439
290.86
291.6
290.685
288.14
283.99
278.291
271.139
262.713
253.264
243.119
232.49
221.303
209.515
197.33
185.065
173.092
161.852
151.829
143.524
137.385
133.844
133.106
134.986
138.765
142.46
39.331
10.7435
-23.1124
-62.3665
-103.296
-147.26
-193.202
-237.649
-278.557
-315.875
-349.056
-377.635
-402.29
-423.646
-442.147
-458.418
-472.951
-486.077
-498.098
-509.204
-519.463
-528.829
-537.123
-543.86
-548.258
-549.593
-547.328
-540.962
-529.955
-513.756
-491.85
-463.809
-429.317
-388.252
-340.767
-287.422
-229.435
-168.977
-111.243
61.3941
87.1236
114.167
139.957
162.805
184.267
203.347
219.745
233.852
245.611
255.214
262.891
268.748
272.923
275.498
276.528
276.04
274.064
270.625
265.776
259.604
252.272
244.008
235.106
225.76
215.894
205.456
194.611
183.628
172.823
162.577
153.311
145.465
139.44
135.615
134.18
134.976
137.379
139.715
35.1436
8.01677
-24.1024
-61.322
-100.094
-141.706
-185.146
-227.105
-265.646
-300.731
-331.849
-358.569
-381.546
-401.377
-418.49
-433.484
-446.829
-458.845
-469.825
-479.959
-489.324
-497.895
-505.527
-511.784
-515.942
-517.333
-515.469
-509.886
-500.089
-485.558
-465.81
-440.425
-409.09
-371.663
-328.251
-279.334
-225.976
-170.096
-116.386
56.2254
80.6705
106.381
130.912
152.652
173.09
191.277
206.926
220.416
231.694
240.944
248.39
254.137
258.32
261.024
262.304
262.192
260.72
257.913
253.822
248.529
242.177
234.976
227.193
219.002
210.333
201.123
191.508
181.712
172.002
162.703
154.177
146.807
140.946
136.921
134.905
134.767
135.97
137.118
31.2951
5.55076
-24.9209
-60.2115
-96.9387
-136.321
-177.385
-216.985
-253.284
-286.256
-315.423
-340.391
-361.789
-380.192
-396.009
-409.815
-422.056
-433.04
-443.051
-452.278
-460.807
-468.624
-475.615
-481.39
-485.281
-486.673
-485.122
-480.21
-471.481
-458.454
-440.677
-417.747
-389.357
-355.35
-315.79
-271.078
-222.128
-170.611
-120.753
51.4451
74.6734
99.1194
122.458
143.149
162.618
179.961
194.902
207.809
218.628
227.541
234.762
240.396
244.575
247.384
248.879
249.098
248.07
245.825
242.411
237.902
232.429
226.182
219.402
212.25
204.659
196.562
188.068
179.364
170.673
162.269
154.46
147.573
141.916
137.767
135.281
134.351
134.523
134.646
27.7664
3.3335
-25.5767
-59.036
-93.8232
-131.09
-169.9
-207.261
-241.437
-272.411
-299.735
-323.052
-342.966
-360.031
-374.639
-387.338
-398.554
-408.583
-417.698
-426.083
-433.83
-440.937
-447.316
-452.615
-456.222
-457.572
-456.266
-451.928
-444.142
-432.468
-416.487
-395.817
-370.161
-339.352
-303.415
-262.676
-217.903
-170.528
-124.351
47.0315
69.1052
92.3531
114.56
134.258
152.809
169.352
183.623
195.976
206.361
214.949
221.952
227.47
231.634
234.527
236.208
236.715
236.081
234.335
231.523
227.713
223.026
217.631
211.75
205.528
198.905
191.811
184.336
176.63
168.88
161.314
154.192
147.789
142.368
138.164
135.312
133.726
133.025
132.276
24.5403
1.35063
-26.0773
-57.7988
-90.7442
-126.003
-162.674
-197.912
-230.077
-259.158
-284.743
-306.505
-325.026
-340.838
-354.319
-365.99
-376.256
-385.402
-393.688
-401.295
-408.315
-414.759
-420.558
-425.394
-428.71
-429.989
-428.874
-425.026
-418.073
-407.614
-393.262
-374.666
-351.537
-323.702
-291.155
-254.147
-213.314
-169.861
-127.195
42.9629
63.9409
86.0516
107.186
125.942
143.623
159.407
173.043
184.869
194.839
203.118
209.909
215.309
219.447
222.407
224.245
225.004
224.717
223.413
221.135
217.949
213.962
209.329
204.25
198.86
193.101
186.91
180.352
173.555
166.669
159.882
153.411
147.486
142.326
138.128
135.005
132.888
131.462
129.983
21.5988
-0.410113
-26.432
-56.5021
-87.6997
-121.052
-155.692
-188.917
-219.177
-246.469
-270.412
-290.71
-307.924
-322.565
-334.995
-345.711
-355.099
-363.43
-370.953
-377.842
-384.191
-390.019
-395.27
-399.665
-402.691
-403.878
-402.908
-399.481
-393.263
-383.893
-371.02
-354.317
-333.513
-308.432
-279.04
-245.52
-208.386
-168.633
-129.307
39.2188
59.156
80.1869
100.303
118.165
135.021
150.084
163.117
174.443
184.018
191.999
198.583
203.864
207.967
210.977
212.949
213.926
213.943
213.03
211.227
208.594
205.231
201.277
196.912
192.261
187.275
181.889
176.157
170.181
164.082
158.016
152.158
146.698
141.818
137.675
134.367
131.836
129.821
127.742
18.9253
-1.9632
-26.6482
-55.1507
-84.6879
-116.23
-148.943
-180.259
-208.715
-234.315
-256.708
-275.629
-291.619
-305.165
-316.618
-326.449
-335.026
-342.606
-349.427
-355.655
-361.386
-366.644
-371.385
-375.362
-378.105
-379.187
-378.328
-375.263
-369.695
-361.301
-349.764
-334.786
-316.112
-293.569
-267.097
-236.822
-203.144
-166.869
-130.714
35.7786
54.7275
74.7315
93.8807
110.893
126.965
141.346
153.804
164.653
173.85
181.545
187.928
193.089
197.15
200.195
202.279
203.445
203.728
203.158
201.776
199.634
196.825
193.473
189.743
185.748
181.447
176.779
171.786
166.548
161.164
155.759
150.474
145.462
140.872
136.83
133.412
130.571
128.092
125.533
16.5029
-3.32141
-26.7365
-53.749
-81.7096
-111.533
-142.417
-171.921
-198.669
-222.672
-243.604
-261.23
-276.072
-288.597
-299.142
-308.154
-315.981
-322.871
-329.048
-334.672
-339.836
-344.568
-348.837
-352.42
-354.892
-355.864
-355.089
-352.337
-347.344
-339.824
-329.492
-316.08
-299.352
-279.135
-255.355
-228.084
-197.62
-164.603
-131.448
32.6235
50.6326
69.6605
87.8902
104.095
119.423
133.153
145.065
155.46
164.296
171.715
177.901
182.942
186.954
190.02
192.195
193.523
194.038
193.771
192.759
191.052
188.733
185.915
182.747
179.333
175.638
171.608
167.272
162.696
157.957
153.154
148.4
143.818
139.523
135.616
132.154
129.096
126.265
123.333
14.3151
-4.49761
-26.7061
-52.3018
-78.7645
-106.955
-136.104
-163.892
-189.023
-211.515
-231.072
-247.482
-261.25
-272.822
-282.523
-290.778
-297.917
-304.172
-309.76
-314.831
-319.475
-323.727
-327.561
-330.779
-332.992
-333.853
-333.142
-330.662
-326.179
-319.441
-310.195
-298.201
-283.241
-265.149
-243.838
-219.334
-191.849
-161.872
-131.546
29.7348
46.8501
64.9495
82.3042
97.7422
112.36
125.472
136.864
146.826
155.315
162.468
168.462
173.381
177.338
180.414
182.662
184.127
184.844
184.841
184.154
182.831
180.945
178.599
175.927
173.025
169.866
166.399
162.646
158.66
154.499
150.243
145.979
141.803
137.805
134.06
130.61
127.416
124.332
121.125
12.3463
-5.50461
-26.5659
-50.8149
-75.8548
-102.496
-129.996
-156.158
-179.76
-200.827
-219.088
-234.356
-247.119
-257.803
-266.722
-274.279
-280.784
-286.459
-291.508
-296.075
-300.247
-304.06
-307.493
-310.374
-312.346
-313.098
-312.438
-310.194
-306.165
-300.127
-291.857
-281.143
-267.785
-251.627
-232.569
-210.603
-185.865
-158.715
-131.049
27.0947
43.3596
60.5751
77.0971
91.8048
105.748
118.269
129.165
138.713
146.87
153.766
159.573
164.37
168.266
171.34
173.645
175.226
176.115
176.342
175.941
174.955
173.45
171.52
169.284
166.832
164.144
161.173
157.937
154.473
150.83
147.067
143.253
139.458
135.753
132.191
128.799
125.539
122.288
118.893
10.5817
-6.35492
-26.325
-49.2942
-72.9818
-98.1501
-124.088
-148.709
-170.865
-190.587
-207.628
-221.827
-233.65
-243.51
-251.703
-258.615
-264.539
-269.683
-274.241
-278.35
-282.092
-285.505
-288.575
-291.145
-292.894
-293.542
-292.922
-290.887
-287.26
-281.848
-274.456
-264.895
-252.985
-238.579
-221.57
-201.922
-179.706
-155.177
-130.002
24.6864
40.1418
56.5158
72.2445
86.2566
99.5564
111.516
121.938
131.089
138.927
145.575
151.198
155.872
159.702
162.765
165.113
166.788
167.825
168.251
168.099
167.408
166.238
164.672
162.819
160.762
158.486
155.951
153.168
150.168
146.985
143.666
140.26
136.823
133.403
130.037
126.741
123.475
120.132
116.622
9.00636
-7.06043
-25.9928
-47.7447
-70.1473
-93.9181
-118.373
-141.535
-162.324
-180.778
-196.673
-209.869
-220.816
-229.908
-237.431
-243.748
-249.139
-253.799
-257.91
-261.602
-264.956
-268.007
-270.746
-273.033
-274.577
-275.128
-274.541
-272.689
-269.422
-264.571
-257.966
-249.441
-238.835
-226.011
-210.858
-193.318
-173.412
-151.299
-128.45
22.4936
37.1782
52.7503
67.7233
81.0726
93.7589
105.182
115.151
123.922
131.453
137.861
143.304
147.855
151.614
154.656
157.033
158.786
159.947
160.544
160.608
160.173
159.296
158.05
156.531
154.819
152.903
150.749
148.365
145.772
142.997
140.075
137.041
133.934
130.79
127.63
124.458
121.233
117.862
114.303
7.60663
-7.63271
-25.5776
-46.1718
-67.354
-89.7975
-112.846
-134.626
-154.124
-171.383
-186.201
-198.459
-208.589
-216.968
-223.871
-229.642
-234.544
-238.763
-242.469
-245.784
-248.786
-251.509
-253.948
-255.979
-257.337
-257.799
-257.24
-255.552
-252.606
-248.257
-242.358
-234.762
-225.327
-213.927
-200.45
-184.821
-167.019
-147.128
-126.441
20.5008
34.4514
49.2593
63.5116
76.2289
88.3295
99.2396
108.775
117.182
124.417
130.593
135.859
140.286
143.971
146.985
149.378
151.192
152.457
153.199
153.449
153.238
152.614
151.646
150.419
149.006
147.404
145.583
143.546
141.312
138.898
136.329
133.631
130.831
127.949
124.999
121.972
118.828
115.48
111.928
6.36925
-8.08266
-25.0879
-44.5817
-64.6037
-85.7875
-107.503
-127.975
-146.253
-162.387
-176.194
-187.574
-196.942
-204.661
-210.992
-216.261
-220.716
-224.533
-227.871
-230.846
-233.53
-235.959
-238.129
-239.928
-241.118
-241.499
-240.964
-239.423
-236.765
-232.865
-227.597
-220.834
-212.449
-202.327
-190.358
-176.455
-160.564
-142.709
-124.025
18.6936
31.9448
46.0239
59.5891
71.7032
83.2445
93.6641
102.785
110.841
117.792
123.741
128.835
133.138
136.744
139.723
142.122
143.98
145.33
146.196
146.604
146.585
146.183
145.455
144.482
143.329
141.998
140.466
138.733
136.812
134.716
132.461
130.066
127.546
124.914
122.173
119.307
116.274
112.993
109.491
5.28159
-8.4209
-24.5323
-42.9789
-61.8987
-81.8867
-102.337
-121.572
-138.7
-153.775
-166.634
-177.193
-185.853
-192.959
-198.763
-203.571
-207.619
-211.07
-214.075
-216.743
-219.142
-221.305
-223.232
-224.823
-225.863
-226.172
-225.66
-224.252
-221.852
-218.355
-213.651
-207.632
-200.186
-191.207
-180.59
-168.241
-154.081
-138.084
-121.249
17.0581
29.6428
43.0268
55.9361
67.4745
78.4811
88.4314
97.1548
104.875
111.55
117.28
122.203
126.383
129.907
132.843
135.237
137.129
138.546
139.514
140.058
140.203
139.99
139.471
138.716
137.788
136.693
135.411
133.941
132.294
130.477
128.5
126.377
124.114
121.717
119.181
116.485
113.585
110.404
106.991
4.33147
-8.65735
-23.9179
-41.3689
-59.2417
-78.0945
-97.3468
-115.411
-131.454
-145.533
-157.502
-167.295
-175.296
-181.836
-187.154
-191.54
-195.215
-198.335
-201.04
-203.431
-205.573
-207.499
-209.209
-210.613
-211.518
-211.764
-211.275
-209.986
-207.818
-204.681
-200.483
-195.128
-188.519
-180.562
-171.155
-160.2
-147.602
-133.296
-118.161
15.5813
27.5304
40.2515
52.5345
63.5228
74.0182
83.519
91.8608
99.2564
105.666
111.182
115.939
119.994
123.434
126.322
128.703
130.614
132.084
133.136
133.793
134.078
134.028
133.688
133.121
132.386
131.494
130.427
129.187
127.777
126.204
124.474
122.593
120.565
118.387
116.051
113.53
110.779
107.724
104.428
3.50788
-8.80177
-23.2526
-39.7563
-56.6343
-74.41
-92.5268
-109.484
-124.503
-137.646
-148.782
-157.86
-165.25
-171.265
-176.136
-180.136
-183.472
-186.291
-188.725
-190.867
-192.779
-194.492
-196.008
-197.246
-198.032
-198.223
-197.755
-196.575
-194.617
-191.803
-188.055
-183.293
-177.431
-170.384
-162.057
-152.35
-141.157
-128.385
-114.806
14.2508
25.5938
37.6821
49.367
59.8297
69.8358
78.9058
86.881
93.9646
100.117
105.426
110.018
113.949
117.301
120.136
122.496
124.417
125.926
127.045
127.795
128.199
128.286
128.099
127.694
127.125
126.406
125.526
124.482
123.28
121.92
120.407
118.743
116.927
114.953
112.808
110.464
107.872
104.961
101.805
2.79978
-8.86302
-22.5431
-38.146
-54.0789
-70.8321
-87.8731
-103.784
-117.838
-130.101
-140.457
-148.869
-155.691
-161.222
-165.681
-169.328
-172.355
-174.902
-177.091
-179.01
-180.716
-182.239
-183.583
-184.673
-185.353
-185.498
-185.051
-183.971
-182.201
-179.677
-176.331
-172.097
-166.899
-160.661
-153.296
-144.704
-134.772
-123.388
-111.23
13.0548
23.8198
35.3041
46.4174
56.3775
65.9149
74.5719
82.1947
88.9775
94.8804
99.9871
104.418
108.226
111.488
114.265
116.596
118.517
120.053
121.224
122.051
122.553
122.757
122.7
122.432
122.004
121.434
120.714
119.841
118.817
117.644
116.322
114.851
113.227
111.442
109.479
107.308
104.881
102.126
99.1256
2.19707
-8.84957
-21.796
-36.5422
-51.577
-67.3602
-83.3817
-98.3045
-111.449
-122.885
-132.511
-140.303
-146.598
-151.681
-155.763
-159.086
-161.833
-164.134
-166.102
-167.82
-169.343
-170.697
-171.887
-172.847
-173.434
-173.539
-173.114
-172.125
-170.525
-168.26
-165.274
-161.509
-156.902
-151.384
-144.873
-137.275
-128.471
-118.339
-107.473
11.9825
22.196
33.1035
43.6707
53.1498
62.2383
70.4986
77.7824
84.2749
89.9365
94.8461
99.1184
102.803
105.974
108.689
110.985
112.897
114.449
115.659
116.547
117.131
117.432
117.484
117.333
117.026
116.582
115.998
115.272
114.403
113.392
112.238
110.939
109.488
107.876
106.085
104.082
101.821
99.231
96.3964
1.69035
-8.76957
-21.0175
-34.9489
-49.1306
-63.9933
-79.0489
-93.0374
-105.325
-115.984
-124.928
-132.142
-137.948
-142.619
-146.354
-149.382
-151.875
-153.952
-155.722
-157.261
-158.619
-159.823
-160.877
-161.721
-162.227
-162.298
-161.895
-160.99
-159.544
-157.512
-154.847
-151.5
-147.417
-142.537
-136.785
-130.07
-122.275
-113.268
-103.575
11.0236
20.7108
31.0676
41.1123
50.1312
58.7894
66.6686
73.6262
79.8381
85.2657
89.9831
94.0994
97.6613
100.739
103.388
105.645
107.54
109.098
110.337
111.272
111.921
112.303
112.448
112.394
112.189
111.853
111.386
110.785
110.05
109.18
108.173
107.026
105.732
104.278
102.648
100.808
98.7104
96.2873
93.6248
1.27055
-8.63038
-20.2134
-33.3698
-46.7409
-60.7303
-74.8709
-87.9764
-99.4568
-109.387
-117.693
-124.368
-129.723
-134.013
-137.43
-140.188
-142.449
-144.325
-145.917
-147.295
-148.507
-149.577
-150.51
-151.252
-151.688
-151.731
-151.35
-150.522
-149.215
-147.392
-145.014
-142.039
-138.42
-134.106
-129.027
-123.096
-116.2
-108.203
-99.57
10.1682
19.3533
29.1841
38.7291
47.3072
55.5526
63.0655
69.7088
75.6496
80.8502
85.3799
89.3427
92.7825
95.7665
98.3468
100.558
102.431
103.987
105.243
106.215
106.916
107.364
107.584
107.613
107.494
107.249
106.881
106.388
105.768
105.021
104.143
103.131
101.977
100.668
99.1871
97.5011
95.5638
93.3075
90.8189
0.929294
-8.43927
-19.3893
-31.8083
-44.4091
-57.5701
-70.8437
-83.1146
-93.8344
-103.08
-110.789
-116.965
-121.9
-125.839
-128.964
-131.477
-133.527
-135.222
-136.653
-137.888
-138.969
-139.921
-140.747
-141.399
-141.774
-141.795
-141.435
-140.679
-139.498
-137.862
-135.74
-133.095
-129.889
-126.075
-121.592
-116.358
-110.262
-103.17
-95.4917
9.40741
18.1134
27.4415
36.5086
44.6645
52.5137
59.6743
66.0145
71.6929
76.673
81.0195
84.8314
88.15
91.0391
93.5483
95.7105
97.5544
99.1011
100.366
101.363
102.105
102.607
102.89
102.988
102.94
102.773
102.489
102.088
101.568
100.926
100.162
99.2688
98.2402
97.0637
95.7207
94.1802
92.3967
90.3041
87.988
0.658675
-8.20268
-18.5501
-30.268
-42.1368
-54.5113
-66.963
-78.4454
-88.448
-97.0511
-104.203
-109.913
-114.459
-118.075
-120.933
-123.221
-125.081
-126.612
-127.899
-129.005
-129.971
-130.817
-131.548
-132.122
-132.444
-132.447
-132.109
-131.418
-130.352
-128.885
-126.99
-124.64
-121.8
-118.429
-114.473
-109.855
-104.471
-98.1869
-91.3687
8.73269
16.9813
25.8294
34.4391
42.1904
49.6592
56.4806
62.5282
67.9524
72.7185
76.886
80.5494
83.7476
86.5415
88.9775
91.0872
92.8977
94.4289
95.6953
96.7093
97.4819
98.0257
98.3606
98.5147
98.5271
98.4248
98.2128
97.8901
97.4553
96.9064
96.2407
95.4536
94.5374
93.4805
92.2648
90.8604
89.2232
87.2892
85.1417
0.451277
-7.92714
-17.7007
-28.7517
-39.925
-51.553
-63.2251
-73.9621
-83.2881
-91.2876
-97.9189
-103.196
-107.383
-110.701
-113.312
-115.396
-117.083
-118.466
-119.624
-120.615
-121.477
-122.23
-122.878
-123.382
-123.659
-123.648
-123.332
-122.702
-121.739
-120.423
-118.733
-116.644
-114.128
-111.15
-107.66
-103.588
-98.8352
-93.2734
-87.2268
8.13607
15.9484
24.3378
32.5097
39.8731
46.9767
53.4711
59.2363
64.4141
68.972
72.9643
76.4813
79.5606
82.259
84.6202
86.6745
88.4477
89.9582
91.2194
92.2427
93.0375
93.6144
93.9907
94.1917
94.2541
94.2063
94.055
93.7994
93.4382
92.9695
92.3906
91.697
90.8814
89.9328
88.8338
87.5559
86.0569
84.2747
82.29
0.300233
-7.61821
-16.8458
-27.2624
-37.7748
-48.6943
-59.6266
-69.6585
-78.3449
-85.7768
-91.9224
-96.7971
-100.651
-103.693
-106.08
-107.977
-109.507
-110.756
-111.798
-112.686
-113.456
-114.126
-114.7
-115.144
-115.382
-115.361
-115.067
-114.492
-113.624
-112.445
-110.937
-109.081
-106.853
-104.222
-101.143
-97.555
-93.3623
-88.4438
-83.0882
7.61031
15.0064
22.9576
30.7103
37.7018
44.4543
50.6336
56.1257
61.0643
65.4198
69.2401
72.6129
75.5748
78.1778
80.4631
82.4596
84.1921
85.6776
86.9284
87.9547
88.7646
89.3668
89.7764
90.0157
90.1196
90.1176
90.0178
89.8197
89.522
89.1229
88.6201
88.0093
87.2837
86.4329
85.4406
84.2799
82.9104
81.2721
79.4432
0.199138
-7.28125
-15.9891
-25.8025
-35.6866
-45.9334
-56.1634
-65.5287
-73.6088
-80.5065
-86.1992
-90.7
-94.2445
-97.033
-99.2127
-100.939
-102.326
-103.454
-104.392
-105.188
-105.876
-106.473
-106.983
-107.374
-107.578
-107.55
-107.277
-106.754
-105.972
-104.915
-103.571
-101.922
-99.9496
-97.6262
-94.9126
-91.7516
-88.0556
-83.71
-78.9725
7.14871
14.1475
21.6803
29.0311
35.6659
42.0805
47.9555
53.1837
57.8897
62.0486
65.7
68.9315
71.7781
74.286
76.494
78.4307
80.1197
81.5767
82.8127
83.8368
84.6559
85.277
85.7129
85.9837
86.1223
86.1588
86.1026
85.9538
85.7111
85.3728
84.9369
84.3995
83.7543
82.9918
82.0969
81.0441
79.7951
78.2924
76.6113
0.142176
-6.92091
-15.1339
-24.3736
-33.6602
-43.2679
-52.8301
-61.5654
-69.0696
-75.4651
-80.7361
-84.8889
-88.1457
-90.6991
-92.6887
-94.2593
-95.5166
-96.5352
-97.379
-98.0934
-98.708
-99.2398
-99.6923
-100.038
-100.214
-100.18
-99.9281
-99.454
-98.7497
-97.8043
-96.6063
-95.1428
-93.3972
-91.3463
-88.9554
-86.1725
-82.9169
-79.0811
-74.8956
6.74461
13.3644
20.498
27.4639
33.7567
39.8455
45.4265
50.3987
54.8775
58.8453
62.3298
65.4235
68.1583
70.5715
72.7009
74.5763
76.2202
77.6459
78.8635
79.8814
80.705
81.3398
81.7965
82.0928
82.2603
82.3293
82.3106
82.2043
82.0093
81.7243
81.3475
80.8753
80.3022
79.6196
78.8132
77.8595
76.7223
75.3463
73.8043
0.123507
-6.54265
-14.2855
-22.9789
-31.6968
-40.6965
-49.6222
-57.7608
-64.7146
-70.6409
-75.5226
-79.3505
-82.3379
-84.6724
-86.4868
-87.9147
-89.0537
-89.9733
-90.7324
-91.3731
-91.9227
-92.3969
-92.7991
-93.1042
-93.2566
-93.2203
-92.9888
-92.5598
-91.9272
-91.0823
-90.0159
-88.7178
-87.174
-85.365
-83.26
-80.8119
-77.9466
-74.5644
-70.8715
6.39081
12.6508
19.4042
26.0024
31.9672
37.7433
43.0396
47.7627
52.0194
55.8022
59.1162
62.0731
64.7002
67.0193
69.0691
70.8828
72.4809
73.8739
75.0712
76.08
76.905
77.5496
78.023
78.3407
78.5325
78.6292
78.6427
78.5734
78.4202
78.182
77.8575
77.4435
76.9351
76.3244
75.5986
74.7356
73.7017
72.4434
71.0316
0.136153
-6.15335
-13.4499
-21.6256
-29.8034
-38.2256
-46.5434
-54.1134
-60.5256
-66.0147
-70.5433
-74.0695
-76.8034
-78.9341
-80.5873
-81.8843
-82.915
-83.7443
-84.4269
-85.0014
-85.4927
-85.9155
-86.2733
-86.5435
-86.6757
-86.6387
-86.4272
-86.0404
-85.4735
-84.7196
-83.7719
-82.6221
-81.2584
-79.6644
-77.8129
-75.6616
-73.1427
-70.1641
-66.9109
6.08273
12.0009
18.3921
24.6391
30.2901
35.7659
40.7873
45.2688
49.3104
52.9144
56.0497
58.8694
61.3918
63.6168
65.5859
67.3377
68.8895
70.2489
71.4243
72.4227
73.2469
73.8992
74.3869
74.7229
74.9362
75.0573
75.0993
75.0627
74.9465
74.7503
74.4725
74.1107
73.6606
73.1151
72.4627
71.6827
70.7436
69.5943
68.3035
0.176063
-5.75581
-12.6308
-20.3157
-27.982
-35.8573
-43.5994
-50.6302
-56.4933
-61.5694
-65.7799
-69.0254
-71.5202
-73.4618
-74.9671
-76.145
-77.0774
-77.825
-78.4386
-78.9537
-79.3929
-79.7702
-80.0889
-80.3286
-80.4437
-80.4078
-80.2162
-79.8687
-79.3622
-78.6914
-77.8511
-76.834
-75.6313
-74.2287
-72.6024
-70.7144
-68.5032
-65.8839
-63.0235
5.82027
11.4108
17.4532
23.362
28.7105
33.8949
38.6513
42.8982
46.7333
50.157
53.1199
55.8218
58.2444
60.3687
62.2535
63.9427
65.4466
66.7697
67.9207
68.9064
69.7277
70.3852
70.8846
71.2365
71.4685
71.6115
71.6791
71.672
71.5892
71.4307
71.1951
70.8805
70.4833
69.9971
69.4114
68.7074
67.8555
66.8068
65.6279
0.246133
-5.34472
-11.8147
-19.0304
-26.2089
-33.563
-40.7623
-47.2912
-52.6346
-57.3327
-61.2454
-64.2148
-66.4777
-68.2406
-69.608
-70.6745
-71.5159
-72.1884
-72.7395
-73.2011
-73.5938
-73.9307
-74.2153
-74.4288
-74.53
-74.4966
-74.3243
-74.0142
-73.5634
-72.9689
-72.2259
-71.3287
-70.2708
-69.0391
-67.6135
-65.96
-64.0227
-61.7234
-59.2132
5.60076
10.8767
16.5811
22.1627
27.2157
32.1124
36.6069
40.6226
44.2559
47.4915
50.2922
52.9248
55.2623
57.2711
59.0648
60.6938
62.1513
63.4368
64.5621
65.5338
66.3512
67.0124
67.5213
67.8873
68.1359
68.2982
68.3889
68.4083
68.3556
68.2315
68.0342
67.762
67.4127
66.9804
66.4552
65.8204
65.0484
64.0924
63.0175
0.344919
-4.91883
-10.9967
-17.7581
-24.463
-31.3101
-37.9881
-44.0316
-48.909
-53.3323
-56.9714
-59.6444
-61.6722
-63.2671
-64.5054
-65.4661
-66.2207
-66.8228
-67.3159
-67.728
-68.0783
-68.3783
-68.632
-68.8224
-68.9129
-68.8833
-68.7306
-68.4559
-68.0573
-67.5327
-66.8781
-66.0899
-65.1621
-64.0837
-62.8372
-61.3926
-59.6993
-57.6865
-55.4896
5.43715
10.4663
15.9069
21.2051
25.9874
30.5914
34.7774
38.4822
41.7915
44.7183
47.1452
49.8484
52.2881
54.2883
56.0843
57.747
59.2394
60.5543
61.7092
62.7119
63.5598
64.2498
64.7849
65.1745
65.444
65.6261
65.7375
65.7776
65.7483
65.6497
65.4738
65.2281
64.9098
64.5121
64.0256
63.4348
62.7144
61.8183
60.812
0.427536
-4.57662
-10.3484
-16.7185
-22.9772
-29.2907
-35.3038
-40.5721
-44.6398
-49.3105
-52.9795
-55.5048
-57.4228
-58.966
-60.1668
-61.0907
-61.8124
-62.3893
-62.8617
-63.2568
-63.5932
-63.8823
-64.128
-64.3152
-64.4104
-64.3937
-64.2628
-64.0192
-63.6625
-63.1903
-62.6005
-61.8904
-61.0543
-60.0844
-58.9643
-57.6668
-56.146
-54.3374
-52.3641
5.30857
10.1342
15.3476
20.394
24.9177
29.2203
33.073
36.4141
39.318
41.8416
43.756
46.6567
49.3259
51.3965
53.2593
55.0172
56.6004
57.9922
59.216
60.2813
61.1841
61.9207
62.4941
62.914
63.2076
63.4105
63.5416
63.5991
63.5889
63.5101
63.3443
63.1139
62.815
62.4385
61.975
61.4107
60.7215
59.8613
58.8973
0.501835
-4.28632
-9.78917
-15.8007
-21.6201
-27.3626
-32.6208
-37.0085
-40.1087
-45.2819
-49.1875
-51.6736
-53.5634
-55.1272
-56.3509
-57.2848
-58.0115
-58.593
-59.0701
-59.4701
-59.8117
-60.1079
-60.3635
-60.5642
-60.6776
-60.6821
-60.5754
-60.3609
-60.0385
-59.6068
-59.0652
-58.4113
-57.6413
-56.7491
-55.7197
-54.5285
-53.133
-51.4714
-49.6587
5.18813
9.80857
14.7929
19.5869
23.8529
27.8549
31.382
34.3659
36.8816
39.0142
40.4466
43.4802
46.3504
48.4858
50.4004
52.2389
53.9058
55.3708
56.6606
57.7872
58.7457
59.5298
60.1428
60.5944
60.9129
61.1372
61.2889
61.365
61.3748
61.317
61.1628
60.9487
60.6706
60.316
59.8763
59.3391
58.6818
57.8583
56.9373
0.586666
-3.98339
-9.21484
-14.8667
-20.2534
-25.4336
-29.974
-33.5424
-35.7238
-41.2424
-45.3718
-47.8212
-49.6606
-51.2266
-52.4662
-53.4067
-54.1353
-54.7188
-55.1996
-55.604
-55.9505
-56.2533
-56.5189
-56.7337
-56.8656
-56.8923
-56.8127
-56.6299
-56.3446
-55.9571
-55.4666
-54.8717
-54.1707
-53.3573
-52.4187
-51.3331
-50.0609
-48.5451
-46.9014
5.07556
9.49122
14.246
18.79
22.8004
26.5044
29.7153
32.347
34.4934
36.2303
37.2227
40.3253
43.3569
45.5549
47.5127
49.418
51.1607
52.695
54.0479
55.2344
56.2485
57.0819
57.7374
58.2237
58.5699
58.8177
58.9914
59.0866
59.1176
59.0812
58.9401
58.7438
58.4876
58.1566
57.7422
57.2337
56.6096
55.8238
54.9465
0.679855
-3.67271
-8.63309
-13.9275
-18.8917
-23.5187
-27.385
-30.1707
-31.533
-37.2044
-41.5173
-43.9499
-45.7286
-47.2773
-48.5226
-49.4666
-50.1938
-50.7758
-51.2564
-51.6619
-52.0106
-52.3173
-52.5897
-52.8156
-52.9624
-53.0073
-52.9505
-52.7952
-52.5432
-52.1956
-51.752
-51.2127
-50.577
-49.84
-48.9903
-48.0088
-46.8584
-45.4828
-43.9809
4.97173
9.18494
13.7115
18.01
21.7682
25.1792
28.0843
30.3668
32.1605
33.4861
34.0788
37.1899
40.3376
42.5922
44.5894
46.5536
48.3675
49.9704
51.3862
52.632
53.7012
54.584
55.282
55.8047
56.1824
56.4589
56.6596
56.7789
56.8345
56.8207
56.6957
56.5179
56.2832
55.9752
55.586
55.1062
54.5155
53.768
52.9356
0.780263
-3.35713
-8.0498
-12.9921
-17.5477
-21.6327
-24.8701
-26.8916
-27.5531
-33.1941
-37.6205
-40.0509
-41.7686
-43.2838
-44.5228
-45.4654
-46.1885
-46.7681
-47.2498
-47.6595
-48.0146
-48.3298
-48.6129
-48.8557
-49.0261
-49.1009
-49.0785
-48.9626
-48.7562
-48.4595
-48.0735
-47.5989
-47.0351
-46.3779
-45.618
-44.7373
-43.7052
-42.4752
-41.1671
4.87755
8.89344
13.1972
17.2562
20.7671
23.8916
26.5019
28.4363
29.89
30.7783
31.0007
34.067
37.2853
39.5841
41.614
43.63
45.5139
47.1904
48.677
49.9906
51.1232
52.0617
52.8043
53.3606
53.7645
54.0663
54.2938
54.4405
54.5264
54.5401
54.4402
54.2895
54.0832
53.8039
53.4442
52.9956
52.4393
51.7292
50.9378
0.885638
-3.04227
-7.47305
-12.0734
-16.2361
-19.7941
-22.4475
-23.7125
-23.7862
-29.2326
-33.6831
-36.1157
-37.7793
-39.2502
-40.4719
-41.4071
-42.1211
-42.6889
-43.1584
-43.5567
-43.903
-44.2129
-44.4956
-44.7412
-44.9159
-44.9981
-44.9876
-44.89
-44.7085
-44.4439
-44.0983
-43.6735
-43.17
-42.5852
-41.9124
-41.1342
-40.218
-39.1044
-37.8542
4.79429
8.62374
12.7154
16.5448
19.8118
22.6559
24.9738
26.5505
27.6689
28.0871
27.9559
30.9373
34.1955
36.5273
38.5771
40.6282
42.5699
44.3162
45.8776
47.2696
48.4829
49.5011
50.3172
50.9334
51.3783
51.7069
51.9536
52.1169
52.222
52.2511
52.1704
52.0408
51.86
51.6115
51.2881
50.8809
50.3731
49.7212
49.0137
0.991183
-2.73823
-6.91797
-11.1907
-14.9753
-18.0192
-20.125
-20.6333
-20.2205
-25.3363
-29.7112
-32.1368
-33.7553
-35.1749
-36.3675
-37.2921
-38.0087
-38.5898
-39.0805
-39.5032
-39.8729
-40.2038
-40.5087
-40.784
-41.0041
-41.1426
-41.1935
-41.1613
-41.0497
-40.8597
-40.5932
-40.251
-39.8331
-39.3364
-38.7548
-38.0759
-37.2832
-36.3568
-35.4535
4.72143
8.3803
12.2762
15.8893
18.9189
21.4886
23.5014
24.6943
25.4757
25.3834
24.887
27.7516
31.0424
33.4213
35.5045
37.5919
39.58
41.3783
42.9947
44.4447
45.7182
46.7988
47.6852
48.3849
48.9207
49.3366
49.6578
49.8845
50.0457
50.1088
50.06
49.9532
49.7875
49.5498
49.2364
48.8408
48.3454
47.6868
46.9235
1.09033
-2.45779
-6.40387
-10.3692
-13.7869
-16.324
-17.9052
-17.6536
-16.8301
-21.5155
-25.7104
-28.1029
-29.6865
-31.0592
-32.2106
-33.0909
-33.7468
-34.2528
-34.6671
-35.0239
-35.3447
-35.6446
-35.9311
-36.1878
-36.3768
-36.4802
-36.5044
-36.4552
-36.3352
-36.1461
-35.8918
-35.5757
-35.201
-34.7678
-34.2705
-33.6927
-32.9919
-32.0794
-30.914
4.65568
8.1569
11.8718
15.2863
18.0959
20.4122
22.1143
22.9215
23.3811
22.6955
21.7464
24.4418
27.7363
30.1677
32.3329
34.5289
36.6351
38.5455
40.264
41.8043
43.148
44.2627
45.1341
45.7814
46.2722
46.685
47.0375
47.3233
47.5654
47.6979
47.7433
47.7412
47.6881
47.5664
47.3662
47.0819
46.7157
46.2709
45.9209
1.18238
-2.20136
-5.93385
-9.62058
-12.6909
-14.7503
-15.8398
-14.8066
-13.5814
-17.7724
-21.6862
-24.0023
-25.5496
-26.881
-28.0275
-28.9706
-29.7503
-30.4067
-30.9626
-31.4318
-31.8311
-32.1798
-32.5023
-32.8174
-33.1169
-33.3627
-33.5334
-33.6325
-33.6634
-33.6276
-33.5247
-33.3533
-33.112
-32.7985
-32.4114
-31.9515
-31.4399
-30.9302
-30.7012
4.5983
7.95404
11.504
14.7394
17.3564
19.4576
20.8786
21.3757
21.548
20.0788
18.5181
21.02
24.2156
26.5512
28.694
30.9719
33.2402
35.3624
37.3248
39.1372
40.7834
42.2244
43.4052
44.2685
44.817
45.1612
45.3966
45.537
45.6209
45.659
45.5617
45.3791
45.1584
44.9047
44.6084
44.2466
43.7549
42.9574
41.7022
1.27198
-1.96035
-5.49956
-8.94396
-11.7073
-13.3777
-14.0381
-12.1454
-10.4627
-14.0861
-17.6325
-19.8442
-21.3638
-22.5914
-23.5131
-24.1269
-24.5176
-24.7968
-25.0444
-25.2987
-25.5718
-25.8655
-26.1703
-26.439
-26.6076
-26.6798
-26.6885
-26.6412
-26.5394
-26.3867
-26.1897
-25.9569
-25.6949
-25.4068
-25.0848
-24.6994
-24.1598
-23.2777
-21.7717
4.56587
7.83102
11.2692
14.3595
16.8
18.6801
19.7964
19.9988
19.7473
17.1916
15.0383
17.6031
20.808
22.9403
24.7888
26.7852
28.8394
30.8256
32.7152
34.5043
36.1782
37.7381
39.2171
40.6343
41.9105
42.9881
43.8806
44.6593
45.3764
45.8368
46.1808
46.4825
46.6789
46.7498
46.7039
46.5842
46.515
46.7825
47.8906
1.33585
-1.78976
-5.18143
-8.42077
-10.8988
-12.2313
-12.3941
-9.51906
-7.44351
-10.4554
-13.5064
-15.5545
-17.1694
-18.6982
-20.1359
-21.4284
-22.5469
-23.4549
-24.1507
-24.6663
-25.0486
-25.3462
-25.6246
-25.9757
-26.4481
-26.9526
-27.3981
-27.775
-28.0886
-28.3407
-28.5245
-28.6306
-28.6542
-28.595
-28.4663
-28.3054
-28.2329
-28.4863
-29.6229
4.57262
7.88371
11.3324
14.3499
16.6153
18.1716
18.774
18.3501
17.0576
13.0931
10.7851
13.9081
17.857
20.6213
22.8782
25.0458
27.1318
29.081
30.8746
32.4769
33.7845
34.6263
34.874
34.5778
34.195
34.0152
33.9707
33.8861
33.6597
33.6152
33.3699
33.081
32.917
32.8043
32.6725
32.4584
31.9001
30.46
27.2367
1.29769
-1.8503
-5.20608
-8.28555
-10.4188
-11.2176
-10.3873
-6.4411
-4.41253
-6.93396
-9.38505
-10.9453
-11.9061
-12.3899
-12.4442
-12.2383
-11.9596
-11.7796
-11.7622
-11.9006
-12.1563
-12.4941
-12.8507
-13.0847
-13.0664
-12.895
-12.7029
-12.5014
-12.2829
-12.0447
-11.8026
-11.5739
-11.3701
-11.1941
-11.0282
-10.8064
-10.3205
-9.17972
-6.67225
4.57616
8.02494
11.5689
14.5857
16.7144
17.922
17.9104
16.5885
13.7856
8.40413
5.36779
8.18302
12.4357
16.3209
20.1204
23.9528
27.8276
31.7404
35.7215
39.8194
44.0884
48.5004
52.7978
56.5005
58.9242
60.1656
61.4717
62.3514
63.7562
66.7998
65.704
65.4323
65.841
66.0302
65.9103
65.8117
66.1772
67.7191
71.1581
1.14967
-2.12973
-5.5512
-8.53551
-10.3142
-10.4142
-8.19556
-3.2931
-1.31716
-3.28084
-5.68344
-8.27682
-11.0465
-13.9344
-16.6079
-18.8126
-20.4944
-21.6265
-22.3047
-22.6713
-22.8599
-22.9847
-23.2125
-23.821
-24.9433
-26.2198
-27.3451
-28.3344
-29.243
-30.0754
-30.8064
-31.4159
-31.9011
-32.2737
-32.5829
-32.9399
-33.6481
-35.198
-38.4606
660.287
638.991
616.536
592.643
568.103
543.405
518.945
494.92
471.434
448.568
426.392
404.971
384.364
364.625
345.794
327.906
310.983
295.035
280.064
266.06
253.003
240.866
229.614
219.207
209.6
200.746
192.597
185.104
178.22
171.898
166.094
160.765
155.87
151.371
147.229
143.41
139.877
136.598
133.538
130.668
127.954
125.37
122.885
120.475
118.116
115.787
113.468
111.144
108.8
106.428
104.019
101.567
99.0721
96.5326
93.9508
91.3308
88.6779
85.9988
83.301
80.5929
77.8829
75.18
72.4936
69.8326
67.2075
64.6259
62.1038
59.9602
58.0864
56.1697
54.221
52.2514
50.2835
48.4304
46.2631
45.6375
40.668
48.6671
25.143
73.6125
663.072
651.957
638.537
624.199
607.127
586.608
562.469
534.643
503.445
469.798
435.069
400.589
367.203
335.217
304.641
275.42
247.524
220.95
195.69
171.718
148.999
127.487
107.132
87.883
69.6907
52.5122
36.3068
21.0395
6.68182
-6.78771
-19.3838
-31.1195
-42.0036
-52.041
-61.2356
-69.5917
-77.1146
-83.8119
-89.6931
-94.7726
-99.0678
-102.6
-105.396
-107.487
-108.905
-109.689
-109.881
-109.523
-108.661
-107.341
-105.61
-103.514
-101.1
-98.4099
-95.4873
-92.3716
-89.0996
-85.7055
-82.2201
-78.6711
-75.0834
-71.4781
-67.8742
-64.2868
-60.731
-57.2146
-53.7538
-50.824
-48.2495
-45.6384
-42.8177
-40.1861
-36.8694
-34.8173
-29.9602
-30.5966
-20.5797
-30.3815
-5.06477
-40.0157
248.821
249.412
251.607
253.397
254.965
256.078
256.679
256.713
256.165
255.034
253.324
251.047
248.223
244.877
241.045
236.768
232.094
227.082
221.787
216.271
210.601
204.837
199.04
193.267
187.569
181.992
176.572
171.342
166.324
161.535
156.982
152.672
148.602
144.765
141.154
137.755
134.554
131.535
128.68
125.972
123.39
120.916
118.529
116.212
113.946
111.714
109.5
107.289
105.07
102.832
100.566
98.2676
95.9318
93.5572
91.1437
88.6934
86.2098
83.6976
81.163
78.6129
76.055
73.4974
70.9491
68.4186
65.9161
63.4486
61.0334
58.9762
57.1764
55.3334
53.4553
51.5564
49.6538
47.8714
45.7604
45.1862
40.3527
48.0464
25.588
72.0702
248.869
247.984
247.112
246.42
245.582
244.711
243.873
242.876
241.402
239.09
235.621
230.82
224.668
217.211
208.513
198.657
187.76
175.96
163.412
150.272
136.694
122.826
108.809
94.7762
80.8425
67.113
53.6768
40.6089
27.9721
15.8189
4.19394
-6.86831
-17.3389
-27.1926
-36.4088
-44.9704
-52.8635
-60.078
-66.6062
-72.4453
-77.5962
-82.0632
-85.8569
-88.991
-91.4843
-93.3603
-94.6466
-95.3744
-95.5779
-95.2937
-94.5611
-93.4204
-91.9117
-90.0757
-87.9526
-85.5808
-82.9971
-80.2366
-77.3317
-74.3122
-71.2055
-68.0358
-64.825
-61.5916
-58.3538
-55.1223
-51.9148
-49.1815
-46.7676
-44.319
-41.642
-39.1655
-35.9691
-34.0633
-29.3244
-30.0317
-20.2972
-29.7654
-5.46752
-39.0514
150.898
151.429
151.903
152.296
152.821
153.401
154.061
154.781
155.553
156.356
157.168
157.965
158.718
159.401
159.981
160.429
160.717
160.817
160.705
160.363
159.776
158.936
157.843
156.502
154.925
153.13
151.141
148.983
146.687
144.284
141.803
139.273
136.723
134.173
131.645
129.154
126.71
124.323
121.994
119.724
117.512
115.351
113.236
111.157
109.106
107.072
105.045
103.016
100.975
98.9151
96.8287
94.7104
92.5565
90.3646
88.1341
85.8659
83.5623
81.2269
78.8645
76.4812
74.0839
71.68
69.2779
66.886
64.5138
62.1683
59.8676
57.9038
56.1842
54.4207
52.6198
50.7982
48.9685
47.2566
45.2259
44.6492
40.0975
47.2052
26.244
69.9899
150.237
148.984
147.442
145.862
144.196
142.358
140.33
138.087
135.591
132.826
129.802
126.554
123.143
119.619
115.994
112.228
108.25
103.976
99.3391
94.2866
88.7822
82.8047
76.3502
69.4337
62.0865
54.3555
46.3001
37.9893
29.4983
20.9063
12.2944
3.7402
-4.6821
-12.9014
-20.8536
-28.4806
-35.7307
-42.5591
-48.9271
-54.803
-60.1614
-64.9827
-69.2543
-72.9694
-76.1271
-78.7325
-80.7959
-82.333
-83.364
-83.9129
-84.0076
-83.6786
-82.9584
-81.8811
-80.4814
-78.7942
-76.8538
-74.6937
-72.3459
-69.8406
-67.2059
-64.4677
-61.65
-58.7734
-55.8582
-52.9182
-49.9713
-47.4432
-45.198
-42.9163
-40.3964
-38.0712
-35.03
-33.2271
-28.7101
-29.3329
-20.1444
-28.9164
-6.07406
-37.8552
153.358
153.784
154.074
154.283
154.388
154.368
154.234
153.98
153.612
153.133
152.551
151.873
151.108
150.266
149.358
148.393
147.381
146.328
145.241
144.124
142.977
141.802
140.593
139.349
138.062
136.729
135.342
133.898
132.396
130.833
129.213
127.539
125.817
124.055
122.262
120.446
118.617
116.782
114.947
113.118
111.297
109.486
107.684
105.889
104.096
102.302
100.5
98.6845
96.8497
94.9898
93.0996
91.1746
89.2116
87.2084
85.164
83.0789
80.9547
78.7944
76.6021
74.383
72.1431
69.8896
67.6303
65.3731
63.1276
60.9005
58.7106
56.8359
55.1908
53.5013
51.7727
50.023
48.2611
46.6138
44.6533
44.0978
39.7333
46.5435
26.402
68.6253
152.737
151.801
150.677
149.43
148.075
146.587
144.895
142.919
140.564
137.732
134.349
130.407
125.968
121.146
116.055
110.782
105.371
99.843
94.2042
88.4626
82.6241
76.6894
70.6542
64.5115
58.2532
51.8727
45.3674
38.7395
31.9979
25.159
18.248
11.2963
4.34113
-2.57294
-9.39933
-16.0887
-22.5912
-28.8584
-34.844
-40.505
-45.8033
-50.7049
-55.1816
-59.2116
-62.7786
-65.8722
-68.4879
-70.6273
-72.2973
-73.5096
-74.2806
-74.6304
-74.5828
-74.1643
-73.4029
-72.3285
-70.9715
-69.3625
-67.5314
-65.5075
-63.3188
-60.9915
-58.5505
-56.0178
-53.4151
-50.759
-48.0678
-45.74
-43.656
-41.533
-39.1634
-36.9845
-34.0893
-32.3982
-28.0648
-28.6808
-19.8657
-28.273
-6.29158
-37.1164
128.465
128.836
129.233
129.63
130.013
130.381
130.727
131.043
131.321
131.551
131.725
131.834
131.87
131.824
131.692
131.468
131.148
130.731
130.216
129.608
128.909
128.124
127.262
126.329
125.333
124.281
123.182
122.04
120.861
119.65
118.409
117.141
115.848
114.53
113.189
111.827
110.446
109.045
107.628
106.195
104.748
103.287
101.812
100.321
98.8135
97.2862
95.7364
94.1606
92.5547
90.915
89.238
87.5205
85.7598
83.9542
82.1031
80.2068
78.2666
76.2851
74.2658
72.2135
70.1337
68.033
65.9186
63.7984
61.6818
59.5753
57.4982
55.7136
54.144
52.5294
50.8742
49.1966
47.5036
45.9206
44.0304
43.5062
39.2893
45.9187
26.315
67.554
127.866
126.876
125.8
124.73
123.625
122.494
121.348
120.153
118.859
117.417
115.759
113.807
111.504
108.834
105.812
102.466
98.8203
94.8927
90.6898
86.2144
81.4761
76.492
71.2836
65.8743
60.2872
54.5462
48.675
42.6961
36.6311
30.5014
24.329
18.1357
11.9439
5.77964
-0.329805
-6.35455
-12.2623
-18.0191
-23.5896
-28.9384
-34.0307
-38.8329
-43.3139
-47.4464
-51.2069
-54.576
-57.5391
-60.0875
-62.2171
-63.929
-65.2288
-66.1269
-66.6379
-66.7799
-66.5734
-66.0421
-65.2113
-64.107
-62.756
-61.1852
-59.4212
-57.4893
-55.4144
-53.2188
-50.9249
-48.5513
-46.1162
-43.9888
-42.0666
-40.103
-37.8854
-35.8553
-33.1047
-31.5377
-27.3664
-28.0285
-19.4896
-27.7096
-6.31
-36.5309
101.693
102.027
102.407
102.786
103.176
103.575
103.982
104.397
104.817
105.241
105.667
106.092
106.511
106.92
107.315
107.689
108.035
108.347
108.617
108.837
109.001
109.101
109.132
109.088
108.965
108.763
108.48
108.118
107.678
107.163
106.578
105.927
105.215
104.448
103.628
102.76
101.849
100.896
99.9035
98.8744
97.8097
96.7102
95.5762
94.4078
93.2043
91.9645
90.687
89.3699
88.0109
86.608
85.1588
83.6615
82.1143
80.5162
78.8669
77.1669
75.4175
73.6211
71.7808
69.9011
67.987
66.0448
64.0813
62.1042
60.1225
58.1428
56.1845
54.4954
53.0065
51.4719
49.8952
48.2947
46.6761
45.1613
43.3501
42.85
38.8047
45.1983
26.2204
66.3438
101.187
100.34
99.4216
98.5199
97.5741
96.5681
95.5372
94.4988
93.4304
92.2978
91.0725
89.7153
88.1766
86.4207
84.4418
82.2558
79.8798
77.3253
74.5993
71.6972
68.604
65.3053
61.7932
58.0649
54.121
49.9658
45.6075
41.0588
36.3361
31.4594
26.452
21.3389
16.1463
10.9033
5.63916
0.383984
-4.83114
-9.97469
-15.0145
-19.9185
-24.6546
-29.191
-33.497
-37.5441
-41.3056
-44.7578
-47.8803
-50.6568
-53.0753
-55.1281
-56.8119
-58.1279
-59.082
-59.6836
-59.9458
-59.8848
-59.5196
-58.871
-57.9612
-56.8137
-55.4522
-53.9001
-52.181
-50.3169
-48.3297
-46.2391
-44.0626
-42.1393
-40.3839
-38.5852
-36.5266
-34.6509
-32.0532
-30.6144
-26.616
-27.3226
-19.0782
-27.089
-6.32156
-35.8501
85.5648
85.9229
86.3104
86.6974
87.0942
87.4963
87.9036
88.3149
88.729
89.1451
89.562
89.9786
90.3935
90.8057
91.2138
91.6159
92.0107
92.3963
92.77
93.1292
93.4711
93.7918
94.0871
94.3523
94.5829
94.7736
94.9194
95.0154
95.0568
95.0398
94.9614
94.8192
94.6122
94.3398
94.0024
93.6011
93.1374
92.6135
92.0313
91.3929
90.6999
89.9539
89.156
88.307
87.4072
86.4568
85.4552
84.4016
83.2951
82.1347
80.9191
79.6474
78.3187
76.9326
75.4893
73.9893
72.4342
70.8261
69.1681
67.4643
65.7195
63.9395
62.1309
60.3011
58.4587
56.6104
54.7756
53.1865
51.7822
50.3317
48.8378
47.3182
45.7787
44.3347
42.6104
42.1255
38.2792
44.3797
26.114
64.9952
85.1061
84.4208
83.6764
82.9318
82.1478
81.3018
80.4036
79.4756
78.5321
77.563
76.5411
75.4379
74.2192
72.8407
71.2678
69.4948
67.5407
65.4291
63.1785
60.8037
58.3109
55.6941
52.9435
50.053
47.0189
43.8377
40.507
37.0256
33.3942
29.6165
25.6997
21.6537
17.4915
13.2302
8.88999
4.49351
0.066201
-4.36464
-8.77002
-13.1201
-17.3843
-21.5319
-25.5323
-29.3562
-32.9756
-36.3639
-39.4973
-42.3548
-44.9185
-47.1742
-49.1116
-50.7246
-52.0109
-52.9724
-53.6146
-53.9467
-53.9809
-53.7322
-53.2175
-52.4558
-51.4672
-50.2723
-48.8923
-47.348
-45.66
-43.8483
-41.9292
-40.2111
-38.6248
-36.9934
-35.0983
-33.3798
-30.9425
-29.6321
-25.8206
-26.5612
-18.6404
-26.4058
-6.32815
-35.0891
73.9895
74.3325
74.6986
75.0713
75.4563
75.851
76.2554
76.6687
77.0899
77.518
77.9518
78.3899
78.8309
79.2731
79.7147
80.1536
80.5883
81.0165
81.4361
81.8451
82.2416
82.6235
82.9885
83.3345
83.6595
83.9609
84.2363
84.483
84.6979
84.8779
85.0198
85.1203
85.1762
85.1844
85.1419
85.0463
84.8956
84.6881
84.4228
84.0989
83.7158
83.2734
82.7717
82.2105
81.5898
80.9094
80.1689
79.368
78.5058
77.5821
76.5959
75.5468
74.4345
73.2587
72.02
70.7192
69.3576
67.9376
66.4619
64.9342
63.3593
61.7425
60.09
58.4091
56.7082
54.9935
53.2847
51.7982
50.4806
49.1163
47.7074
46.2712
44.8134
43.4413
41.809
41.3334
37.7
43.4899
25.9402
63.6146
73.5769
72.9996
72.3744
71.7418
71.077
70.3683
69.6159
68.8202
67.9929
67.1514
66.2974
65.4114
64.4675
63.4393
62.2893
60.9791
59.4924
57.8388
56.0363
54.0997
52.0422
49.8728
47.5899
45.1871
42.6608
40.0107
37.2377
34.3429
31.3277
28.1944
24.947
21.5904
18.1305
14.5764
10.9386
7.23015
3.46668
-0.333809
-4.15083
-7.96182
-11.7425
-15.4668
-19.1082
-22.6397
-26.0342
-29.2656
-32.3088
-35.1406
-37.7402
-40.0891
-42.1722
-43.9777
-45.4972
-46.7262
-47.6638
-48.3125
-48.6782
-48.7701
-48.5997
-48.181
-47.5298
-46.6633
-45.5998
-44.3578
-42.9561
-41.4143
-39.7469
-38.2312
-36.8128
-35.3478
-33.6171
-32.0561
-29.7832
-28.6005
-24.9832
-25.7556
-18.1649
-25.6885
-6.28615
-34.3107
64.0581
64.3656
64.694
65.0317
65.3827
65.7455
66.1206
66.5078
66.9068
67.3171
67.7384
68.17
68.6113
69.0612
69.5186
69.9825
70.4511
70.9228
71.3957
71.8678
72.3366
72.8
73.2551
73.6996
74.1305
74.5452
74.941
75.3151
75.665
75.988
76.2814
76.5426
76.7691
76.9583
77.1074
77.2139
77.275
77.2883
77.2513
77.1618
77.0175
76.8167
76.5576
76.2388
75.8588
75.4165
74.9108
74.3407
73.7051
73.0035
72.2348
71.3986
70.4947
69.5227
68.4832
67.377
66.2053
64.9702
63.6743
62.3211
60.9148
59.4605
57.9641
56.4326
54.8739
53.2942
51.7129
50.3304
49.101
47.8244
46.5023
45.1511
43.7773
42.478
40.9416
40.4717
37.0588
42.5339
25.6875
62.2229
63.6969
63.2043
62.6726
62.1337
61.5663
60.9611
60.3235
59.6526
58.942
58.1972
57.4359
56.667
55.8797
55.0541
54.1697
53.197
52.1008
50.8599
49.4766
47.9644
46.335
44.5986
42.7642
40.8313
38.7928
36.6429
34.3795
32.0026
29.5129
26.9118
24.2022
21.3877
18.4733
15.4658
12.3733
9.20536
5.97319
2.68979
-0.630037
-3.96962
-7.31067
-10.633
-13.915
-17.1344
-20.2676
-23.291
-26.181
-28.9148
-31.4709
-33.8293
-35.9719
-37.8834
-39.5513
-40.9663
-42.1221
-43.0158
-43.6479
-44.0219
-44.1441
-44.0236
-43.6719
-43.1021
-42.3291
-41.3686
-40.2371
-38.953
-37.5287
-36.2103
-34.9568
-33.6555
-32.089
-30.6841
-28.5779
-27.5224
-24.1031
-24.9088
-17.6459
-24.9446
-6.18737
-33.5256
55.8627
56.1384
56.4322
56.7357
57.0518
57.3798
57.7202
58.0728
58.4378
58.815
59.2044
59.6058
60.0189
60.4433
60.8785
61.324
61.779
62.2426
62.7138
63.1914
63.674
64.1599
64.6474
65.1343
65.6185
66.0974
66.5684
67.0288
67.4753
67.9051
68.315
68.7017
69.0623
69.3936
69.6925
69.9561
70.1814
70.3655
70.5056
70.5991
70.6433
70.6355
70.5734
70.4547
70.277
70.0384
69.737
69.371
68.9388
68.4392
67.8708
67.2327
66.5244
65.7455
64.896
63.9765
62.9881
61.9324
60.8118
59.6293
58.3888
57.095
55.7534
54.3705
52.954
51.5097
50.0568
48.7795
47.6394
46.4519
45.2182
43.9537
42.6657
41.4404
40.0031
39.5364
36.3512
41.5056
25.3662
60.795
55.5473
55.1273
54.6748
54.2154
53.7319
53.2146
52.6668
52.0924
51.4891
50.8501
50.1754
49.4784
48.7724
48.0553
47.3121
46.5252
45.672
44.7213
43.6494
42.4532
41.1435
39.7316
38.227
36.6397
34.9718
33.2175
31.3701
29.4263
27.385
25.2458
23.0089
20.6752
18.2464
15.7265
13.1201
10.4337
7.67529
4.85448
1.98249
-0.927904
-3.86217
-6.80433
-9.73691
-12.6413
-15.4977
-18.2856
-20.9838
-23.5715
-26.0278
-28.3328
-30.4677
-32.4154
-34.1609
-35.6916
-36.9974
-38.0712
-38.9088
-39.5089
-39.8732
-40.0061
-39.9147
-39.608
-39.0973
-38.3954
-37.5156
-36.4748
-35.2826
-34.1546
-33.0616
-31.9205
-30.5165
-29.2658
-27.3275
-26.3979
-23.1798
-24.0196
-17.0838
-24.1684
-6.04175
-32.7207
49.2056
49.4525
49.715
49.9871
50.2711
50.5666
50.874
51.1935
51.5251
51.869
52.2252
52.5938
52.9746
53.3674
53.7721
54.1884
54.6158
55.0537
55.5016
55.9588
56.4244
56.8972
57.3762
57.8599
58.347
58.8356
59.324
59.81
60.2912
60.7652
61.2292
61.6804
62.1156
62.5318
62.9255
63.2935
63.6322
63.9384
64.2087
64.4398
64.6283
64.7712
64.8655
64.9081
64.8963
64.8273
64.6986
64.508
64.253
63.9318
63.5427
63.0841
62.555
61.9546
61.2824
60.5387
59.7239
58.8395
57.8871
56.8695
55.79
54.6528
53.463
52.2267
50.9508
49.6413
48.3166
47.1448
46.0945
44.997
43.8527
42.6759
41.4752
40.3249
38.989
38.5242
35.5728
40.4005
24.9803
59.3132
48.9292
48.5697
48.1829
47.7894
47.3755
46.9332
46.4636
45.968
45.4475
44.9019
44.3259
43.7153
43.0776
42.4272
41.7694
41.0945
40.387
39.629
38.7945
37.858
36.8105
35.6595
34.4154
33.0874
31.6857
30.2152
28.6721
27.05
25.3455
23.5575
21.6859
19.7307
17.692
15.5711
13.3703
11.0932
8.74429
6.32978
3.85725
1.33572
-1.22409
-3.8099
-6.40798
-9.0033
-11.5795
-14.1191
-16.6037
-19.0147
-21.3331
-23.5399
-25.6167
-27.5459
-29.3116
-30.8991
-32.2961
-33.4921
-34.4797
-35.2537
-35.8116
-36.1538
-36.2832
-36.205
-35.9268
-35.458
-34.809
-33.9945
-33.0214
-32.0749
-31.1366
-30.1505
-28.9059
-27.806
-26.0354
-25.2297
-22.2148
-23.0883
-16.4801
-23.3567
-5.85579
-31.8887
43.6474
43.867
44.1001
44.3424
44.5958
44.8601
45.1356
45.4227
45.7215
46.0323
46.3551
46.6903
47.0377
47.3975
47.7697
48.1541
48.5505
48.9587
49.3783
49.8088
50.2497
50.7002
51.1595
51.6266
52.1004
52.5797
53.0629
53.5486
54.0347
54.5195
55.0007
55.4761
55.9431
56.399
56.8409
57.2657
57.6703
58.0512
58.4051
58.7284
59.0176
59.2692
59.4795
59.6452
59.7629
59.8293
59.8414
59.7961
59.6905
59.5223
59.289
58.9886
58.6195
58.1801
57.6697
57.0878
56.4345
55.7105
54.917
54.0561
53.1307
52.1443
51.1014
50.0078
48.8698
47.6929
46.4949
45.4278
44.4671
43.4594
42.4047
41.3161
40.2032
39.1286
37.8954
37.4321
34.7191
39.2169
24.5284
57.7733
43.4054
43.096
42.7636
42.4248
42.0688
41.6891
41.2861
40.8601
40.4101
39.9367
39.441
38.9202
38.368
37.786
37.1869
36.5802
35.9629
35.3227
34.6449
33.9078
33.0863
32.1671
31.1531
30.0535
28.8767
27.6326
26.3278
24.9604
23.5245
22.016
20.4341
18.7786
17.0497
15.2477
13.3738
11.4297
9.41829
7.34348
5.21025
3.02474
0.79449
-1.47154
-3.76305
-6.06848
-8.37475
-10.6676
-12.9318
-15.1512
-17.309
-19.3881
-21.3711
-23.2414
-24.9825
-26.5795
-28.0184
-29.2871
-30.3755
-31.2757
-31.982
-32.4911
-32.8026
-32.918
-32.8412
-32.5788
-32.1377
-31.5304
-30.7607
-29.985
-29.1939
-28.3559
-27.2658
-26.3119
-24.7071
-24.0221
-21.211
-22.1172
-15.8367
-22.5099
-5.632
-31.027
38.9201
39.1145
39.3208
39.5356
39.7605
39.9955
40.241
40.4972
40.7644
41.0429
41.333
41.6347
41.9484
42.2743
42.6123
42.9625
43.325
43.6997
44.0864
44.485
44.8951
45.3163
45.7481
46.1897
46.6405
47.0995
47.5656
48.0377
48.5141
48.9934
49.4739
49.9534
50.43
50.9014
51.3649
51.818
52.2577
52.6812
53.0851
53.4662
53.8209
54.1459
54.4375
54.6921
54.9059
55.0756
55.1975
55.2681
55.2843
55.2429
55.1411
54.9762
54.7461
54.4487
54.0825
53.6466
53.1403
52.5637
51.9176
51.2033
50.4231
49.5799
48.6775
47.7212
46.7164
45.6686
44.5944
43.6303
42.7579
41.8391
40.8734
39.8726
38.8473
37.8487
36.7185
36.257
33.7854
37.9531
24.0087
56.1715
38.7083
38.4411
38.1543
37.8616
37.5543
37.2269
36.8797
36.5128
36.1249
35.7149
35.2831
34.8309
34.3575
33.8571
33.3268
32.7745
32.2121
31.6426
31.0579
30.4453
29.7875
29.0613
28.25
27.3524
26.3756
25.3277
24.218
23.0543
21.8366
20.5595
19.2188
17.8128
16.3415
14.8051
13.2039
11.5388
9.81131
8.0238
6.17961
4.28298
2.33928
0.354985
-1.6622
-3.7035
-5.75875
-7.81661
-9.86464
-11.8894
-13.8765
-15.8111
-17.6775
-19.4603
-21.1439
-22.7135
-24.1548
-25.4548
-26.6019
-27.5862
-28.3997
-29.0364
-29.4929
-29.7677
-29.8615
-29.7778
-29.5205
-29.0996
-28.516
-27.8987
-27.2456
-26.5474
-25.6051
-24.7909
-23.3484
-22.7798
-20.1714
-21.1084
-15.1551
-21.628
-5.3741
-30.1327
34.8661
35.038
35.2203
35.4104
35.6096
35.818
36.036
36.2639
36.5019
36.7503
37.0095
37.2797
37.561
37.8539
38.1584
38.4747
38.803
39.1432
39.4954
39.8595
40.2355
40.6232
41.0222
41.4321
41.8525
42.2828
42.7221
43.1698
43.6245
44.0853
44.5507
45.0191
45.4887
45.9578
46.4241
46.8853
47.3389
47.7823
48.2124
48.6262
49.0206
49.3923
49.7377
50.0532
50.3354
50.5804
50.7846
50.9444
51.0562
51.1166
51.1222
51.0702
50.9576
50.7821
50.5415
50.2343
49.8592
49.4157
48.9038
48.3244
47.6788
46.9695
46.1996
45.3735
44.4961
43.5723
42.6179
41.7539
40.9677
40.136
39.2576
38.3436
37.405
36.4822
35.4539
34.9956
32.7667
36.6062
23.4202
54.4963
34.6807
34.4493
34.201
33.9474
33.6813
33.398
33.0977
32.7806
32.4455
32.0911
31.7166
31.3218
30.9079
30.4753
30.0202
29.5371
29.0288
28.5064
27.9778
27.4392
26.8804
26.2872
25.6395
24.9188
24.1195
23.2467
22.3079
21.3118
20.2671
19.1756
18.0331
16.8347
15.5784
14.2643
12.8925
11.4633
9.97734
8.4358
6.84072
5.19487
3.50192
1.76652
-0.00568963
-1.80812
-3.63295
-5.47121
-7.31295
-9.14715
-10.9619
-12.7443
-14.4809
-16.1577
-17.7605
-19.2753
-20.6882
-21.986
-23.1565
-24.1887
-25.0731
-25.8018
-26.3689
-26.7704
-27.0046
-27.072
-26.9738
-26.7175
-26.3015
-25.8288
-25.3033
-24.7351
-23.9329
-23.2508
-21.9654
-21.5078
-19.0998
-20.0645
-14.4383
-20.7091
-5.08779
-29.1966
31.3531
31.5049
31.6657
31.8337
32.01
32.1945
32.3877
32.5899
32.8013
33.0223
33.2532
33.4942
33.7457
34.0078
34.2808
34.565
34.8605
35.1675
35.486
35.8162
36.158
36.5114
36.8763
37.2524
37.6395
38.0373
38.4451
38.8625
39.2886
39.7226
40.1634
40.6099
41.0607
41.5143
41.9689
42.4225
42.8732
43.3186
43.756
44.1828
44.5962
44.9929
45.3698
45.7235
46.0506
46.3473
46.6101
46.8353
47.0192
47.1583
47.2489
47.2879
47.2719
47.1982
47.0642
46.8678
46.6072
46.2813
45.8894
45.4317
44.909
44.3229
43.6759
42.9716
42.2143
41.4083
40.5682
39.8004
39.0974
38.35
37.5567
36.7273
35.8735
35.026
34.0979
33.6444
31.6583
35.1714
22.7631
52.7325
31.1906
30.9896
30.7741
30.5538
30.3227
30.0769
29.8165
29.5416
29.2512
28.9442
28.6197
28.2769
27.9154
27.5358
27.1392
26.7236
26.2834
25.817
25.3325
24.8399
24.3407
23.8275
23.2888
22.7073
22.0639
21.3496
20.5668
19.7218
18.8233
17.8803
16.8965
15.8687
14.792
13.6641
12.485
11.2546
9.97336
8.64157
7.26033
5.83131
4.35693
2.84043
1.28578
-0.30213
-1.91742
-3.55315
-5.20144
-6.85345
-8.49928
-10.1283
-11.7288
-13.2886
-14.7952
-16.2356
-17.5969
-18.8663
-20.0316
-21.0814
-22.0053
-22.7942
-23.4407
-23.9388
-24.2845
-24.4762
-24.5124
-24.3987
-24.1305
-23.7876
-23.3784
-22.9297
-22.2581
-21.6994
-20.5645
-20.2111
-18.0008
-18.9875
-13.6921
-19.7507
-4.78379
-28.2027
28.2834
28.4173
28.5591
28.7074
28.8629
29.026
29.1969
29.3758
29.5632
29.7592
29.9642
30.1784
30.4023
30.6359
30.8796
31.1337
31.3983
31.6736
31.9599
32.2572
32.5658
32.8855
33.2164
33.5584
33.9115
34.2754
34.6497
35.0342
35.4282
35.8312
36.2423
36.6608
37.0855
37.5154
37.9488
38.3843
38.8203
39.2547
39.6853
40.1099
40.5258
40.9305
41.3209
41.6939
42.0463
42.3748
42.6757
42.9456
43.1807
43.3776
43.5324
43.6419
43.7026
43.7113
43.6652
43.5617
43.3985
43.1741
42.8872
42.5373
42.1245
41.6497
41.1147
40.5228
39.8768
39.1808
38.4485
37.7719
37.148
36.4814
35.7699
35.0224
34.2504
33.4768
32.6459
32.1993
30.4557
33.6417
22.0387
50.8579
28.141
27.966
27.7784
27.5865
27.3852
27.1712
26.9446
26.7055
26.453
26.1862
25.9041
25.6061
25.2913
24.9593
24.6101
24.2448
23.8632
23.4606
23.0325
22.5829
22.1219
21.6552
21.1788
20.6831
20.1541
19.5744
18.9331
18.2299
17.47
16.6608
15.8113
14.9258
14.0012
13.0322
12.0167
10.9547
9.84704
8.69403
7.496
6.25369
4.96864
3.64307
2.27985
0.882538
-0.544515
-1.996
-3.46578
-4.94683
-6.43117
-7.90994
-9.37346
-10.8113
-12.2124
-13.5653
-14.8582
-16.0791
-17.2165
-18.2589
-19.1958
-20.0176
-20.7155
-21.2824
-21.7128
-22.0031
-22.1497
-22.1562
-22.0159
-21.7874
-21.4823
-21.1413
-20.5902
-20.1447
-19.1532
-18.8951
-16.88
-17.8777
-12.9242
-18.7416
-4.478
-27.1262
25.5551
25.6734
25.7986
25.9297
26.0673
26.2116
26.3629
26.5215
26.6876
26.8616
27.0436
27.2341
27.4332
27.6413
27.8585
28.0853
28.3217
28.568
28.8245
29.0913
29.3686
29.6564
29.9549
30.2641
30.5839
30.9143
31.2551
31.6061
31.9668
32.337
32.7161
33.1034
33.4981
33.8993
34.3059
34.7167
35.1303
35.5451
35.9593
36.3709
36.7777
37.1775
37.5676
37.9452
38.3074
38.6513
38.9734
39.2704
39.5388
39.7752
39.976
40.1376
40.2566
40.3295
40.3534
40.3255
40.2432
40.1042
39.9069
39.6503
39.3339
38.9578
38.5234
38.0329
37.4888
36.8942
36.2616
35.6702
35.1208
34.5304
33.8964
33.2271
32.5333
31.8317
31.0936
30.6551
29.1556
32.0043
21.2534
48.8409
25.4299
25.2771
25.1134
24.9458
24.7701
24.5833
24.3856
24.177
23.9568
23.7242
23.4784
23.2187
22.9444
22.6546
22.3489
22.0271
21.6899
21.3381
20.9684
20.5753
20.1583
19.7265
19.2889
18.8462
18.3906
17.9095
17.3857
16.8066
16.1719
15.4873
14.7589
13.994
13.1972
12.3664
11.4954
10.5811
9.62375
8.62478
7.58494
6.50457
5.38439
4.22582
3.03095
1.80242
0.543533
-0.741684
-2.04847
-3.37131
-4.7038
-6.03874
-7.36812
-8.68316
-9.97436
-11.2318
-12.4449
-13.6029
-14.695
-15.7103
-16.6384
-17.4697
-18.1949
-18.8061
-19.2966
-19.6615
-19.8956
-20.0007
-19.9684
-19.8387
-19.6253
-19.3796
-18.938
-18.5941
-17.7393
-17.5631
-15.7478
-16.7301
-12.1542
-17.6611
-4.21501
-25.9181
23.1798
23.283
23.3924
23.5068
23.6271
23.7532
23.8856
24.0244
24.17
24.3225
24.4822
24.6495
24.8246
25.0077
25.199
25.399
25.6078
25.8257
26.0528
26.2894
26.5357
26.7919
27.0581
27.3343
27.6205
27.917
28.2235
28.54
28.8661
29.2018
29.5466
29.9
30.2616
30.6305
31.0059
31.3869
31.7725
32.1611
32.5515
32.942
33.3307
33.7156
34.0945
34.465
34.8245
35.1703
35.4993
35.8085
36.0946
36.3546
36.5848
36.7816
36.9417
37.062
37.1391
37.17
37.1519
37.0823
36.9591
36.7809
36.5468
36.2562
35.9098
35.509
35.0556
34.5528
34.0108
33.4976
33.0171
32.4973
31.9354
31.3394
30.7191
30.0863
29.4362
29.0041
27.7566
30.2449
20.4236
46.6528
23.0708
22.9382
22.7963
22.6509
22.4986
22.3368
22.1657
21.9851
21.7947
21.5937
21.3815
21.1575
20.9209
20.6708
20.407
20.1297
19.8408
19.5421
19.2318
18.8982
18.5178
18.0683
17.5511
16.9952
16.4428
15.9323
15.4893
15.1117
14.7614
14.3772
13.8981
13.2911
12.571
11.7884
10.9868
10.1766
9.34528
8.47837
7.57059
6.62358
5.6407
4.62415
3.57492
2.4942
1.38412
0.247562
-0.911708
-2.08947
-3.28075
-4.47974
-5.67996
-6.87421
-8.05434
-9.21191
-10.3379
-11.4225
-12.4559
-13.4285
-14.3299
-15.1509
-15.8825
-16.516
-17.0441
-17.4613
-17.7611
-17.9436
-17.9995
-17.9525
-17.8182
-17.6542
-17.3117
-17.0546
-16.3332
-16.2159
-14.6184
-15.5336
-11.4083
-16.4782
-4.04101
-24.5298
20.3147
20.4021
20.4946
20.5914
20.6931
20.8001
20.9123
21.0301
21.1537
21.2834
21.4194
21.5619
21.7112
21.8675
22.0312
22.2024
22.3814
22.5684
22.7637
22.9675
23.18
23.4013
23.6319
23.8717
24.1207
24.3793
24.6475
24.9251
25.2121
25.5084
25.8141
26.1285
26.4516
26.7827
27.1212
27.4668
27.8187
28.1755
28.5365
28.9004
29.2657
29.6307
29.9937
30.3529
30.7062
31.0509
31.3846
31.7047
32.0082
32.2923
32.5535
32.7885
32.9944
33.1678
33.3054
33.4038
33.4601
33.4717
33.436
33.351
33.215
33.0272
32.7873
32.4958
32.1536
31.7637
31.3338
30.9181
30.524
30.0932
29.6232
29.1212
28.5955
28.0549
27.5178
27.1077
26.1668
28.2516
19.5231
44.2345
20.2229
20.112
19.993
19.8709
19.743
19.6074
19.4638
19.3123
19.1526
18.9839
18.8058
18.6179
18.4195
18.2101
17.9893
17.7558
17.5088
17.2471
16.9703
16.6803
16.3811
16.0748
15.7573
15.422
15.0677
14.6996
14.3204
13.9274
13.5136
13.0687
12.5856
12.0655
11.5096
10.9136
10.2759
9.60249
8.90028
8.1709
7.41227
6.62208
5.79965
4.94552
4.06068
3.14646
2.20434
1.23609
0.244196
-0.768345
-1.79806
-2.84053
-3.89096
-4.94379
-5.99259
-7.03043
-8.05007
-9.04322
-10.0012
-10.9154
-11.7767
-12.5759
-13.3044
-13.9536
-14.5154
-14.9834
-15.3503
-15.6139
-15.7653
-15.8073
-15.763
-15.6853
-15.4634
-15.2886
-14.7473
-14.651
-13.3796
-14.1038
-10.6722
-14.9994
-4.05097
-22.7829
17.3426
17.413
17.4875
17.5656
17.6478
17.7343
17.825
17.9204
18.0206
18.126
18.2364
18.3523
18.4739
18.6014
18.7351
18.8752
19.0218
19.1753
19.3359
19.5038
19.6793
19.8625
20.0538
20.2533
20.461
20.6774
20.9023
21.136
21.3785
21.6299
21.8901
22.1591
22.4368
22.7228
23.0168
23.3187
23.6279
23.9438
24.2657
24.5926
24.9238
25.2578
25.5935
25.9297
26.2644
26.5958
26.9217
27.2404
27.5491
27.8451
28.1258
28.3885
28.6301
28.8472
29.037
29.196
29.3214
29.4101
29.4593
29.4666
29.4298
29.3475
29.2187
29.043
28.8204
28.553
28.2472
27.9406
27.6438
27.3148
26.9509
26.5585
26.1449
25.7174
25.3097
24.9668
24.2926
26.1642
18.2652
42.0941
17.2689
17.181
17.0868
16.9898
16.8884
16.7808
16.6669
16.5469
16.4203
16.2867
16.1457
15.997
15.84
15.6745
15.4999
15.315
15.1189
14.9112
14.6936
14.4715
14.2536
14.0491
13.86
13.6739
13.4645
13.2054
12.8834
12.504
12.0834
11.6413
11.1943
10.7497
10.3046
9.84667
9.35931
8.83247
8.26929
7.67899
7.06663
6.43097
5.76901
5.07917
4.36153
3.617
2.84648
2.05123
1.23248
0.392154
-0.467573
-1.34374
-2.2329
-3.13117
-4.03388
-4.93572
-5.83099
-6.71333
-7.57548
-8.41021
-9.20954
-9.96532
-10.6695
-11.3138
-11.8903
-12.3917
-12.8102
-13.1424
-13.3784
-13.5047
-13.5439
-13.5562
-13.4433
-13.3734
-12.976
-12.9799
-11.9135
-12.6833
-9.58311
-13.8152
-3.42972
-21.9625
14.834
14.8911
14.9516
15.0152
15.0821
15.1523
15.2261
15.3038
15.3855
15.4713
15.5613
15.6559
15.7553
15.8595
15.9689
16.0836
16.2038
16.3297
16.4617
16.5998
16.7444
16.8955
17.0535
17.2185
17.3907
17.5703
17.7574
17.9522
18.1548
18.3653
18.5839
18.8104
19.0449
19.2874
19.5376
19.7953
20.0604
20.3327
20.6113
20.8959
21.186
21.4805
21.7785
22.0793
22.3814
22.6834
22.9837
23.2809
23.5728
23.8571
24.1317
24.3947
24.6428
24.8734
25.084
25.2714
25.4327
25.5653
25.6662
25.7329
25.7629
25.7546
25.7065
25.6174
25.487
25.3166
25.1111
24.8951
24.6805
24.4387
24.1671
23.8717
23.5583
23.2348
22.9441
22.6739
22.2435
23.9571
16.809
39.8514
14.7745
14.7042
14.6287
14.551
14.4697
14.3834
14.2923
14.1961
14.0946
13.9876
13.8747
13.7554
13.6296
13.4969
13.3569
13.2091
13.0533
12.8888
12.7151
12.5318
12.3386
12.1358
11.9242
11.7043
11.4748
11.2316
10.968
10.6827
10.3824
10.0773
9.7717
9.46021
9.13147
8.77519
8.38754
7.96916
7.52075
7.04408
6.54351
6.02314
5.48344
4.92234
4.33804
3.73006
3.09889
2.44553
1.77085
1.07594
0.362254
-0.368493
-1.11376
-1.8709
-2.6366
-3.40689
-4.17751
-4.94352
-5.69927
-6.43888
-7.15579
-7.84313
-8.49389
-9.10068
-9.65603
-10.1532
-10.5843
-10.9456
-11.2269
-11.4047
-11.4988
-11.5733
-11.5401
-11.5504
-11.2662
-11.3571
-10.4554
-11.2927
-8.44488
-12.703
-2.70213
-21.2868
12.5299
12.5763
12.6254
12.677
12.7313
12.7884
12.8484
12.9115
12.978
13.0478
13.1212
13.1984
13.2795
13.3645
13.4539
13.5477
13.6461
13.7493
13.8575
13.9709
14.0896
14.214
14.3441
14.4801
14.6224
14.771
14.9259
15.0875
15.2559
15.4312
15.6136
15.803
15.9995
16.2033
16.414
16.6317
16.8564
17.0878
17.3255
17.5692
17.8187
18.0732
18.3321
18.5946
18.86
19.1271
19.3948
19.6618
19.9265
20.1872
20.4422
20.6898
20.9274
21.1528
21.3641
21.5581
21.7326
21.8851
22.013
22.1138
22.185
22.225
22.2321
22.2048
22.1425
22.046
21.9188
21.7756
21.6283
21.4591
21.2657
21.0535
20.8275
20.5971
20.4092
20.2103
20.0051
21.5644
15.1684
37.2802
12.4818
12.4251
12.3643
12.3017
12.2361
12.1666
12.0931
12.0156
11.9337
11.8475
11.7564
11.6603
11.5588
11.4518
11.3388
11.2196
11.0939
10.9613
10.8213
10.6736
10.5178
10.3534
10.1805
9.99935
9.81048
9.61455
9.41024
9.19331
8.95863
8.70596
8.44238
8.1759
7.90736
7.63024
7.33498
7.01514
6.66893
6.29622
5.89724
5.47478
5.03363
4.57656
4.1027
3.60994
3.09713
2.56437
2.01255
1.44256
0.855485
0.25238
-0.365111
-0.995092
-1.63523
-2.28265
-2.93416
-3.58602
-4.23388
-4.87315
-5.49862
-6.1046
-6.68527
-7.23439
-7.7454
-8.21234
-8.62799
-8.98846
-9.28427
-9.48667
-9.61232
-9.72489
-9.74699
-9.81307
-9.61869
-9.7733
-9.01916
-9.89939
-7.30755
-11.5384
-2.00776
-20.3849
10.3699
10.4067
10.4457
10.4867
10.5298
10.5753
10.623
10.6733
10.7263
10.7819
10.8405
10.9021
10.9668
11.0347
11.1062
11.1813
11.2601
11.3428
11.4297
11.5207
11.6161
11.7162
11.8211
11.9308
12.0457
12.1659
12.2914
12.4226
12.5594
12.7022
12.851
13.0058
13.1668
13.334
13.5075
13.6873
13.8732
14.0652
14.2632
14.4668
14.676
14.8903
15.1093
15.3323
15.5588
15.7882
16.0194
16.2515
16.4834
16.7136
16.941
17.164
17.3807
17.5894
17.7882
17.9747
18.147
18.303
18.4403
18.5568
18.6502
18.7189
18.7613
18.7759
18.7619
18.7197
18.6518
18.5654
18.4719
18.3615
18.2324
18.0899
17.9375
17.7873
17.6853
17.5499
17.5391
18.9457
13.2698
34.3397
10.3317
10.2869
10.239
10.1896
10.1378
10.083
10.025
9.9638
9.89923
9.83112
9.75931
9.68353
9.60355
9.51914
9.43011
9.33618
9.23715
9.13263
9.02237
8.9061
8.78347
8.65409
8.51756
8.37385
8.22296
8.06521
7.90104
7.73041
7.55129
7.3589
7.14955
6.92539
6.69433
6.46258
6.22899
5.98642
5.72693
5.44576
5.14145
4.8137
4.46407
4.09683
3.7161
3.32257
2.91447
2.48997
2.04868
1.59109
1.11814
0.630663
0.129721
-0.383405
-0.907121
-1.43931
-1.97763
-2.51933
-3.0611
-3.59935
-4.13004
-4.64865
-5.15041
-5.63027
-6.0826
-6.50243
-6.88346
-7.22217
-7.50985
-7.71646
-7.85533
-7.98695
-8.04375
-8.14554
-8.01906
-8.21815
-7.58927
-8.49504
-6.14178
-10.3131
-1.28291
-19.3185
8.39229
8.42073
8.45085
8.48248
8.51583
8.55095
8.58783
8.62669
8.66759
8.7106
8.75585
8.80343
8.8534
8.90592
8.96121
9.01929
9.08019
9.14415
9.21136
9.28183
9.3557
9.43321
9.51449
9.59959
9.68871
9.78199
9.87951
9.98148
10.088
10.1992
10.3153
10.4362
10.5621
10.6932
10.8293
10.9707
11.1173
11.269
11.4258
11.5876
11.7543
11.9257
12.1015
12.2812
12.4646
12.6513
12.8403
13.0311
13.223
13.4149
13.606
13.7948
13.98
14.1605
14.3344
14.5002
14.6562
14.8004
14.9312
15.0468
15.1451
15.2247
15.2842
15.3222
15.3379
15.3316
15.3049
15.26
15.2067
15.141
15.0619
14.9742
14.8805
14.7955
14.76
14.675
14.8201
16.0749
11.0507
30.9554
8.36263
8.32805
8.29101
8.25274
8.21264
8.17016
8.12525
8.07785
8.02782
7.97506
7.91941
7.86064
7.79863
7.73318
7.66414
7.59131
7.51446
7.43335
7.34777
7.25755
7.16238
7.06195
6.95595
6.84409
6.72615
6.60219
6.4723
6.33694
6.19657
6.05051
5.89593
5.72802
5.54478
5.35065
5.15326
4.95638
4.75724
4.54873
4.32434
4.08069
3.81646
3.53227
3.2315
2.91873
2.59628
2.26331
1.91795
1.55939
1.1879
0.804308
0.409389
0.00389229
-0.411265
-0.834718
-1.26482
-1.69958
-2.13664
-2.5733
-3.00652
-3.43294
-3.84874
-4.24996
-4.63214
-4.99118
-5.32187
-5.62136
-5.88195
-6.07555
-6.21175
-6.34553
-6.41835
-6.53724
-6.45746
-6.68262
-6.15459
-7.07034
-4.9268
-9.02041
-0.470101
-18.1202
6.28844
6.30969
6.33218
6.35585
6.38084
6.40716
6.43487
6.46411
6.49488
6.52727
6.56139
6.59731
6.63511
6.67493
6.71686
6.76091
6.80722
6.85592
6.90714
6.96091
7.0174
7.07672
7.13895
7.20426
7.27279
7.34454
7.41965
7.4983
7.58056
7.66656
7.75636
7.85001
7.94766
8.04939
8.15515
8.26498
8.37896
8.49704
8.61923
8.74544
8.87549
9.00931
9.14667
9.28727
9.43098
9.57738
9.72589
9.87622
10.0278
10.1798
10.3316
10.4823
10.631
10.7767
10.9183
11.0546
11.1842
11.3058
11.418
11.5196
11.609
11.6849
11.7464
11.7923
11.8218
11.8354
11.8341
11.8166
11.7913
11.7578
11.7155
11.6679
11.616
11.5765
11.5816
11.521
11.7674
12.8685
8.39467
26.8552
6.26636
6.24081
6.21342
6.1851
6.15541
6.12401
6.09086
6.05585
6.01892
5.97998
5.9389
5.89554
5.84983
5.80164
5.75082
5.69724
5.64069
5.58107
5.51822
5.45199
5.38214
5.30848
5.23091
5.14912
5.06276
4.97175
4.87596
4.77557
4.67099
4.5627
4.45083
4.33402
4.20852
4.07049
3.92019
3.7638
3.60829
3.45539
3.30117
3.13979
2.96626
2.77772
2.57282
2.35294
2.12182
1.88212
1.63305
1.3723
1.09864
0.812697
0.515963
0.209861
-0.104537
-0.426255
-0.75406
-1.08648
-1.42171
-1.7578
-2.09243
-2.42324
-2.7474
-3.062
-3.36381
-3.64971
-3.91567
-4.15974
-4.37552
-4.53969
-4.65819
-4.77804
-4.84889
-4.96671
-4.91267
-5.14475
-4.69226
-5.59766
-3.63357
-7.61551
0.459599
-16.6042
4.64494
4.65904
4.67401
4.68969
4.70618
4.72353
4.7418
4.76103
4.78115
4.8023
4.82456
4.84788
4.87238
4.89818
4.92519
4.95347
4.98318
5.01434
5.04695
5.08113
5.11697
5.15451
5.19379
5.23492
5.27796
5.32292
5.36997
5.41917
5.47055
5.52421
5.5802
5.63863
5.69953
5.76299
5.82905
5.89784
5.96926
6.04343
6.12045
6.20023
6.28276
6.36801
6.45584
6.54617
6.63904
6.73407
6.83096
6.92966
7.02972
7.13063
7.23195
7.33319
7.43377
7.53291
7.62987
7.72401
7.81423
7.89953
7.97919
8.05227
8.11758
8.17431
8.22189
8.25951
8.28645
8.30292
8.31004
8.30672
8.29579
8.27917
8.25732
8.23303
8.20717
8.19774
8.2275
8.17545
8.46235
9.40728
5.40488
21.739
4.63007
4.61255
4.59379
4.57445
4.55414
4.5326
4.50979
4.48568
4.46025
4.43343
4.40507
4.37506
4.34337
4.30995
4.27467
4.23737
4.19794
4.15635
4.11248
4.06613
4.01717
3.96548
3.91103
3.85359
3.79291
3.72883
3.66118
3.58983
3.51484
3.4366
3.35559
3.27221
3.18605
3.09471
2.99401
2.88158
2.76057
2.63802
2.51781
2.39753
2.2702
2.12979
1.97415
1.80385
1.62147
1.43214
1.2412
1.05072
0.858673
0.661868
0.458514
0.248575
0.0327669
-0.188145
-0.413494
-0.64252
-0.874248
-1.10746
-1.34067
-1.57224
-1.80028
-2.02273
-2.23737
-2.44208
-2.6339
-2.81182
-2.97075
-3.09441
-3.1842
-3.27803
-3.33292
-3.43513
-3.3886
-3.61155
-3.20925
-4.08671
-2.2646
-6.08293
1.51007
-14.5707
1.92247
1.93208
1.94235
1.95315
1.96452
1.97657
1.98934
2.00284
2.01703
2.03202
2.04786
2.06457
2.08225
2.10091
2.12056
2.14125
2.16311
2.18613
2.21032
2.23581
2.26265
2.29086
2.32053
2.35165
2.38427
2.41849
2.45433
2.4918
2.53096
2.57183
2.6144
2.65875
2.70481
2.75258
2.80213
2.8534
2.90625
2.96073
3.01675
3.07418
3.13307
3.19322
3.25436
3.31649
3.37959
3.44329
3.50739
3.57183
3.63631
3.70056
3.76437
3.82749
3.88969
3.9506
4.00986
4.06727
4.12232
4.17452
4.22355
4.26886
4.30987
4.34618
4.37765
4.40369
4.42399
4.43934
4.45095
4.45574
4.45829
4.45948
4.45866
4.45456
4.44143
4.42991
4.43189
4.31981
4.49761
5.26207
1.84713
14.3195
1.91266
1.90143
1.88927
1.87665
1.86346
1.84951
1.83469
1.81905
1.80259
1.78524
1.76691
1.74749
1.72697
1.70532
1.68243
1.65819
1.63252
1.60537
1.57663
1.54613
1.51377
1.47938
1.44287
1.40405
1.36266
1.31848
1.27125
1.22066
1.16641
1.10835
1.04631
0.979685
0.906996
0.825756
0.73335
0.629877
0.523729
0.437331
0.405114
0.459301
0.609011
0.828333
1.06049
1.23803
1.31081
1.26662
1.13179
0.95207
0.766871
0.594686
0.43599
0.284549
0.135764
-0.0114212
-0.156399
-0.298595
-0.437865
-0.574268
-0.707641
-0.83767
-0.963862
-1.08561
-1.20211
-1.31263
-1.41566
-1.51129
-1.59596
-1.66292
-1.70954
-1.76228
-1.78495
-1.85498
-1.79841
-1.98995
-1.62622
-2.41401
-0.804269
-4.1209
2.34737
-10.6885
1.72443
1.72495
1.72546
1.7259
1.72625
1.72653
1.72673
1.72684
1.7268
1.72659
1.72624
1.72572
1.72502
1.72407
1.72287
1.72139
1.71963
1.71755
1.71509
1.71226
1.70903
1.70535
1.70123
1.69662
1.69149
1.68586
1.67965
1.6729
1.66561
1.65775
1.64932
1.64037
1.63089
1.62092
1.61054
1.59974
1.58863
1.57727
1.56568
1.554
1.54239
1.53088
1.51952
1.5085
1.49797
1.48792
1.47849
1.46979
1.46178
1.45451
1.44794
1.44203
1.43667
1.43176
1.42709
1.42257
1.41811
1.41356
1.40884
1.40383
1.39846
1.39268
1.38658
1.38009
1.37302
1.36471
1.35577
1.35415
1.34174
1.32279
1.30095
1.28243
1.27305
1.29079
1.34856
1.3643
1.51187
1.86754
0.199546
5.39797
1.72368
1.72275
1.72187
1.72093
1.71988
1.71871
1.71739
1.71597
1.71444
1.71276
1.71093
1.70896
1.70687
1.70462
1.70223
1.69972
1.69709
1.69439
1.6916
1.6888
1.68605
1.68336
1.68086
1.67868
1.67695
1.6759
1.67585
1.67705
1.6795
1.68254
1.68504
1.68682
1.69189
1.71217
1.76806
1.88037
2.05184
2.24618
2.38259
2.3597
2.10215
1.60486
0.950334
0.28621
-0.23313
-0.515208
-0.566632
-0.472267
-0.334217
-0.219093
-0.145545
-0.103928
-0.0802856
-0.067464
-0.0640774
-0.0701425
-0.0847713
-0.106372
-0.133254
-0.163967
-0.197249
-0.232024
-0.267284
-0.30238
-0.336305
-0.369603
-0.400204
-0.428726
-0.445496
-0.468594
-0.471639
-0.512581
-0.463517
-0.598529
-0.343407
-0.879165
0.170856
-1.84766
2.07522
-5.27343
)
;

boundaryField
{
    inlet
    {
        type            freestreamPressure;
        freestreamValue uniform 0;
        value           nonuniform List<scalar> 
134
(
4.54799
7.97553
11.4977
14.496
16.6115
17.8117
17.8001
16.4863
13.7007
8.35239
3.10197
4.72744
7.18142
9.42083
11.6086
13.8132
16.0401
18.2867
20.5705
22.9197
1.14259
25.3656
27.8926
30.3531
32.4719
33.8564
34.3407
35.5065
35.2386
35.2737
40.3983
37.7095
37.5485
37.7782
37.8822
37.809
37.7484
37.9537
38.8355
39.5229
-2.11662
-5.51703
-8.48296
-10.2508
-10.3501
-8.14511
-3.27283
42.2072
41.3249
40.1342
39.3536
38.741
38.0487
37.277
36.4868
35.6902
34.8728
34.0246
33.143
32.226
31.267
30.2572
29.1839
28.0291
26.7761
25.3911
24.1659
22.8821
21.4099
19.7255
17.786
15.4348
12.4986
8.23583
3.10631
-0.556016
-1.38634
-2.40434
-3.50562
-4.68404
-5.91468
-7.05585
-7.99876
-8.71974
-9.20692
-9.50076
-9.66186
-9.74709
-9.80541
-9.90822
-10.1744
-10.6611
-11.2142
-11.7031
-12.1341
-12.5307
-12.8947
-13.2152
-13.4836
-13.6984
-13.8649
-14.0039
-14.1637
-14.4748
-15.1497
-16.5613
-17.2353
-16.8211
-16.3069
-15.99
-15.7392
-15.4475
-15.1211
-14.7872
-14.4504
-14.1051
-13.748
-13.378
-12.9938
-12.5915
-12.164
-11.7008
-11.1806
-10.5824
-9.82938
-9.47612
-9.18506
-8.79603
-8.33573
-7.81812
-7.16307
-6.28442
-4.60861
-2.27273
)
;
    }
    outlet
    {
        type            freestreamPressure;
        freestreamValue uniform 0;
        value           nonuniform List<scalar> 
160
(
0.00744472
0.00744104
0.00744747
0.00743654
0.00745018
0.00743225
0.00745263
0.00742766
0.00745473
0.00742254
0.00745655
0.00741688
0.00745811
0.00741053
0.00745929
0.00740373
0.00745987
0.00739641
0.00745982
0.00738838
0.00745915
0.00737968
0.00745787
0.00737031
0.00745582
0.00736037
0.00745279
0.00734971
0.00744876
0.00733838
0.00744361
0.00732646
0.0074373
0.00731398
0.0074297
0.00730111
0.00742058
0.0072878
0.00740996
0.00727433
0.00739774
0.00726101
0.00738369
0.00724791
0.00736786
0.00723548
0.00735001
0.00722432
0.00733009
0.00721501
0.00730817
0.0072084
0.00728392
0.00720598
0.00725745
0.00720894
0.00722889
0.0072174
0.00719802
0.00722892
0.00716489
0.00723841
0.00712975
0.00724417
0.00709252
0.00726121
0.0070534
0.00733818
0.00701279
0.00756074
0.00697062
0.00801885
0.00692738
0.00872955
0.00688338
0.00954905
0.00683873
0.010146
0.00679402
0.0100896
0.00674997
0.0090361
0.00670681
0.00693024
0.00666469
0.00411254
0.00662454
0.00123733
0.00658704
-0.0010044
0.00655218
-0.00220992
0.00652062
-0.00242094
0.00649294
-0.00201246
0.00646897
-0.00142248
0.00644898
-0.000932319
0.00643294
-0.000619512
0.00642069
-0.000442514
0.00641188
-0.000341937
0.00640605
-0.000287389
0.00640246
-0.000273021
0.00640076
-0.000298944
0.00640064
-0.000361415
0.00640147
-0.000453708
0.00640304
-0.000568678
0.00640485
-0.000700218
0.00640673
-0.000843037
0.00640844
-0.00099264
0.00641056
-0.00114483
0.00641285
-0.00129693
0.00641453
-0.00144476
0.00641261
-0.0015907
0.00640999
-0.00172608
0.00643856
-0.00185272
0.00641287
-0.00192904
0.00635926
-0.002033
0.00629491
-0.00205234
0.00625003
-0.00223455
0.00625404
-0.00203155
0.00639718
-0.00262142
0.00674958
-0.00152355
0.00691004
-0.00385094
0.00774894
0.000778165
0.00972031
-0.00792361
0.001074
0.0101465
0.0279568
-0.0203987
)
;
    }
    walls
    {
        type            zeroGradient;
    }
    frontAndBack
    {
        type            empty;
    }
}


// ************************************************************************* //
