512	
	5.894897906e-34	5.894897906e-34	1.45574611e-35	2.306841383e-33	1.754541189e-34
	4.698042051e-33	-1.23782539e-34	8.473825127e-33	-2.837529017e-33	1.370369457e-32
	-9.185112134e-33	1.72437857e-32	-1.74200369e-32	1.490557679e-32	-2.333249806e-32
	5.610143625e-33	-2.335065557e-32	-6.765816016e-33	-1.745311055e-32	-1.595689965e-32
	-9.202386976e-33	-1.809616541e-32	-2.836702725e-33	-1.434063819e-32	-1.125787413e-34
	-8.953727309e-33	1.882905452e-34	-5.064316001e-33	1.547233049e-35	-2.507033067e-33
	6.391362899e-34	-6.391362899e-34	2.357220757e-33	-1.453999784e-35	1.353327915e-05
	-1.349304777e-05	8.114609035e-05	-5.993038158e-06	-0.0001535371775	5.153500332e-05
	-0.001261321821	0.0001117947973	-0.00331990788	0.0001336898333	-0.00565755963
	0.0001035101054	-0.007218482151	3.265889528e-05	-0.0072236739	-5.055804885e-05
	-0.005667302166	-0.0001140475827	-0.003325122299	-0.0001345196501	-0.00126017527
	-0.0001074203034	-0.0001473968385	-5.104060692e-05	8.782652882e-05	5.732034495e-06
	1.444769862e-05	1.442101145e-05	2.550127429e-33	1.54333184e-35	4.42765986e-33
	-1.770873752e-34	6.608665344e-06	-8.187234947e-05	-8.545149884e-05	8.815470301e-05
	-0.00134683458	0.0008318535968	-0.005504724629	0.001700136318	-0.01286681501
	0.00209377873	-0.02116972968	0.00171382324	-0.02671207012	0.0006596677377
	-0.02672448473	-0.0006592484538	-0.02118961243	-0.001717825423	-0.01286899871
	-0.002100715348	-0.005488446984	-0.001706268473	-0.001325244525	-0.0008318847272
	-7.64642246e-05	-7.894295814e-05	6.201156724e-06	8.866042506e-05	4.830093252e-33
	1.898848637e-34	4.703055916e-33	9.028168401e-35	-5.235302838e-05	0.0001419156557
	-0.0008335744285	0.001346151062	-0.004352073203	0.004313898986	-0.01314317286
	0.007721275236	-0.02749234687	0.009266637774	-0.04330673114	0.007557153202
	-0.05379322917	0.002917589342	-0.05380642305	-0.002891773275	-0.04332034235
	-0.007558954726	-0.02747249796	-0.009283781955	-0.01309930384	-0.007722424904
	-0.004318558256	-0.004291643918	-0.0008283699694	-0.001323433765	-4.937742046e-05
	-0.0001342114364	5.334630184e-33	-7.558266421e-35	2.562611504e-33	2.823147031e-33
	-0.0001306366162	0.001279121361	-0.001881033917	0.005733964743	-0.008599115206
	0.01352185917	-0.02336339286	0.02166743858	-0.04569741058	0.02503073362
	-0.06940860416	0.0201418903	-0.08487444979	0.007734321185	-0.08489594366
	-0.007687676235	-0.06943439253	-0.02015479215	-0.04567600581	-0.0250717805
	-0.02330953072	-0.02167088978	-0.008562158673	-0.01348485896	-0.001868174756
	-0.005699824504	-0.0001166286539	-0.001267972695	3.363462839e-33	-2.794951672e-33
	-1.076332058e-34	1.038029548e-32	-0.0002131075707	0.003798848878	-0.00301161636
	0.01499950871	-0.01340773674	0.03152852215	-0.03520007367	0.04699088874
	-0.06656837772	0.05221355335	-0.09858427194	0.04119937042	-0.1189786202
	0.01569035507	-0.1190504576	-0.0155878134	-0.09872107186	-0.04122467182
	-0.06664374788	-0.05231690703	-0.03519560003	-0.04703922755	-0.01338384754
	-0.03149130205	-0.002991596391	-0.01494390332	-0.0001930227016	-0.003776955061
	7.767077881e-34	-1.031252676e-32	4.598570386e-34	2.452152187e-32	-0.0003066098194
	0.008037954532	-0.004297724616	0.03044306596	-0.01892554507	0.06081940444
	-0.04878133865	0.08659575169	-0.09010387696	0.09289893951	-0.1305287669
	0.07158883542	-0.1554878664	0.02697372629	-0.1556922705	-0.02667967928
	-0.1309792223	-0.07158301463	-0.09049043634	-0.09313796738	-0.04896509102
	-0.08680494964	-0.01897423355	-0.06085770965	-0.004291284232	-0.03039168178
	-0.0002835377508	-0.008009340929	1.284828708e-33	-2.441799001e-32	9.169578684e-33
	4.628640195e-32	-0.0004245473925	0.01440147885	-0.005939967916	0.05341228014
	-0.02573643599	0.1034338662	-0.06462086176	0.1419854898	-0.1153881266
	0.1468463355	-0.1617549678	0.1098087992	-0.1888302922	0.04077141697
	-0.1892491821	-0.03999359862	-0.1627627559	-0.1096226739	-0.1164054402
	-0.1473204195	-0.06523475264	-0.1426238183	-0.02597612316	-0.1037905702
	-0.005982946229	-0.05349658922	-0.00040375253	-0.01440237377	9.705962128e-33
	-4.626637986e-32	3.155694388e-32	7.580960797e-32	-0.0006145546214	0.02345590834
	-0.008197850075	0.08547279211	-0.03442379038	0.1605082686	-0.08206591492
	0.2110293972	-0.1370530296	0.2076124361	-0.1799897002	0.1484496503
	-0.2017211026	0.05385663222	-0.2022986105	-0.05224043389	-0.181529406
	-0.1478084522	-0.1388854472	-0.2083154861	-0.0833616512	-0.212473295
	-0.03499980591	-0.1616482223	-0.008343823166	-0.08594422874	-0.0005815731107
	-0.0235485493	3.172418131e-32	-7.607823594e-32	7.245741465e-32	1.122258096e-31
	-0.0008612207402	0.036056436	-0.01162399603	0.1284429578	-0.04583034681
	0.230765806	-0.09774005374	0.2833976059	-0.1408720032	0.2569257101
	-0.1593285701	0.171073756	-0.161935567	0.05983602186	-0.1623312279
	-0.05729233233	-0.1606079634	-0.1697335557	-0.1429556637	-0.2575586043
	-0.09969943992	-0.2857698664	-0.04681423876	-0.2333360997	-0.01194539223
	-0.1298415718	-0.0008704002817	-0.03641368744	7.252804384e-32	-1.132721316e-31
	1.359382339e-31	1.546152626e-31	-0.001274596903	0.05405318127	-0.01804959533
	0.1854508391	-0.06106445395	0.3074591228	-0.1004861708	0.3329230644
	-0.09701633691	0.2633028866	-0.06208111977	0.1579406571	-0.03302512543
	0.05257230238	-0.032808523	-0.04961669372	-0.06180204013	-0.1560463843
	-0.0976097933	-0.2635508307	-0.1021850813	-0.3356200374	-0.06237175122
	-0.3111996121	-0.01848782798	-0.1879721552	-0.001552393295	-0.05470979578
	1.374229809e-31	-1.564497132e-31	2.272671224e-31	2.081400094e-31	-0.003801819547
	0.08328353753	-0.03102650627	0.2625065411	-0.07479456389	0.3644410047
	-0.0511210093	0.3123153938	0.04405255872	0.2022794858	0.140622401
	0.1071629282	0.1954547799	0.03380451458	0.1962794092	-0.03149764797
	0.1426982371	-0.1052980806	0.04641497695	-0.2018325395	-0.05057213908
	-0.3144939441	-0.07650047155	-0.3693719482	-0.03185585169	-0.2663873193
	-0.002882945792	-0.0844385618	2.265620631e-31	-2.122211524e-31	3.431456073e-31
	2.972923579e-31	-0.0080462427	0.1374385635	-0.05465252012	0.3462094927
	-0.02799607992	0.3248283472	0.1411519945	0.1932753926	0.313999164
	0.1007351236	0.4280151152	0.04781768644	0.4822021501	0.01440214403
	0.4831045732	-0.01337119684	0.4305700105	-0.04671614481	0.3178492269
	-0.09981040742	0.1443118139	-0.1943150991	-0.0288930645	-0.3305496718
	-0.05670231498	-0.3517659358	-0.008818644039	-0.1362778616	3.667294161e-31
	-2.807009349e-31	4.942414257e-31	3.807972764e-31	-0.001538952443	0.2269928699
	-0.007264335176	0.3091711834	0.2704022376	0.1406625118	0.5076008997
	0.05882269302	0.6461851329	0.0263218448	0.7192135644	0.01161084714
	0.7510590419	0.003432893553	0.751554753	-0.003135793107	0.720855934
	-0.01128610187	0.6485720884	-0.02586765555	0.5114851442	-0.05843217153
	0.2732259851	-0.1403552515	-0.02121768608	-0.3297144246	-0.02880469794
	-0.2583242361	5.237445601e-31	-4.650686587e-31	1.292782522e-30	3.132643682e-31
	0.08597411219	0.2000782465	0.5531964627	0.04540595161	0.7664110375
	0.01554590086	0.861339551	0.006143519768	0.9052361491	0.001903553113
	0.9264099274	0.0009786708374	0.9353588617	0.0003244637445	0.9354770848
	-0.0001817979337	0.9268626352	-0.0007792540188	0.9058227929	-0.001941464597
	0.863311979	-0.004856469882	0.7691072454	-0.01420797655	0.5410745868
	-0.0563024414	0.06902711709	-0.2306139791	9.300538667e-31	-5.410927863e-31
	  1	-9.833209391e-31	  1	-7.056121242e-31	  1
	-2.653366687e-31	  1	-1.846722813e-31	  1	-1.205708517e-31
	  1	-6.918839448e-32	  1	-3.706420043e-32	  1
	-1.285217886e-32	  1	9.735142463e-33	  1	3.62062958e-32
	  1	7.118022578e-32	  1	1.267225912e-31	  1
	1.988380282e-31	  1	3.518368675e-31	  1	4.907111741e-31
	  1	1.0237209e-30	512	
	1.253593551e-35	1.253593551e-35	9.332148435e-37	4.799373012e-35	1.068690717e-35
	1.062147186e-34	-1.030947502e-35	2.59246448e-34	-1.830222906e-34	5.099623234e-34
	-5.782958656e-34	6.67288828e-34	-1.087939494e-33	4.848750158e-34	-1.457307478e-33
	-1.053212952e-34	-1.461994396e-33	-8.792768484e-34	-1.090757919e-33	-1.44271277e-33
	-5.68217885e-34	-1.535116531e-33	-1.693356073e-34	-1.233232062e-33	-3.554377401e-36
	-8.212226195e-34	1.214110721e-35	-4.980035829e-34	9.248136853e-37	-2.499114904e-34
	6.350455206e-35	-6.350455206e-35	5.116666869e-35	-9.32393559e-37	1.361761498e-05
	-1.355964096e-05	7.699899807e-05	-4.874413138e-06	-0.0001746012487	5.323699682e-05
	-0.001297596494	0.0001122411974	-0.003343964498	0.0001326605263	-0.005655246446
	0.0001025417461	-0.007214998504	3.281124359e-05	-0.007235615465	-5.031544956e-05
	-0.005665950374	-0.0001152065089	-0.003286819138	-0.0001360340923	-0.001209735317
	-0.0001069066927	-0.0001191656773	-4.856676497e-05	9.321660241e-05	7.479421345e-06
	1.427791442e-05	1.425756803e-05	2.525706899e-34	9.226279936e-37	8.787370465e-35
	-1.079980094e-35	5.309655678e-06	-7.772065648e-05	-0.0001050541124	0.0001067495747
	-0.001421024262	0.0008580019597	-0.005627835089	0.00170602613	-0.01295592424
	0.002073171732	-0.02117866129	0.001698677083	-0.02671278879	0.0006693746746
	-0.0267630761	-0.0006538972266	-0.02117734049	-0.001742483001	-0.01273910543
	-0.002127043787	-0.005322811791	-0.001696669456	-0.0012290303	-0.000797042069
	-5.15920596e-05	-5.478606263e-05	8.009539829e-06	9.402198276e-05	4.850697804e-34
	1.222202679e-35	1.994428425e-35	8.80022213e-36	-5.556080059e-05	0.00016785009
	-0.0008746184221	0.001430482647	-0.004490950239	0.004419045147	-0.0133625456
	0.007745501941	-0.02765860877	0.009189053204	-0.04334994708	0.007500802191
	-0.05382453413	0.002953744274	-0.05389043824	-0.002878190221	-0.04331210035
	-0.007660880607	-0.02726612374	-0.009387250702	-0.01282442915	-0.00768672894
	-0.00414794589	-0.004156466825	-0.0007782077025	-0.001216270206	-4.552943933e-05
	-0.0001010330933	5.993123472e-34	-6.616675417e-37	-1.817192865e-34	1.887478435e-34
	-0.0001351117061	0.001355932544	-0.001940362187	0.005961226512	-0.00878431622
	0.0137763024	-0.02361375212	0.02170897845	-0.04582373422	0.02483999735
	-0.06937865337	0.02002482038	-0.08491939484	0.007848385479	-0.08513622295
	-0.00763256765	-0.06963127576	-0.02039556681	-0.04558551362	-0.02534759516
	-0.02303392643	-0.02162747435	-0.008352436627	-0.01317663406	-0.001799958723
	-0.005424649914	-0.0001111284189	-0.001174779086	5.402364982e-34	-1.597426537e-34
	-3.777306597e-34	6.783376271e-34	-0.0002161943177	0.003953314257	-0.00306354846
	0.01541992171	-0.01351782303	0.03190807619	-0.03515971169	0.04689594715
	-0.06612460571	0.05176040061	-0.09795395257	0.04108765968	-0.118847689
	0.01617956091	-0.1197746286	-0.01520883635	-0.0998061593	-0.0415919414
	-0.06733393868	-0.05299927658	-0.03531857025	-0.04721730476	-0.0132855019
	-0.03107454352	-0.002936366739	-0.01446337828	-0.0001878304805	-0.003598926625
	4.004910543e-34	-6.103991312e-34	-2.941521435e-34	1.576282459e-33	-0.000300872963
	0.008235309555	-0.004250652111	0.03087090357	-0.01857406645	0.06084820796
	-0.04754905739	0.08569161376	-0.08774545582	0.09178796524	-0.1280179449
	0.07183962113	-0.1546365219	0.02887716802	-0.1574531712	-0.02491432746
	-0.134356696	-0.07173042223	-0.09349314756	-0.09475514756	-0.05052285449
	-0.08806326086	-0.0194285826	-0.06094000634	-0.004352217396	-0.02994770537
	-0.0002859938253	-0.007793651675	3.712608821e-34	-1.477991924e-33	4.057572234e-34
	2.904358603e-33	-0.000396095334	0.01441173889	-0.005599292558	0.05299382951
	-0.0241516309	0.101545662	-0.0605620725	0.138568	-0.1089312607
	0.1443443821	-0.1554417823	0.111371849	-0.1862960348	0.04636181452
	-0.1923867677	-0.034410018	-0.1700621421	-0.1083484739	-0.1239695054
	-0.1506305543	-0.07002963514	-0.1469619691	-0.02785101956	-0.106222914
	-0.006380779818	-0.05408446215	-0.0004294918824	-0.01441386642	7.196279986e-34
	-2.882894061e-33	2.0169998e-33	4.596906059e-33	-0.0005442219653	0.02270570149
	-0.007300263798	0.08226836803	-0.03064540327	0.1536219569	-0.07352419989
	0.2023782971	-0.1249690782	0.2030827472	-0.1690753697	0.1529850248
	-0.1969002666	0.06605463031	-0.2058865473	-0.03957432413	-0.1922904876
	-0.1426497414	-0.1519499196	-0.2133810879	-0.09301748051	-0.2227162016
	-0.03934925171	-0.1699156982	-0.009386058063	-0.08976826433	-0.000653281449
	-0.02443370676	1.849884744e-33	-4.920838017e-33	4.646045339e-33	6.553428711e-33
	-0.0007524386957	0.03366086437	-0.01000131476	0.1196984221	-0.03954373191
	0.2152645654	-0.08538452597	0.2677043079	-0.1262638234	0.2515019957
	-0.1481764745	0.1804025655	-0.1568608064	0.07940643178	-0.1637370366
	-0.03665128001	-0.1689639611	-0.1580914942	-0.1567392218	-0.2618330468
	-0.1127970381	-0.3029192735	-0.05385841905	-0.2512331981	-0.01383210883
	-0.1400133366	-0.001006650755	-0.03918430767	4.298120179e-33	-7.610622475e-33
	8.275796828e-33	8.791380423e-33	-0.001144600618	0.04920519896	-0.01589684664
	0.1691226059	-0.05405698976	0.2825430197	-0.09082200072	0.313723007
	-0.09135157283	0.2614504564	-0.06166608887	0.1719488621	-0.03314188857
	0.07480483752	-0.03003128455	-0.02642780772	-0.0583869821	-0.139121558
	-0.09957682651	-0.2619644581	-0.1105729491	-0.3541732226	-0.06972343539
	-0.3385280561	-0.02092324642	-0.2065704816	-0.00174637949	-0.06027527215
	8.722701611e-33	-1.077962066e-32	1.315440563e-32	1.181981459e-32	-0.003569876017
	0.07578219924	-0.02919490019	0.2395969532	-0.07252519269	0.3372348256
	-0.05725990677	0.3001380514	0.02777015886	0.2070757982	0.1238010454
	0.1209380257	0.1877099503	0.05038655539	0.2017132788	-0.01482995697
	0.1593392	-0.0903306823	0.06559495077	-0.1936956519	-0.0408974424
	-0.3235335126	-0.0777574777	-0.3972485604	-0.03372529201	-0.2918251695
	-0.003095104744	-0.09299303677	1.525092444e-32	-1.462814041e-32	1.945385813e-32
	1.735332746e-32	-0.007976694159	0.128185063	-0.05496186879	0.323714433
	-0.04022095836	0.3103386642	0.1130514243	0.1926202812	0.2830125023
	0.106619112	0.4055335592	0.055305588	0.4729000533	0.02162842088
	0.4878989003	-0.006482921306	0.4487595078	-0.03959169648	0.3463222261
	-0.09290188051	0.1734840532	-0.1923695573	-0.01439518238	-0.3436929619
	-0.05546377894	-0.3755230608	-0.008867574107	-0.1463676213	2.532520495e-32
	-1.888197412e-32	2.814245681e-32	2.288491472e-32	-0.0008350293931	0.2183444174
	-0.01618433275	0.3006410013	0.2459538092	0.1397870156	0.4809043955
	0.06013054704	0.6253126989	0.02821689815	0.7064566794	0.01340385925
	0.7463057433	0.004932457047	0.7540484292	-0.001783433946	0.7303862454
	-0.009772716943	0.6657378173	-0.02390831803	0.5354885468	-0.05651464086
	0.2972451835	-0.1404764959	-0.01184712678	-0.339137021	-0.02868604547
	-0.2676332777	3.585873132e-32	-3.007927833e-32	7.79954799e-32	1.93462258e-32
	0.08320160379	0.198188161	0.5432427308	0.0459976684	0.7573236203
	0.01563369828	0.8539903558	0.00613659549	0.9000633481	0.00196713648
	0.9234817823	0.001062556587	0.9343791463	0.0003995637234	0.93609446
	-0.0001144159571	0.9289932958	-0.0007006712557	0.9098481199	-0.001827022605
	0.8695749409	-0.004718175107	0.7775269172	-0.01405591685	0.5503023311
	-0.05684360254	0.07145392783	-0.2322845247	6.097880026e-32	-3.410712776e-32
	  1	-6.054004332e-32	  1	-4.161492656e-32	  1
	-1.371628584e-32	  1	-9.270311148e-33	  1	-6.126983573e-33
	  1	-3.9617537e-33	  1	-3.134279287e-33	  1
	-2.527367273e-33	  1	-1.34797113e-33	  1	9.14351467e-34
	  1	4.408838913e-33	  1	9.375577285e-33	  1
	1.514369651e-32	  1	2.520287385e-32	  1	3.335102702e-32
	  1	6.49553069e-32	512	
	-6.894940772e-36	-6.894940772e-36	4.923562481e-37	-2.811515771e-35	5.418527915e-36
	-4.832054913e-35	-6.33870325e-36	-1.493844219e-35	-9.67167955e-35	7.355047892e-35
	-3.001023672e-34	1.217161095e-34	-5.614655915e-34	9.405244263e-36	-7.529305754e-34
	-3.000708368e-34	-7.568569948e-34	-6.999788093e-34	-5.625070426e-34	-9.836435086e-34
	-2.883251121e-34	-1.006801167e-33	-8.215045854e-35	-8.13442339e-34	4.038839982e-37
	-5.605700136e-34	6.509255719e-36	-3.51898122e-34	4.511110956e-37	-1.777626866e-34
	4.510269111e-35	-4.510269111e-35	-2.646322741e-35	-4.920631773e-37	1.372235425e-05
	-1.364711317e-05	7.398588726e-05	-4.036309717e-06	-0.0001909926343	5.45811253e-05
	-0.001325995707	0.0001126185691	-0.003362845819	0.0001319627998	-0.005657309771
	0.0001020230707	-0.007224143049	3.306353937e-05	-0.007257126723	-5.049577701e-05
	-0.005661150718	-0.0001170033919	-0.003234610728	-0.0001378194889	-0.001145602638
	-0.0001060505713	-8.410598749e-05	-4.545335316e-05	9.994449874e-05	9.642124891e-06
	1.408601e-05	1.407250754e-05	1.791150531e-34	4.501295606e-37	-5.839211303e-35
	-5.482218368e-36	4.296902806e-06	-7.470356036e-05	-0.0001206885449	0.0001214059205
	-0.001481630424	0.0008793594844	-0.005730095667	0.001711162472	-0.01303614028
	0.002058456854	-0.02121231818	0.001692123283	-0.02676635841	0.0006818822252
	-0.02684390963	-0.0006556660191	-0.02116299674	-0.001778238753	-0.01257075215
	-0.002158243975	-0.005116388553	-0.001682510666	-0.00111116274	-0.0007537262548
	-2.117422182e-05	-2.509372592e-05	1.023223674e-05	0.0001007136598	3.462961011e-34
	6.540565537e-36	-1.402463801e-34	5.853100409e-36	-5.835887698e-05	0.0001889735627
	-0.0009103943209	0.00150095628	-0.004614175074	0.004509705309	-0.01356532563
	0.007772111444	-0.02784152623	0.009139923696	-0.04347659991	0.00748218954
	-0.05399155586	0.003001824131	-0.05409184131	-0.002895002763	-0.04334124029
	-0.007810377035	-0.02702547678	-0.009514490598	-0.01249761736	-0.007638121732
	-0.003946087711	-0.003991683747	-0.000718967183	-0.00108704482	-4.099732392e-05
	-6.092545645e-05	4.486205913e-34	2.199631832e-36	-2.825899967e-34	1.029752317e-34
	-0.0001394028145	0.001423532079	-0.001997343895	0.00616454584	-0.008967961425
	0.01401412229	-0.02388992811	0.02177922833	-0.04605519695	0.02473804762
	-0.06956804279	0.02001048173	-0.08526428329	0.007994671883	-0.08565664909
	-0.007653441284	-0.0699954324	-0.02076226753	-0.04553847501	-0.02570211995
	-0.022738125	-0.02157708483	-0.008119401278	-0.01281406065	-0.001723769906
	-0.005102949443	-0.000104996001	-0.001065918577	4.5096079e-34	-7.34361857e-35
	-4.030654109e-34	3.643768618e-34	-0.0002197727747	0.004098590863	-0.003121356929
	0.01582490025	-0.01366476259	0.03231212088	-0.03525118653	0.04692580632
	-0.06598082754	0.05153197678	-0.09780069494	0.04119453029	-0.1192972689
	0.01673747144	-0.1210705797	-0.01496697713	-0.1013371775	-0.04221751073
	-0.06827289998	-0.05389628208	-0.03552553775	-0.0474621472	-0.01319816348
	-0.03061239773	-0.002879623957	-0.01392206015	-0.0001823266402	-0.003398119643
	3.877426441e-34	-2.95167324e-34	-3.411520609e-34	8.361868271e-34	-0.0002970219707
	0.008436572642	-0.004226672745	0.03134539228	-0.0183412025	0.06105686231
	-0.04666272955	0.08516191373	-0.08603022956	0.09115154306	-0.1263396253
	0.07244794974	-0.1546514752	0.0308779041	-0.1600796088	-0.02332444554
	-0.1385601503	-0.07228307208	-0.09711051752	-0.09684925138	-0.05238333301
	-0.08962997228	-0.01997166111	-0.06109792159	-0.004426319923	-0.02947377187
	-0.0002889236819	-0.007557634375	3.351339563e-34	-7.355498746e-34	9.150707245e-35
	1.509342725e-33	-0.0003721084758	0.01446987577	-0.005317801058	0.05280605236
	-0.02284633807	0.1002296115	-0.05721500027	0.136020098	-0.1035522383
	0.1426076534	-0.1501301618	0.1132332039	-0.1844030455	0.05191219157
	-0.196071005	-0.02894163525	-0.1781859324	-0.1074104443	-0.1324795162
	-0.1546885472	-0.07545272615	-0.1520996798	-0.02995813073	-0.1090864969
	-0.006821734322	-0.05478163104	-0.0004574388757	-0.01443216736	4.11022262e-34
	-1.483299984e-33	1.021174573e-33	2.315546843e-33	-0.0004838596696	0.02211502335
	-0.006528050167	0.07971735697	-0.02740438931	0.1480725964	-0.06612282535
	0.1952815134	-0.1140999587	0.1992642626	-0.1584792283	0.1570623466
	-0.1912440122	0.0775889131	-0.2082376794	-0.02687031683	-0.2024753975
	-0.1371178827	-0.1654824452	-0.2188781597	-0.1034605188	-0.2342548636
	-0.04411642089	-0.179269819	-0.01052399509	-0.09403765852	-0.0007309464027
	-0.02540521491	8.472798263e-34	-2.63309339e-33	2.411364975e-33	3.182218675e-33
	-0.0006568670255	0.03164512786	-0.00858783336	0.1123496327	-0.03403190732
	0.2021554362	-0.07415762821	0.2539338389	-0.111833978	0.2457487148
	-0.1353608081	0.1876730979	-0.1487963647	0.09730588713	-0.1616644263
	-0.01598228474	-0.1741303444	-0.1449371677	-0.168838443	-0.2649201092
	-0.1259505372	-0.3209135732	-0.06135884035	-0.270865673	-0.01587879191
	-0.1511942715	-0.001155374096	-0.04220643711	2.03669072e-33	-4.226117861e-33
	4.137735021e-33	4.152030369e-33	-0.001028229832	0.04505121748	-0.0139987964
	0.1550916457	-0.04766137546	0.2607157283	-0.08092654601	0.2954523319
	-0.08332483712	0.2572521669	-0.05784365412	0.1827617642	-0.03044631114
	0.09513894687	-0.02484979389	-0.003493048815	-0.05168074324	-0.1206828027
	-0.09770706191	-0.2573811005	-0.1169845659	-0.3711903302	-0.07703306129
	-0.3672069698	-0.02352406312	-0.2267033911	-0.001958760522	-0.06632289089
	4.51712291e-33	-6.125409267e-33	6.301532918e-33	5.57088004e-33	-0.003365327315
	0.06929121228	-0.0275086037	0.2195417686	-0.06979516641	0.3121902327
	-0.06068245305	0.2864634418	0.01501723897	0.2086450401	0.1084921707
	0.1325382883	0.1789717003	0.06624103367	0.2050554591	0.001524464765
	0.1748241432	-0.07534289651	0.08629794336	-0.1834668075	-0.02819283644
	-0.3287847062	-0.07787815577	-0.4243052237	-0.0356190227	-0.3188021512
	-0.00332788524	-0.1022501108	8.444583748e-33	-8.314939499e-33	9.161017284e-33
	8.39991548e-33	-0.007902359911	0.1200181168	-0.05496893749	0.3032943237
	-0.05028445755	0.2955105953	0.08770029548	0.1898743116	0.2522254174
	0.1109446246	0.3805485318	0.06243324534	0.4599084576	0.02910228826
	0.4887177349	0.0002978849269	0.4627683656	-0.03318749348	0.3713581905
	-0.08608196701	0.2021950882	-0.1881091052	0.00159042769	-0.3540816182
	-0.05394232787	-0.3998406047	-0.00890914631	-0.1571991195	1.443768747e-32
	-1.049315408e-32	1.331859141e-32	1.137783945e-32	-0.0001000828051	0.2103448358
	-0.02409045104	0.2923230715	0.2230116502	0.1383014792	0.4538461922
	0.06089428011	0.6021552305	0.02991884208	0.6908294558	0.01532323041
	0.7391425683	0.006623710464	0.754496248	-0.0004559484178	0.7372400066
	-0.00859457348	0.6790836369	-0.02230930071	0.5560040121	-0.05430163578
	0.3204397688	-0.1394180239	-0.0018716373	-0.347931854	-0.02853383844
	-0.2774591352	2.03174744e-32	-1.608274438e-32	3.895493637e-32	9.870171714e-33
	0.08053580677	0.1963689269	0.5336239217	0.04653927799	0.7481673911
	0.01568645298	0.845981008	0.006087486208	0.8938879044	0.00204376887
	0.9196646154	0.001165364625	0.932850743	0.0004881580182	0.9363429039
	-5.184888855e-05	0.9304879411	-0.0006511226086	0.9126373516	-0.001750150987
	0.8743006008	-0.004575261327	0.784925722	-0.01384120982	0.5594997498
	-0.05733349016	0.07395898398	-0.2339996947	3.309900194e-32	-1.77583505e-32
	  1	-3.081056873e-32	  1	-2.033512942e-32	  1
	-5.828959793e-33	  1	-3.81651255e-33	  1	-2.483449821e-33
	  1	-1.715129215e-33	  1	-1.803836284e-33	  1
	-2.036686695e-33	  1	-1.744063493e-33	  1	-4.258252614e-34
	  1	2.050779207e-33	  1	5.554833482e-33	  1
	9.383755575e-33	  1	1.490543787e-32	  1	1.874853551e-32
	  1	3.40657664e-32	512	
	-1.450000465e-35	-1.450000465e-35	3.391363527e-37	-5.793873676e-35	3.620634763e-36
	-1.086522051e-34	-4.800461722e-36	-1.19685762e-34	-6.648955219e-35	-8.950253783e-35
	-2.035119005e-34	-8.01483956e-35	-3.793847373e-34	-1.685423387e-34	-5.096290213e-34
	-3.811759039e-34	-5.128654306e-34	-6.515424628e-34	-3.787647496e-34	-8.367487517e-34
	-1.900729662e-34	-8.328878165e-34	-5.100027519e-35	-6.742914586e-34	2.11252325e-36
	-4.747629963e-34	4.590894833e-36	-3.044439004e-34	2.83226577e-37	-1.544246495e-34
	3.914603534e-35	-3.914603534e-35	-5.681200625e-35	-3.390267783e-37	1.387919238e-05
	-1.378657483e-05	7.207123797e-05	-3.434124355e-06	-0.0002041167818	5.577150917e-05
	-0.001351299261	0.0001132054057	-0.003385456206	0.0001318128409	-0.005675501545
	0.000102022373	-0.007257838371	3.333162143e-05	-0.007297250474	-5.129429863e-05
	-0.005657327196	-0.0001196720202	-0.003169130964	-0.0001400308908	-0.001066902079
	-0.0001048796081	-4.148962669e-05	-4.16533177e-05	0.0001082230912	1.227285179e-05
	1.387861703e-05	1.387251307e-05	1.55321202e-34	2.826764278e-37	-1.157900411e-34
	-3.667315793e-36	3.523015336e-06	-7.278781261e-05	-0.000133465473	0.0001332211827
	-0.001535137293	0.000899070919	-0.005829778383	0.001719756955	-0.01314021379
	0.002053024428	-0.02131372261	0.001695518813	-0.02691651757	0.0006961431529
	-0.02700060845	-0.0006676591209	-0.02116425421	-0.001828786387	-0.01236843855
	-0.002196711992	-0.004867836497	-0.001664355242	-0.0009699259234	-0.000701437297
	1.538446816e-05	1.073428559e-05	1.292110463e-05	0.0001089468792	3.015343984e-34
	4.604360951e-36	-2.055214896e-34	4.667326486e-36	-6.099003509e-05	0.0002067629993
	-0.0009444196487	0.001564290449	-0.004737039591	0.004600188148	-0.01378932857
	0.007819340203	-0.02810595228	0.009134164368	-0.04377135322	0.00750757096
	-0.05438106363	0.003057384908	-0.05447934257	-0.002955540115	-0.04344781301
	-0.008023152855	-0.02676595008	-0.009676236751	-0.01212133379	-0.007580220471
	-0.003712146488	-0.003796505149	-0.00065015775	-0.0009340537542	-3.573747201e-05
	-1.318774204e-05	4.01292254e-34	3.527205483e-36	-3.303847335e-34	7.291254625e-35
	-0.0001439639991	0.00148778641	-0.002058185716	0.006365598216	-0.00917527802
	0.01427523044	-0.02425041978	0.02192617599	-0.04648865929	0.02476426497
	-0.07010328117	0.02011660739	-0.08604251217	0.00816329141	-0.08656968715
	-0.007783323884	-0.07060093269	-0.02129534684	-0.04557103498	-0.0261656934
	-0.02243420223	-0.02153332612	-0.00786556201	-0.01239918014	-0.001639876272
	-0.004733017006	-9.823535477e-05	-0.0009404636137	4.256895916e-34	-4.248346509e-35
	-4.279868491e-34	2.553767349e-34	-0.0002244255225	0.004248713754	-0.003193426307
	0.01626290562	-0.01388138968	0.03282317441	-0.03554671025	0.04717458139
	-0.06625368246	0.05160609742	-0.09828140446	0.04156052069	-0.1205047346
	0.01735357838	-0.1231032391	-0.0149202531	-0.1034370039	-0.04318170763
	-0.069528687	-0.05507690605	-0.03584274815	-0.0478116896	-0.01312867985
	-0.03011733302	-0.00282246909	-0.01332147861	-0.000176554308	-0.003174220757
	3.880130852e-34	-1.839649655e-34	-3.771192902e-34	5.805707404e-34	-0.0002956483145
	0.008667119742	-0.004234812688	0.03195064873	-0.01825958427	0.06158008067
	-0.04618881282	0.08515326689	-0.08506832194	0.0911169076	-0.1256620011
	0.07349731789	-0.1557427927	0.03298016889	-0.1637746689	-0.02199328734
	-0.1437478435	-0.0733758052	-0.1014354863	-0.09955273822	-0.05458219772
	-0.09158867494	-0.02061138114	-0.06136398329	-0.004514419173	-0.02897732443
	-0.000292310999	-0.007302059343	3.233878515e-34	-4.756908684e-34	-4.103714589e-35
	1.029799217e-33	-0.0003531859132	0.01461280118	-0.005101916206	0.05296606995
	-0.02183957655	0.0996608746	-0.0546173382	0.1345309597	-0.09934950366
	0.1418327661	-0.1460280528	0.1155517283	-0.1833995694	0.05742927431
	-0.200455663	-0.02374527302	-0.1871755957	-0.107019207	-0.141937971
	-0.159683741	-0.08149706932	-0.1581632711	-0.03228874887	-0.1124278464
	-0.007302046367	-0.05559365851	-0.0004871772927	-0.01445620986	2.960913231e-34
	-9.962752495e-34	6.482447692e-34	1.535954891e-33	-0.0004331822538	0.02172751023
	-0.005881853789	0.07795102553	-0.02469949989	0.1440505919	-0.05989488827
	0.189996314	-0.1046615408	0.1965249538	-0.1486421314	0.1609605796
	-0.1851369421	0.08833876729	-0.209366854	-0.01457476235	-0.2117187889
	-0.1315907358	-0.1790636201	-0.2249329674	-0.1144652569	-0.2471115656
	-0.04922433342	-0.1896902934	-0.0117394648	-0.09871566382	-0.000813143694
	-0.02644811316	4.760498246e-34	-1.841364864e-33	1.61024053e-33	2.037903516e-33
	-0.0005742619874	0.03005012493	-0.007377494099	0.1065182165	-0.02928768993
	0.19166238	-0.06422581549	0.2425794882	-0.09819308436	0.2404072848
	-0.1216934083	0.1932395937	-0.1382133323	0.1130801934	-0.1560881548
	0.003767337128	-0.1755658294	-0.131049869	-0.1783228891	-0.2668355481
	-0.138472275	-0.339315448	-0.0690705839	-0.2919023854	-0.01803641129
	-0.1632033776	-0.001313372191	-0.04542463968	1.209903418e-33	-3.061165105e-33
	2.696553131e-33	2.583221235e-33	-0.0009243539118	0.04161239882	-0.01233553271
	0.1434477872	-0.04190605559	0.2423474175	-0.07125214071	0.2791215233
	-0.07376234522	0.2517639218	-0.0509893892	0.1904272235	-0.02469009952
	0.1127418235	-0.01712488144	0.01812927904	-0.0419216767	-0.1018559164
	-0.09177866772	-0.250275054	-0.12060776	-0.3857943204	-0.0838420516
	-0.396252869	-0.02619220183	-0.2478640652	-0.002183284003	-0.07270955206
	3.014116593e-33	-4.527834806e-33	3.961944841e-33	3.452132237e-33	-0.003181794105
	0.06378643417	-0.02593845161	0.2024016516	-0.06672311858	0.290044887
	-0.06177237998	0.2726882801	0.006036481125	0.2076355093	0.09590351997
	0.1413917605	0.1705174387	0.08050674338	0.2067726919	0.01711832459
	0.1884666745	-0.06095697956	0.1072102043	-0.1722878638	-0.01288934411
	-0.3301086572	-0.07655487848	-0.449083845	-0.03742726386	-0.3463953263
	-0.003573835093	-0.1119445555	6.073950649e-33	-6.145698172e-33	5.676664957e-33
	5.334085344e-33	-0.007821350611	0.1128842613	-0.05466981709	0.2851134796
	-0.05822193873	0.2812390303	0.0657979047	0.1858241252	0.2233949158
	0.1136411428	0.3547921847	0.06857318465	0.4441277994	0.03638266152
	0.4858720541	0.007049241309	0.4726088094	-0.027427529	0.3921212078
	-0.08003515557	0.2288720923	-0.182297148	0.01841506113	-0.3609697478
	-0.05219976061	-0.4237116168	-0.008947099708	-0.1684588403	1.071639847e-32
	-7.600014349e-33	8.289974848e-33	7.399320121e-33	0.0006652451407	0.2029644173
	-0.03098311855	0.2843949009	0.2019945481	0.1365177533	0.4276770671
	0.06124214382	0.5781411201	0.03130399631	0.6731268836	0.01716210418
	0.7296458898	0.008419067681	0.7528910174	0.0009330304422	0.7417938754
	-0.007648827307	0.6888686811	-0.02120156084	0.5723177152	-0.05212846041
	0.3416733481	-0.1371993513	0.008375113734	-0.3556296485	-0.02838313108
	-0.287614913	1.502296489e-32	-1.123268281e-32	2.54632706e-32	6.577295411e-33
	0.0779701039	0.1946158966	0.5243792269	0.04705165441	0.7392027439
	0.01572529339	0.8377711049	0.00600432715	0.8871122346	0.002120338245
	0.9151056602	0.001275904971	0.9307108467	0.0005868820742	0.9361868093
	1.204210014e-05	0.9314985516	-0.0006236361493	0.9143880437	-0.001717013381
	0.8774130394	-0.004449543388	0.7909522509	-0.01357388067	0.5684334008
	-0.0577237195	0.07652272003	-0.235735073	2.349569839e-32	-1.207534342e-32
	  1	-2.049252217e-32	  1	-1.301687962e-32	  1
	-3.220105426e-33	  1	-2.043127214e-33	  1	-1.262065943e-33
	  1	-8.740375508e-34	  1	-1.207800082e-33	  1
	-1.74858855e-33	  1	-1.867371211e-33	  1	-9.867100511e-34
	  1	1.109827659e-33	  1	4.186524209e-33	  1
	7.461645495e-33	  1	1.146591287e-32	  1	1.3762758e-32
	  1	2.334500827e-32	512	
	-1.922115627e-35	-1.922115627e-35	2.621278885e-37	-7.648521717e-35	2.735904131e-36
	-1.459487279e-34	-3.934385316e-36	-1.823461022e-34	-5.113785209e-35	-1.837876941e-34
	-1.54924323e-34	-1.953404934e-34	-2.881919156e-34	-2.724443553e-34	-3.878940003e-34
	-4.369180051e-34	-3.903372917e-34	-6.421831535e-34	-2.856273196e-34	-7.763970495e-34
	-1.394857355e-34	-7.560289542e-34	-3.449691214e-35	-6.120763507e-34	3.263145712e-36
	-4.373592558e-34	3.652884032e-36	-2.846113833e-34	1.95440495e-37	-1.447845753e-34
	3.668000448e-35	-3.668000448e-35	-7.562048418e-35	-2.621153796e-37	1.412022499e-05
	-1.400924677e-05	7.124614322e-05	-3.031550925e-06	-0.0002152242906	5.699297523e-05
	-0.001377812757	0.0001142563857	-0.003419860261	0.0001324161609	-0.005720828902
	0.000102625473	-0.007327965529	3.35664224e-05	-0.007365584381	-5.28889145e-05
	-0.005659393807	-0.0001234622266	-0.003091091856	-0.0001428452346	-0.000972578809
	-0.0001034274177	9.580988647e-06	-3.711070035e-05	0.0001183217171	1.543747315e-05
	1.366464336e-05	1.366650915e-05	1.454489413e-34	1.951194918e-37	-1.515779698e-34
	-2.774221543e-36	2.946347801e-06	-7.196678236e-05	-0.0001444045231	0.0001431862385
	-0.001587593621	0.0009200455807	-0.005943865574	0.001735665832	-0.013298667
	0.002060087477	-0.02152413103	0.001710564835	-0.02720748601	0.000711709195
	-0.02726909394	-0.0006927615843	-0.02120084875	-0.001898086181	-0.01213738213
	-0.002245179212	-0.004575573577	-0.001642888793	-0.0008032250786	-0.0006395834928
	5.88276195e-05	5.344459677e-05	1.614166318e-05	0.0001189905496	2.831886994e-34
	3.656831447e-36	-2.484272366e-34	3.981603243e-36	-6.369922583e-05	0.0002226144238
	-0.0009801828571	0.001626916443	-0.004874599006	0.004704118633	-0.01407138318
	0.007904339152	-0.02851504293	0.009186307933	-0.04431853851	0.007584736655
	-0.05508324781	0.003118315283	-0.0551278269	-0.003072336822	-0.04367752403
	-0.008315993406	-0.02650607882	-0.009884703696	-0.01169894831	-0.007517420551
	-0.003445261795	-0.003570090836	-0.0005711983449	-0.0007552163792	-2.969639378e-05
	4.306054253e-05	3.835958132e-34	4.483801596e-36	-3.675221115e-34	5.769586608e-35
	-0.0001492735846	0.001554642085	-0.002129442158	0.006586169469	-0.009432506034
	0.0145990334	-0.02475519306	0.02219648284	-0.0472232929	0.02495829335
	-0.0711165424	0.02036524385	-0.08739892021	0.008350019458	-0.0880031666
	-0.008053376691	-0.0715362576	-0.02203814044	-0.04572898572	-0.02677315811
	-0.02213881629	-0.02151304771	-0.007594895852	-0.01193524074	-0.001548809879
	-0.004313096111	-9.086470915e-05	-0.0007973216169	4.202879941e-34	-2.599776681e-35
	-4.564252711e-34	2.008395425e-34	-0.0002307958097	0.004418580849	-0.00328895473
	0.01678458993	-0.01420303958	0.03352538821	-0.03612310642	0.04773669488
	-0.06706782648	0.05206403254	-0.09956814835	0.04223663454	-0.1226730297
	0.01802948666	-0.1260703019	-0.01512258656	-0.1062601262	-0.04457161313
	-0.07119198725	-0.05662203973	-0.0363085583	-0.0483143084	-0.01308853261
	-0.02960803401	-0.00276704055	-0.01266554129	-0.0001706244704	-0.002927364772
	3.950744044e-34	-1.262702404e-34	-4.13214676e-34	4.534680642e-34	-0.000297343014
	0.00895427231	-0.0042844238	0.03277562838	-0.01836282125	0.06255677227
	-0.04619600713	0.08581557772	-0.08497614503	0.09182162358	-0.1261707899
	0.07509362691	-0.1581568165	0.03521266165	-0.1687897645	-0.02099578632
	-0.1501244724	-0.07515702376	-0.1065970315	-0.1030232874	-0.05717686637
	-0.09404821497	-0.02136511359	-0.0617890281	-0.004619681026	-0.02847510332
	-0.000296305602	-0.007030126794	3.214435322e-34	-3.425521059e-34	-1.267606831e-34
	7.924808438e-34	-0.0003395708927	0.01487821993	-0.004955401763	0.05359163547
	-0.02114060104	0.1000125253	-0.05278715252	0.1342892939	-0.09639389631
	0.1422307912	-0.1433274874	0.1185265494	-0.1835581652	0.06296627405
	-0.2057393291	-0.01896822487	-0.1970994697	-0.1074143893	-0.1523661691
	-0.1658431034	-0.08817500284	-0.1653193197	-0.03484704024	-0.1163302532
	-0.007821945157	-0.05654904068	-0.0005186122725	-0.01449180728	2.351881002e-34
	-7.488942643e-34	4.4143114e-34	1.15232483e-33	-0.0003912795877	0.02157930785
	-0.005352642151	0.07707552461	-0.02249293047	0.1417067828	-0.05479128861
	0.1867415615	-0.09673590713	0.1952355934	-0.1399020087	0.1650524979
	-0.1789863275	0.09830138446	-0.2093741277	-0.003125966107	-0.2196850309
	-0.1265293986	-0.1922370154	-0.2317238908	-0.1257820932	-0.2613319158
	-0.05459758253	-0.2011971684	-0.01301754053	-0.1038029051	-0.0008987811749
	-0.0275606365	2.733236648e-34	-1.44191975e-33	1.191322633e-33	1.478494296e-33
	-0.0005029637267	0.02888965725	-0.006344896922	0.1022383762	-0.0252290386
	0.1838687133	-0.05556018386	0.2339837104	-0.08566529655	0.2362110372
	-0.1078711018	0.1977143015	-0.1257278728	0.1265497146	-0.1471853431
	0.02168523119	-0.1729262537	-0.1173568106	-0.1843655422	-0.2677354672
	-0.1496371992	-0.3576809655	-0.07671577156	-0.3140052548	-0.02025027506
	-0.1758857169	-0.001477186126	-0.0487971212	7.618780428e-34	-2.476282503e-33
	1.969483233e-33	1.81821852e-33	-0.0008304835658	0.0388562575	-0.01086439124
	0.1341037436	-0.03671205546	0.2275014214	-0.06197071544	0.2654299914
	-0.0632829769	0.2461468186	-0.04166781897	0.195530865	-0.01591298593
	0.1271138115	-0.006738145519	0.03736006218	-0.0294040534	-0.0837870565
	-0.08198759295	-0.241349514	-0.1208994353	-0.3973451271	-0.08969497084
	-0.4246814417	-0.02881696044	-0.2695320094	-0.002412444643	-0.07929285927
	2.221546956e-33	-3.72538371e-33	2.807664469e-33	2.412302595e-33	-0.003012461135
	0.05916882624	-0.02444352444	0.1879757573	-0.06334379819	0.2710600651
	-0.06085806011	0.2599161898	0.0007517754067	0.2050961822	0.08682804002
	0.1475825152	0.1636199172	0.09244680514	0.207713919	0.03124986618
	0.2000570605	-0.04761944789	0.1270830156	-0.1610972666	0.004133577833
	-0.3279274314	-0.07365725292	-0.4704320447	-0.03904186462	-0.3736840862
	-0.003823504696	-0.1217966546	4.863227722e-33	-5.051898351e-33	3.969340533e-33
	3.807652914e-33	-0.007733483131	0.106657158	-0.05409246486	0.2690654846
	-0.06421110557	0.2680447894	0.04753841433	0.1812497418	0.1977349784
	0.115062995	0.3300441122	0.0734638702	0.4269465617	0.04293871861
	0.4800036584	0.01354339999	0.4785243271	-0.02213121249	0.4083485647
	-0.07496356093	0.2523107556	-0.175849466	0.03532161299	-0.3641802868
	-0.05030279748	-0.446225966	-0.008984002279	-0.1798126877	8.860129264e-33
	-6.136990482e-33	5.815209876e-33	5.393320126e-33	0.001453144427	0.1961396644
	-0.03694770155	0.2769119614	0.1829796944	0.1346503299	0.4031411743
	0.06135133943	0.5545332475	0.03238977084	0.6544917895	0.01878659979
	0.7183359877	0.01016638619	0.7492826573	0.002365140764	0.7442599994
	-0.006806253724	0.6956270955	-0.02053115849	0.584423849	-0.05027144277
	0.3601250941	-0.1340650078	0.01856902139	-0.3618839809	-0.02826954429
	-0.2978909987	1.239536018e-32	-8.776545721e-33	1.866319543e-32	4.905994698e-33
	0.07549612417	0.1929221676	0.5155014739	0.04754401484	0.7305516701
	0.01576577707	0.8296810583	0.005901421216	0.8801415735	0.002191416888
	0.9100947829	0.001383989423	0.9280267527	0.0006883067202	0.935573368
	7.858181681e-05	0.9320808083	-0.0006091499654	0.9153462353	-0.001721992067
	0.8790844881	-0.004357082073	0.7954504852	-0.01327949906	0.5768877602
	-0.05797639901	0.07912094621	-0.2374602709	1.867434871e-32	-9.189538455e-33
	  1	-1.526355029e-32	  1	-9.351212312e-33	  1
	-1.978096364e-33	  1	-1.218022776e-33	  1	-6.759367841e-34
	  1	-4.246419425e-34	  1	-8.335462045e-34	  1
	-1.522182159e-33	  1	-1.897679804e-33	  1	-1.306942666e-33
	  1	5.675049671e-34	  1	3.460996267e-33	  1
	6.52205056e-33	  1	9.803246801e-33	  1	1.128916394e-32
	  1	1.791166034e-32	512	
	-2.292956014e-35	-2.292956014e-35	2.16609852e-37	-9.107962117e-35	2.225360907e-36
	-1.751088793e-34	-3.358324988e-36	-2.296264348e-34	-4.192923367e-35	-2.522534727e-34
	-1.260794038e-34	-2.777712357e-34	-2.343267968e-34	-3.489851134e-34	-3.160609839e-34
	-4.853418797e-34	-3.176175481e-34	-6.519288932e-34	-2.295533349e-34	-7.544085531e-34
	-1.083151513e-34	-7.213966938e-34	-2.391241427e-35	-5.833463742e-34	4.214553077e-36
	-4.212943547e-34	3.119753789e-36	-2.771414671e-34	1.401820802e-37	-1.412945428e-34
	3.578004482e-35	-3.578004482e-35	-9.036844026e-35	-2.166618862e-37	1.446726933e-05
	-1.433601927e-05	7.151622072e-05	-2.80902286e-06	-0.0002250576482	5.835341503e-05
	-0.001408010429	0.0001159160874	-0.003470567769	0.0001338911754	-0.005799689491
	0.0001038949327	-0.007442020211	3.375833286e-05	-0.007468388764	-5.539308544e-05
	-0.005670112303	-0.0001285662545	-0.003000055938	-0.0001463908928	-0.0008611132232
	-0.0001016922235	7.012115412e-05	-3.175148846e-05	0.0001305158282	1.920660453e-05
	1.345085216e-05	1.346119844e-05	1.418181794e-34	1.400069949e-37	-1.798239988e-34
	-2.258991662e-36	2.540436419e-06	-7.224757644e-05	-0.0001541561912	0.0001519129314
	-0.001642802465	0.0009440479	-0.006082623668	0.001761070671	-0.01352952786
	0.002081485986	-0.02186867479	0.001738604683	-0.02766797443	0.0007287111056
	-0.02767331179	-0.0007329246181	-0.0212847941	-0.001989186182	-0.01187872656
	-0.002305607614	-0.004236333836	-0.001618277263	-0.0006084644426	-0.0005673095044
	0.0001099852962	0.0001038706285	1.996460682e-05	0.0001311212554	2.767242466e-34
	3.117629061e-36	-2.840870566e-34	3.520183008e-36	-6.666197281e-05	0.0002374603951
	-0.001020108253	0.001693082838	-0.005037026113	0.004830118806	-0.01443541496
	0.008037302667	-0.02910900129	0.009305204735	-0.04517311907	0.007719936574
	-0.05615981207	0.003184854588	-0.05609006843	-0.003253864084	-0.04406216987
	-0.00870154999	-0.02625741291	-0.01014876288	-0.01123101681	-0.007451985937
	-0.003143679793	-0.003310513456	-0.000481313622	-0.0005480020896	-2.280726939e-05
	0.00010880991	3.795721629e-34	5.316891181e-36	-4.027285438e-34	4.867198737e-35
	-0.0001556979647	0.001628415786	-0.002216061258	0.00684162128	-0.009758730056
	0.01501181371	-0.02544596184	0.02261941153	-0.0483266451	0.0253458036
	-0.07270004457	0.02077465612	-0.08944004579	0.008556709052	-0.09005649012
	-0.008483770584	-0.0728739285	-0.02302285832	-0.04605149115	-0.02755100518
	-0.02186662152	-0.02152827408	-0.007310939002	-0.01142323685	-0.001451029844
	-0.003840487148	-8.28998238e-05	-0.0006351436991	4.24909874e-34	-1.536299464e-35
	-4.889764884e-34	1.689575412e-34	-0.0002393894262	0.004619681168	-0.003415215404
	0.01742755514	-0.01465630762	0.03447713076	-0.03703509425	0.04867341673
	-0.0685101515	0.05296108918	-0.1017858393	0.04326738256	-0.1259614026
	0.01877987006	-0.1301404931	-0.01560448367	-0.1099493949	-0.04645182715
	-0.07335263717	-0.05859772601	-0.03696366074	-0.04901159012	-0.01309085797
	-0.02910123431	-0.002715955213	-0.01195777981	-0.00016468452	-0.002657616387
	4.069562682e-34	-9.039160486e-35	-4.515497283e-34	3.797012417e-34	-0.0003025176435
	0.009319432388	-0.004382287189	0.03388689214	-0.0186735428	0.06408255794
	-0.04672655421	0.0872444618	-0.08582487083	0.0933610464	-0.1279932264
	0.07733201686	-0.16208419	0.03762680283	-0.175336968	-0.0203660446
	-0.1578759807	-0.07773603373	-0.1127244958	-0.1073941192	-0.06023205962
	-0.09711028717	-0.02225542864	-0.06242624787	-0.004746803146	-0.02798724005
	-0.0003011771927	-0.006746196381	3.255077396e-34	-2.612643841e-34	-1.938695199e-34
	6.552139576e-34	-0.0003311389588	0.01529356758	-0.004877811738	0.05476342327
	-0.02074265228	0.1013900755	-0.05170567927	0.1354007835	-0.0946890606
	0.1439430611	-0.1421266027	0.122331274	-0.1850614596	0.06860313098
	-0.2120478304	-0.01470655497	-0.2079582981	-0.1087797452	-0.1637478538
	-0.1733444094	-0.09549625413	-0.1737166189	-0.03764436907	-0.1208860006
	-0.008384755448	-0.05768901592	-0.0005519272191	-0.0145494252	1.982673339e-34
	-5.997016413e-34	3.044220482e-34	9.310680487e-34	-0.0003568122258	0.02168849394
	-0.004924553544	0.07713597213	-0.02072105615	0.1410880486	-0.05069905597
	0.1856044881	-0.09027559724	0.1956452084	-0.1324292089	0.169679374
	-0.1730976618	0.1075476101	-0.20833969	0.007115281711	-0.2260076252
	-0.1223453748	-0.2044721623	-0.2393531275	-0.1371174278	-0.2768953486
	-0.06015580537	-0.2138070055	-0.01434537967	-0.1093213401	-0.0009870412496
	-0.02875064721	1.416477139e-34	-1.202855671e-33	9.321013131e-34	1.157078552e-33
	-0.0004406722668	0.02814838847	-0.005455930521	0.09944886154	-0.02173726706
	0.1786926001	-0.04801588685	0.2282575443	-0.07434017133	0.2336919339
	-0.09439108918	0.201748252	-0.1119998621	0.1377765642	-0.1353467401
	0.03703628458	-0.166120041	-0.1047483145	-0.1863415296	-0.2677822759
	-0.1587500813	-0.375488993	-0.0839990327	-0.3367897215	-0.02246225277
	-0.1890951174	-0.001643283345	-0.05229153816	4.719947252e-34	-2.126793244e-33
	1.536467836e-33	1.37839785e-33	-0.0007439886753	0.03671326053	-0.009538472985
	0.1268455801	-0.03196290862	0.2159881078	-0.05309240503	0.2546965728
	-0.05228982434	0.2413504992	-0.03049792732	0.1989172092	-0.004506019037
	0.1381837629	0.006155452588	0.0532960434	-0.01456128541	-0.06753825325
	-0.06893462131	-0.2313545345	-0.1177261631	-0.4054318871	-0.09422976046
	-0.4515595674	-0.03129436068	-0.2912011127	-0.002638857013	-0.08593870108
	1.7234135e-33	-3.242314805e-33	2.134909268e-33	1.807954983e-33	-0.002851882461
	0.05530538382	-0.02298807565	0.1759226472	-0.05966654851	0.2551410615
	-0.05821210549	0.2488162331	-0.001107613552	0.2020575332	0.08157371786
	0.1516672662	0.1591896876	0.1017384972	0.2087499733	0.04317606044
	0.209707986	-0.03577835808	0.144932846	-0.1504819469	0.02172133932
	-0.3229645004	-0.06930400574	-0.4876440191	-0.04039093247	-0.3998818859
	-0.004068336376	-0.131553561	4.125955685e-33	-4.388335494e-33	2.977624113e-33
	2.904721617e-33	-0.007639542864	0.1011870457	-0.05328457618	0.2549021012
	-0.06850268787	0.2561284789	0.03276561753	0.1767280098	0.1758326686
	0.1157145981	0.3076763791	0.07720345296	0.4098667928	0.04842495998
	0.4720566693	0.01938298024	0.4809168894	-0.01726232434	0.4201545352
	-0.07070193883	0.2718342643	-0.1694714072	0.05158058624	-0.3640501045
	-0.04832111056	-0.4667309979	-0.009021659314	-0.1909709233	7.754425858e-33
	-5.249130417e-33	4.369292142e-33	4.19011018e-33	0.002253094904	0.1897983383
	-0.04210775701	0.2698555199	0.1658348527	0.1328117445	0.3805210592
	0.0613707218	0.5321670781	0.0332691859	0.6360151841	0.02016656837
	0.7060342697	0.01173734314	0.7439499064	0.003744915283	0.7447423084
	-0.00599766883	0.6998611388	-0.02013478017	0.592823104	-0.04884582771
	0.3754277898	-0.1303853389	0.02845412259	-0.3665324581	-0.02822079658
	-0.3080983129	1.083878952e-32	-7.292855349e-33	1.458490164e-32	3.895969713e-33
	0.07310595461	0.1912811181	0.5069618884	0.048018285	0.7222387871
	0.01581623841	0.8218764789	0.005792850759	0.8732778377	0.002258164433
	0.9049484356	0.001483872666	0.9249779522	0.000784451678	0.9345057189
	0.0001448317689	0.9322230066	-0.0006007505412	0.9157034958	-0.0017525421
	0.879626645	-0.004303585165	0.7984741462	-0.01299065997	0.5847042667
	-0.05807248343	0.08172997996	-0.2391447019	1.579281292e-32	-7.444305478e-33
	  1	-1.210845871e-32	  1	-7.167958988e-33	  1
	-1.279944543e-33	  1	-7.646791304e-34	  1	-3.426460604e-34
	  1	-1.459362131e-34	  1	-5.733682779e-34	  1
	-1.337974926e-33	  1	-1.88295987e-33	  1	-1.501504979e-33
	  1	2.148522692e-34	  1	3.004470527e-33	  1
	5.966858418e-33	  1	8.845578972e-33	  1	9.830743178e-33
	  1	1.463254797e-32	512	
	-2.62256487e-35	-2.62256487e-35	1.871058785e-37	-1.040705828e-34	1.904423069e-36
	-2.009256901e-34	-2.930909638e-36	-2.70237609e-34	-3.583040785e-35	-3.090557518e-34
	-1.072156566e-34	-3.452133614e-34	-1.993471007e-34	-4.133125391e-34	-2.695105574e-34
	-5.316729034e-34	-2.701354748e-34	-6.72948909e-34	-1.922167053e-34	-7.533361201e-34
	-8.691443434e-35	-7.093710315e-34	-1.627738206e-35	-5.725153722e-34	5.083822195e-36
	-4.167440236e-34	2.794396347e-36	-2.764201005e-34	1.012693546e-37	-1.411702178e-34
	3.573667736e-35	-3.573667736e-35	-1.03457864e-34	-1.872078138e-37	1.492698648e-05
	-1.477282115e-05	7.288759722e-05	-2.764597401e-06	-0.0002337499409	5.986637833e-05
	-0.001442131439	0.0001181937717	-0.003537764166	0.0001362478509	-0.005912738511
	0.0001058571967	-0.007601723353	3.39386534e-05	-0.00760740475	-5.883156938e-05
	-0.005689673909	-0.0001350781117	-0.00289477611	-0.0001507196179	-0.0007310794878
	-9.964142075e-05	0.0001409343222	-2.551076439e-05	0.0001450133758	2.363422728e-05
	1.324207672e-05	1.326123437e-05	1.415994967e-34	1.011962193e-37	-2.050302348e-34
	-1.935311176e-36	2.29642535e-06	-7.363658839e-05	-0.0001629087428	0.0001595496433
	-0.001701676534	0.0009713876531	-0.006247755821	0.001796078128	-0.01383502285
	0.002117350364	-0.02235168004	0.001780350591	-0.0283056885	0.0007477985451
	-0.0282206097	-0.0007887582581	-0.02141847963	-0.002103514713	-0.01159027292
	-0.002378722433	-0.00384675186	-0.001590219118	-0.0003835471319	-0.0004838518614
	0.0001694957924	0.0001626575277	2.444425817e-05	0.0001455500807	2.767718039e-34
	2.78805441e-36	-3.172116909e-34	3.178209331e-36	-6.995110679e-05	0.0002516253594
	-0.001065096295	0.001764106401	-0.005227606691	0.004980166963	-0.01488760404
	0.008219483493	-0.02989690099	0.009492339691	-0.04634957008	0.007916623919
	-0.05763140948	0.00325943863	-0.05738613292	-0.003502625174	-0.0446143144
	-0.009185240365	-0.0260242445	-0.01047185948	-0.01071706549	-0.007384012696
	-0.002806115256	-0.003015943483	-0.0003799653286	-0.0003104839301	-1.502378063e-05
	0.0001848087231	3.831831626e-34	6.105185113e-36	-4.383958867e-34	4.282981411e-35
	-0.0001634151606	0.001710976942	-0.00232033778	0.007137852461	-0.01016168046
	0.01552126179	-0.0263366369	0.02320060588	-0.04981893888	0.02593328514
	-0.07488491214	0.02135568616	-0.09221014355	0.008791024011	-0.09277944675
	-0.009078395717	-0.07465741362	-0.0242621948	-0.04656632661	-0.02851129081
	-0.02163012882	-0.02158496836	-0.007017605121	-0.01086385988	-0.00134727034
	-0.003313685479	-7.438401682e-05	-0.0004530995772	4.354553072e-34	-7.659341387e-36
	-5.251841525e-34	1.487178917e-34	-0.0002504562345	0.004857755508	-0.003575876452
	0.01820833139	-0.0152524574	0.03569764459	-0.03830040847	0.04999821124
	-0.07060495653	0.05431407875	-0.104977341	0.04468145952	-0.1304428223
	0.01963050505	-0.1354116466	-0.01636281154	-0.1146046192	-0.04884639497
	-0.07608253268	-0.06103989932	-0.03784465177	-0.04993192726	-0.01314896571
	-0.02861220419	-0.002672156003	-0.01120369321	-0.000158915659	-0.002365978015
	4.221643448e-34	-6.55659238e-35	-4.922286888e-34	3.33298098e-34	-0.000311283288
	0.009773401634	-0.004530756958	0.03531306133	-0.01919603692	0.06618462569
	-0.04777909159	0.08945311174	-0.08760952824	0.09576163084	-0.1311487425
	0.08027315211	-0.1675899222	0.04028500357	-0.1835093594	-0.02008487268
	-0.167099784	-0.08114907534	-0.1199037584	-0.1127379855	-0.06379972513
	-0.100847395	-0.02330352719	-0.06332324597	-0.004900694758	-0.02753632647
	-0.000307235731	-0.006456085522	3.334995956e-34	-2.063806705e-34	-2.51623729e-34
	5.689569524e-34	-0.000327422857	0.01586941702	-0.004863871448	0.05650343083
	-0.02062015361	0.1037962214	-0.05130891775	0.1378454907	-0.09414923642
	0.1469932232	-0.1423779324	0.1270598608	-0.1879085652	0.0744041434
	-0.2193175798	-0.01100221869	-0.2195768342	-0.1111873016	-0.1759520569
	-0.1822418325	-0.1034301173	-0.1834300867	-0.04068579612	-0.1261675396
	-0.008993941427	-0.05905663275	-0.0005873932199	-0.01464181234	1.745098654e-34
	-5.006104912e-34	2.041244641e-34	7.917610219e-34	-0.0003282657721	0.02204990856
	-0.004577836739	0.07809926831	-0.01930552133	0.142106929	-0.04746225909
	0.1864958447	-0.08512189536	0.1978099451	-0.1261997559	0.1750469966
	-0.1675777081	0.1161442004	-0.2062227845	0.01588874507	-0.2302417923
	-0.1192942085	-0.2151418901	-0.2477287672	-0.1481106333	-0.2936235611
	-0.06580014425	-0.2274761695	-0.01570845486	-0.1152868616	-0.001077126967
	-0.0300282465	4.783701769e-35	-1.045296142e-33	7.554827565e-34	9.545416628e-34
	-0.0003850832392	0.0277844239	-0.00467651376	0.09800027098	-0.01869004375
	0.1758928313	-0.04140461728	0.2252616654	-0.0641565768	0.2330765443
	-0.08153669045	0.2058322827	-0.0976186881	0.1469480894	-0.1211350345
	0.04935143157	-0.1553728696	-0.09390371369	-0.1839565668	-0.2670388304
	-0.1652447027	-0.3921039654	-0.09063325087	-0.3597855302	-0.02461383477
	-0.2026641122	-0.001808206078	-0.05587526015	2.661975884e-34	-1.895327126e-33
	1.252236316e-33	1.10007539e-33	-0.0006628546998	0.03509370603	-0.008320376339
	0.1213859179	-0.02755859295	0.2074423079	-0.0445865905	0.2468890583
	-0.04106267712	0.2379407739	-0.01808320666	0.2013733244	0.008871782151
	0.1462127026	0.02102338165	0.06540288139	0.001927167256	-0.05393065348
	-0.05357335609	-0.2209633964	-0.1114170623	-0.4098783991	-0.09725046045
	-0.4760624645	-0.0335435054	-0.3123983973	-0.002856266463	-0.09252318227
	1.379860133e-33	-2.916896545e-33	1.702120305e-33	1.419910323e-33	-0.002696765997
	0.05206140127	-0.0215514431	0.1658629663	-0.05571959009	0.2419875184
	-0.05410253191	0.2396516408	4.974832541e-05	0.1992682879	0.08001164161
	0.1543390248	0.1576020831	0.108479594	0.2104702936	0.0524079197
	0.2176339722	-0.02585267278	0.1601186689	-0.1407397732	0.03870868488
	-0.3160037163	-0.0638316201	-0.5004866912	-0.04145475144	-0.4244121735
	-0.004302768019	-0.1410140964	3.629770761e-33	-3.936570766e-33	2.339772813e-33
	2.313632132e-33	-0.007540614469	0.09633477887	-0.05229908792	0.2423405536
	-0.07136472598	0.2454879604	0.02113485383	0.1725924143	0.1577661869
	0.1160339439	0.2884562973	0.08007076606	0.3940946266	0.05276154088
	0.463061667	0.02423585043	0.4803314663	-0.01293894577	0.427878479
	-0.06698137096	0.2872797956	-0.1635172829	0.06661828159	-0.361228822
	-0.04632278369	-0.4848841363	-0.009061811972	-0.2017249167	7.021309689e-33
	-4.646896934e-33	3.433791342e-33	3.391408402e-33	0.003055133399	0.1838746338
	-0.04658888265	0.2631775645	0.150344359	0.1310433662	0.3598011286
	0.06139223364	0.5114387126	0.03404188927	0.6184698884	0.02134127667
	0.6935689647	0.01307139814	0.7373721795	0.004968819803	0.7433857336
	-0.005224476181	0.701950252	-0.01984638061	0.5982264125	-0.04781120443
	0.3876354186	-0.126532237	0.03786528	-0.3695887064	-0.02825233741
	-0.3180949584	9.811351413e-33	-6.29799249e-33	1.187683203e-32	3.220115436e-33
	0.07079301933	0.1896874165	0.4987277052	0.04847334372	0.7142406068
	0.01587941187	0.8144098486	0.005688966124	0.8666924371	0.002324543889
	0.8999157482	0.001574369582	0.9217780658	0.0008696617008	0.9330568162
	0.0002060673126	0.9319102756	-0.0005947138035	0.9155778816	-0.001795354322
	0.8793709079	-0.004285549857	0.8002299248	-0.01273759527	0.5917945788
	-0.05801290555	0.08433056585	-0.2407621149	1.388329334e-32	-6.275283818e-33
	  1	-1.000029101e-32	  1	-5.72859279e-33	  1
	-8.468710021e-34	  1	-4.878618497e-34	  1	-1.29746999e-34
	  1	4.320124499e-35	  1	-3.863190203e-34	  1
	-1.192272703e-33	  1	-1.847108961e-33	  1	-1.614658725e-33
	  1	-2.039030849e-35	  1	2.691881965e-33	  1
	5.595894249e-33	  1	8.228667477e-33	  1	8.8776424e-33
	  1	1.244043366e-32	512	
	-2.932552575e-35	-2.932552575e-35	1.66715137e-37	-1.163011453e-34	1.692096928e-36
	-2.251379271e-34	-2.583345142e-36	-3.07482825e-34	-3.148517473e-35	-3.5974835e-34
	-9.400640484e-35	-4.046778199e-34	-1.751158756e-34	-4.711829062e-34	-2.37415554e-34
	-5.772568716e-34	-2.37122501e-34	-7.00865096e-34	-1.65626928e-34	-7.646616213e-34
	-7.111233807e-35	-7.106186924e-34	-1.032891518e-35	-5.72169449e-34	5.909664176e-36
	-4.189538529e-34	2.589634401e-36	-2.79671865e-34	7.178889511e-38	-1.430286025e-34
	3.619786046e-35	-3.619786046e-35	-1.157554552e-34	-1.66859595e-37	1.549193004e-05
	-1.531186051e-05	7.53553794e-05	-2.908684371e-06	-0.0002409480288	6.146936728e-05
	-0.001478618494	0.0001209904522	-0.00361820207	0.0001394108128	-0.006056033701
	0.0001085103559	-0.007804085604	3.417636659e-05	-0.007780875075	-6.31393739e-05
	-0.005716912329	-0.0001429872114	-0.002774473079	-0.0001558161383	-0.0005820848416
	-9.724548281e-05	0.0002221967276	-1.837493038e-05	0.0001618828901	2.873361398e-05
	1.304371397e-05	1.307170541e-05	1.433903541e-34	7.178963787e-38	-2.28803403e-34
	-1.721387866e-36	2.219366483e-06	-7.612798433e-05	-0.0001704666008	0.0001658677123
	-0.00176268473	0.001001160897	-0.006433822135	0.001839119082	-0.01420439399
	0.002166455773	-0.02296027723	0.001835938855	-0.02911070724	0.000770033095
	-0.02890501299	-0.0008594675035	-0.02159855475	-0.002240720255	-0.01127053404
	-0.002464128689	-0.003406359086	-0.001558431929	-0.0001282751084	-0.0003891166302
	0.0002374693511	0.0002299275113	2.959434225e-05	0.0001623506689	2.806569861e-34
	2.58030304e-36	-3.49326462e-34	2.902242827e-36	-7.354370761e-05	0.0002649095472
	-0.001114651704	0.001838737785	-0.005443389491	0.005150504377	-0.01541841649
	0.008444690031	-0.03086070387	0.009743146752	-0.0478269136	0.008175605413
	-0.05948209747	0.00334625861	-0.05900759363	-0.003814879031	-0.04533250456
	-0.009764618592	-0.02580925886	-0.0108524251	-0.01015994605	-0.007313195513
	-0.002433940613	-0.002686794549	-0.0002674538298	-4.275438975e-05	-6.364855257e-06
	0.0002711374076	3.913106885e-34	6.870155254e-36	-4.74885191e-34	3.88111087e-35
	-0.0001724104713	0.001801879724	-0.002441909311	0.007471922018	-0.01063796904
	0.01611820276	-0.02741465409	0.02392512252	-0.05167599461	0.02671060102
	-0.0776441221	0.02211152233	-0.09569181087	0.009064929722	-0.09617136967
	-0.009824410708	-0.07690143927	-0.0257476632	-0.04729202631	-0.0296518498
	-0.02144234402	-0.02168611491	-0.006720854693	-0.01026173828	-0.001239058798
	-0.00273546958	-6.542738094e-05	-0.0002518851684	4.495413101e-34	-1.657230774e-36
	-5.640801956e-34	1.351862073e-34	-0.0002639733247	0.005132722276	-0.00377073645
	0.01912259166	-0.0159867834	0.03716893144	-0.03989932344	0.05168091344
	-0.07331348612	0.05610423462	-0.1090997514	0.04648870899	-0.1360921538
	0.02061249299	-0.1418918023	-0.0173620165	-0.1202636555	-0.0517347832
	-0.07942332344	-0.06395073518	-0.03897871324	-0.05109121967	-0.01327492327
	-0.02815861812	-0.002638722123	-0.01041438434	-0.0001535257481	-0.002055701895
	4.39436414e-34	-4.718863426e-35	-5.345825552e-34	3.026572938e-34	-0.0003234408664
	0.01031582242	-0.004727509708	0.03704388452	-0.01991565242	0.0688228257
	-0.04930784167	0.09237607603	-0.09024661352	0.0989803211	-0.1355380188
	0.08392924512	-0.1745826453	0.0432392471	-0.1932296525	-0.02009106783
	-0.1777480091	-0.08535096352	-0.1281359941	-0.1190493038	-0.06789789202
	-0.1052898748	-0.02452156892	-0.06451716953	-0.005084816312	-0.02714711021
	-0.0003147274345	-0.006167425304	3.44036814e-34	-1.66922747e-34	-3.03648395e-34
	5.118877367e-34	-0.0003276892008	0.01659906062	-0.004904209585	0.05877485722
	-0.02073144891	0.1071336823	-0.05149320105	0.1414827711	-0.09460533763
	0.1512822944	-0.1438835335	0.1326948714	-0.1918811947	0.0803668496
	-0.2272340615	-0.00787412682	-0.2315371483	-0.1145820733	-0.1886752539
	-0.1924228518	-0.1118711994	-0.1944189541	-0.04395559321	-0.1322007672
	-0.009649558871	-0.06068441496	-0.0006251283921	-0.0147808991	1.59027829e-34
	-4.307481834e-34	1.259326028e-34	6.988336234e-34	-0.0003041388396	0.02263714746
	-0.004291547398	0.07986145784	-0.018163262	0.1445550904	-0.04490391103
	0.1891648199	-0.08103846117	0.2015900482	-0.1210223038	0.1811751018
	-0.1623243337	0.1240834242	-0.2028425218	0.02302610813	-0.2318998701
	-0.1174229251	-0.2235727961	-0.2565068697	-0.1583427024	-0.3111286271
	-0.0714063185	-0.2420552676	-0.01708748195	-0.1216810665	-0.00116802971
	-0.0313972373	-2.225643243e-35	-9.348474101e-34	6.270013968e-34	8.186010478e-34
	-0.0003342418285	0.02773631399	-0.003976996386	0.09767779653	-0.01597886549
	0.1751061317	-0.03553833015	0.2246489951	-0.05497373934	0.2342891814
	-0.06941705822	0.2101976704	-0.08304756364	0.1542543002	-0.1052267931
	0.05844267409	-0.1412741188	-0.08519138349	-0.1773690925	-0.2654461757
	-0.1688023033	-0.4068222898	-0.0963800828	-0.3824385011	-0.0266520994
	-0.2163852116	-0.001968828002	-0.05950713979	1.129972534e-34	-1.730719523e-33
	1.052294579e-33	9.120190129e-34	-0.0005858750693	0.03390026814	-0.007186693776
	0.1174053928	-0.02343675991	0.2013973323	-0.03644544841	0.2417118287
	-0.02983860364	0.2360894056	-0.004991660841	0.2034394575	0.02343221267
	0.1516202368	0.03703765983	0.0735878803	0.01914002578	-0.04340282783
	-0.03708399138	-0.2107019723	-0.1026959241	-0.410766819	-0.0987596201
	-0.4975540343	-0.03551722307	-0.3327118618	-0.003060153616	-0.09893582455
	1.130743041e-33	-2.679280582e-33	1.403596548e-33	1.153452336e-33	-0.002545905505
	0.04931700418	-0.02013047381	0.1574379092	-0.05156852385	0.2312092446
	-0.04883158082	0.232387336	0.003701012654	0.1971288744	0.08167661083
	0.1561774405	0.1587254437	0.1130225698	0.2130662118	0.05884794546
	0.2240057048	-0.01808303928	0.1723357491	-0.1319866603	0.05415850585
	-0.307750216	-0.05768786665	-0.5091387475	-0.04225989439	-0.4469318429
	-0.004524881064	-0.1500385243	3.273937073e-33	-3.603212432e-33	1.899459089e-33
	1.899702946e-33	-0.00743774656	0.09198669838	-0.05118484963	0.2311231789
	-0.0730515464	0.2360218399	0.01222527754	0.1689809928	0.1432793745
	0.1163039124	0.272587747	0.08235365443	0.3803296565	0.05606014496
	0.453881238	0.02796592011	0.4774024622	-0.009301843274	0.432014184
	-0.06360382509	0.29888286	-0.1580634194	0.08008842938	-0.3564620609
	-0.04436529404	-0.5006160759	-0.009106327	-0.2119535473	6.497945799e-33
	-4.206305192e-33	2.785145388e-33	2.824600522e-33	0.003851430243	0.1783148699
	-0.05049977693	0.2568286867	0.1362882566	0.1293497762	0.3408242059
	0.06145641374	0.4924244808	0.03477742113	0.6022496159	0.02237084301
	0.6815505158	0.01416964656	0.7300744438	0.005974693835	0.740448456
	-0.004520452318	0.70221018	-0.01955731954	0.60133941	-0.0470473951
	0.3970856737	-0.1227949728	0.04672077922	-0.3711903158	-0.02836766254
	-0.3277919894	9.07999719e-33	-5.582783189e-33	9.953305775e-33	2.736498765e-33
	0.06855208902	0.1881370315	0.4907706076	0.04890766163	0.7065204425
	0.0159548335	0.80727259	0.005595771504	0.86045098	0.002394162493
	0.8951425545	0.001656939324	0.9186024447	0.0009416037949	0.9313364967
	0.0002583144497	0.9311649842	-0.0005896122315	0.9150473451	-0.001840145449
	0.8785966667	-0.004294750606	0.800993956	-0.01254186755	0.5981320756
	-0.05781425601	0.08690936437	-0.2422925904	1.252682173e-32	-5.437588239e-33
	  1	-8.493596897e-33	  1	-4.713434149e-33	  1
	-5.594826351e-34	  1	-3.046833066e-34	  1	1.999201624e-35
	  1	1.810851623e-34	  1	-2.495855981e-34	  1
	-1.081272257e-33	  1	-1.803793194e-33	  1	-1.671320659e-33
	  1	-1.741112747e-34	  1	2.467873569e-33	  1
	5.324976836e-33	  1	7.796536905e-33	  1	8.209337642e-33
	  1	1.08724198e-32	512	
	-3.228726863e-35	-3.228726863e-35	1.518560385e-37	-1.279948976e-34	1.546936042e-36
	-2.482299483e-34	-2.277716488e-36	-3.424696072e-34	-2.819175094e-35	-4.064357773e-34
	-8.423040169e-35	-4.588929416e-34	-1.574707607e-34	-5.246149408e-34	-2.142517292e-34
	-6.218400047e-34	-2.131100461e-34	-7.325306732e-34	-1.457652424e-34	-7.8322389e-34
	-5.884750905e-35	-7.197166256e-34	-5.466492173e-36	-5.780185154e-34	6.697081879e-36
	-4.251138154e-34	2.459783049e-36	-2.852111381e-34	4.83986072e-38	-1.46024394e-34
	3.694869643e-35	-3.694869643e-35	-1.274970211e-34	-1.520387988e-37	1.614511397e-05
	-1.593627289e-05	7.88971099e-05	-3.256377154e-06	-0.0002460427293	6.305906019e-05
	-0.001514960728	0.0001241505706	-0.003706860587	0.0001432624169	-0.006223218065
	0.000111839955	-0.008043599304	3.456955307e-05	-0.007985487091	-6.817930499e-05
	-0.00575092444	-0.0001521984272	-0.002640009978	-0.0001616274858	-0.0004154293326
	-9.45120873e-05	0.0003132106943	-1.040971407e-05	0.0001810159127	3.446391158e-05
	1.28635578e-05	1.29000073e-05	1.463356681e-34	4.845246917e-38	-2.515582994e-34
	-1.575333511e-36	2.321630729e-06	-7.969748442e-05	-0.0001764153301	0.0001704317975
	-0.001822864388	0.001031771358	-0.006631315744	0.001887729754	-0.01461969922
	0.002226875493	-0.02367197505	0.001905132558	-0.03006309452	0.0007967453034
	-0.02971391555	-0.0009430868458	-0.02182136787	-0.002398978271	-0.01092256768
	-0.00256075436	-0.002919731314	-0.001523136827	0.0001547944532	-0.0002840639706
	0.0003132966686	0.0003050874827	3.537446874e-05	0.0001814209828	2.867387297e-34
	2.448411527e-36	-3.806186917e-34	2.661228091e-36	-7.735158699e-05	0.0002767939869
	-0.001167350452	0.001914133103	-0.005677349271	0.005333901926	-0.01600843008
	0.008702525472	-0.03196575463	0.01004971626	-0.04956217335	0.008495877662
	-0.0616725968	0.003450603558	-0.06092874888	-0.004181769766	-0.04620981182
	-0.01043081973	-0.02561916352	-0.01128569787	-0.009568918251	-0.00724065526
	-0.002032476523	-0.002327158859	-0.0001452502856	0.0002522568214	3.061143057e-06
	0.000366970707	4.01958164e-34	7.607667675e-36	-5.116289408e-34	3.58995563e-35
	-0.0001825204694	0.001899064635	-0.002578427047	0.007834845281	-0.01117613402
	0.0167824488	-0.02864896885	0.02476543224	-0.05384322065	0.02765741537
	-0.08090967481	0.02303918694	-0.09982139342	0.00939229974	-0.1001921015
	-0.0106958482	-0.0795983486	-0.02745355275	-0.04824096583	-0.03096030945
	-0.02131816478	-0.02183524721	-0.006429282258	-0.009628111283	-0.001128881838
	-0.002114512696	-5.621779979e-05	-3.422991121e-05	4.654585888e-34	3.21962779e-36
	-6.043185688e-34	1.257707675e-34	-0.0002796994347	0.00544008025	-0.003996465572
	0.02015063631	-0.0168421157	0.03884700352	-0.04178394938	0.05366279901
	-0.07654981971	0.0582886793	-0.1140422281	0.04868132035	-0.1427979206
	0.02175515289	-0.149500565	-0.01854381457	-0.1268958609	-0.05505971021
	-0.08337893875	-0.06730343118	-0.04037879972	-0.05249558095	-0.01347756177
	-0.02776221791	-0.002618399831	-0.009607663443	-0.0001487184653	-0.001732682943
	4.576446297e-34	-3.300657229e-35	-5.774490477e-34	2.816978039e-34	-0.0003385542095
	0.01093747158	-0.004966496712	0.0390392257	-0.02080318043	0.07190796908
	-0.05123375517	0.09589308765	-0.09359300912	0.1029205414	-0.140963611
	0.08825943928	-0.1828246632	0.04650833086	-0.2042412519	-0.02030743064
	-0.1896047733	-0.090229146	-0.1373159772	-0.1262451801	-0.0724974788
	-0.1104212719	-0.02590704666	-0.0660299154	-0.005299826366	-0.02684382981
	-0.0003237454909	-0.005888969382	3.560773867e-34	-1.373959339e-34	-3.512263477e-34
	4.726369234e-34	-0.0003310643495	0.01746247742	-0.00498705287	0.06149700277
	-0.02102564683	0.1112340759	-0.05213134344	0.1460883572	-0.09583371567
	0.1566159155	-0.1463325263	0.1391051525	-0.1965784571	0.08639190937
	-0.2352588235	-0.005349788021	-0.2432027155	-0.1187972753	-0.2014454771
	-0.203609044	-0.1206316972	-0.2065149486	-0.04741069385	-0.1389492999
	-0.01034615391	-0.06258382772	-0.0006649402288	-0.01497455006	1.492554112e-34
	-3.79498016e-34	6.252283942e-35	6.339574138e-34	-0.0002830655403	0.02340956125
	-0.004046036096	0.08227217678	-0.0172158814	0.148147164	-0.04284863082
	0.1932555297	-0.07775668813	0.2066992079	-0.1166084576	0.1879092425
	-0.1571060013	0.1312637461	-0.1979667343	0.02844805745	-0.230587316
	-0.1165772886	-0.229183587	-0.2651315831	-0.1673943869	-0.3288385972
	-0.07683430005	-0.2572828828	-0.01845883388	-0.128437139	-0.001258501234
	-0.03284963901	-7.566707013e-35	-8.53864755e-34	5.288683932e-34	7.226485582e-34
	-0.000286664133	0.02793316667	-0.003333632095	0.09823494791	-0.01351535302
	0.1759063462	-0.03025074239	0.2259470392	-0.04662259901	0.2370318667
	-0.05803173239	0.2148283938	-0.06863287359	0.1598297135	-0.08835913743
	0.06437463774	-0.1247518522	-0.07866946846	-0.1672217358	-0.2628959956
	-0.1694336869	-0.4190063493	-0.101092285	-0.4041732631	-0.02853722783
	-0.2300214857	-0.002122686836	-0.06313673652	-3.543119992e-36	-1.606925712e-33
	9.036044215e-34	7.783660257e-34	-0.0005124831945	0.03303729123	-0.006125462056
	0.1145848903	-0.01956771933	0.1973508806	-0.02869071914	0.2387146241
	-0.01883614225	0.2356684968	0.008262618286	0.2053780058	0.03839392096
	0.1548547728	0.05326852739	0.07815474602	0.03606547381	-0.03596865272
	-0.02066212458	-0.2009270034	-0.09249829951	-0.4084416273	-0.09893511883
	-0.5156678631	-0.03720463831	-0.3518288104	-0.003248010815	-0.10508705
	9.451037305e-34	-2.49470382e-33	1.185980165e-33	9.612681177e-34	-0.002399594906
	0.04697185452	-0.01873586063	0.1503323481	-0.0473106754	0.2223982082
	-0.04273521895	0.2268081374	0.009247939741	0.1957513178	0.08589456057
	0.1575575946	0.162079598	0.1158051849	0.2164043556	0.06274817747
	0.228932902	-0.0124422836	0.1815811028	-0.1242292792	0.06749753063
	-0.2987823311	-0.05130961817	-0.5140753813	-0.04285964951	-0.4673157665
	-0.004735718425	-0.158548381	3.006856706e-33	-3.342420044e-33	1.578854408e-33
	1.595537657e-33	-0.007331909107	0.08805604403	-0.0499832804	0.221037394
	-0.07379212714	0.2275938633	0.005603021616	0.1659061223	0.1319342092
	0.1166579416	0.2598712801	0.08426272412	0.3687809461	0.05851390026
	0.4450751028	0.03062993675	0.4727690219	-0.006406606913	0.4331677845
	-0.06047493776	0.3071310443	-0.1530551541	0.09187290315	-0.3504405432
	-0.04248634397	-0.5140503733	-0.009156780024	-0.2216099491	6.102905579e-33
	-3.866131681e-33	2.312004085e-33	2.402845706e-33	0.004636604149	0.1730774645
	-0.05392693419	0.250769726	0.1234762129	0.1277222413	0.3233921266
	0.06157001208	0.4750186076	0.03550894081	0.5874428327	0.0233052302
	0.6703011738	0.01506741853	0.7224873777	0.006753028313	0.7362747011
	-0.003913450569	0.7009634141	-0.01922090218	0.602767788	-0.04643132046
	0.4042457481	-0.1193543681	0.05500037921	-0.371537937	-0.02856145567
	-0.3371450984	8.529004229e-33	-5.042340639e-33	8.519803775e-33	2.373576011e-33
	0.0663789655	0.1866268741	0.4830688084	0.04932039806	0.6990455438
	0.01604067067	0.8004329456	0.005515813284	0.8545529869	0.002468890631
	0.8906815482	0.001733706487	0.9155554293	0.001000661061	0.9294513178
	0.00029976628	0.9300503569	-0.0005850716064	0.9141843147	-0.001880643477
	0.8775117346	-0.004322646803	0.8010416873	-0.01241428354	0.6037336804
	-0.05750244906	0.08945841833	-0.2437224046	1.151322888e-32	-4.807802611e-33
	  1	-7.363995816e-33	  1	-3.962043487e-33	  1
	-3.589548629e-34	  1	-1.752028747e-34	  1	1.340397175e-34
	  1	2.879108661e-34	  1	-1.479060274e-34	  1
	-9.990537738e-34	  1	-1.760039354e-33	  1	-1.688911265e-33
	  1	-2.699379562e-34	  1	2.302012745e-33	  1
	5.113231236e-33	  1	7.472685315e-33	  1	7.715487168e-33
	  1	9.69538784e-33	512	
	-3.510940108e-35	-3.510940108e-35	1.404973031e-37	-1.391424805e-34	1.445463574e-36
	-2.702101223e-34	-1.992875806e-36	-3.754406029e-34	-2.555704968e-35	-4.498237032e-34
	-7.664530583e-35	-5.088503059e-34	-1.440816962e-34	-5.741817298e-34	-1.969250481e-34
	-6.647271241e-34	-1.950476947e-34	-7.656589635e-34	-1.304166494e-34	-8.056835796e-34
	-4.901049951e-35	-7.332898711e-34	-1.385178947e-36	-5.874223152e-34	7.437268276e-36
	-4.334798667e-34	2.377933222e-36	-2.919752447e-34	2.934289815e-38	-1.496222008e-34
	3.78531739e-35	-3.78531739e-35	-1.386801314e-34	-1.407151142e-37	1.686572509e-05
	-1.662572296e-05	8.347119093e-05	-3.820349624e-06	-0.0002484045132	6.452682615e-05
	-0.001548557411	0.0001275143563	-0.003798603431	0.0001476846401	-0.006407681118
	0.0001158316206	-0.008314393691	3.522987999e-05	-0.008218078103	-7.377420383e-05
	-0.005792040281	-0.0001625689199	-0.002494162404	-0.0001680931693	-0.0002340316893
	-9.149700426e-05	0.0004124913601	-1.754483193e-06	0.0002021457715	4.073598523e-05
	1.2711345e-05	1.275546255e-05	1.498946333e-34	2.943305902e-38	-2.732637792e-34
	-1.473399797e-36	2.616026443e-06	-8.430135656e-05	-0.0001802986939	0.0001727786018
	-0.001878923639	0.001061489703	-0.006829945219	0.001939349918	-0.01506182691
	0.002296606795	-0.02446243053	0.001987517441	-0.03114063149	0.0008293355627
	-0.03063415811	-0.001036970622	-0.02208637985	-0.002575618961	-0.01055493265
	-0.002667336322	-0.002396274339	-0.001485202663	0.0004606300714	-0.0001706288205
	0.0003957291733	0.0003869066253	4.169590555e-05	0.0002025009342	2.939742251e-34
	2.365319626e-36	-4.108090815e-34	2.436916834e-36	-8.125921218e-05	0.0002866700623
	-0.0012214053	0.001986960103	-0.00592096541	0.00552218413	-0.01663503919
	0.008981799443	-0.03317247209	0.01040351923	-0.05150524795	0.008875519417
	-0.06415492722	0.003577961679	-0.06311789403	-0.004591574382	-0.0472398665
	-0.01117137294	-0.0254661601	-0.01176577985	-0.008959112226	-0.007169522916
	-0.001610403508	-0.001944485724	-1.581379513e-05	0.0005691378581	1.307029987e-05
	0.0004706870333	4.138273373e-34	8.3036444e-36	-5.478174937e-34	3.368225308e-35
	-0.0001934989054	0.001999755402	-0.00272650808	0.00821509374	-0.01176078203
	0.01748979303	-0.03000036351	0.02569040116	-0.0562531204	0.02875011206
	-0.08459441744	0.02413138619	-0.1045098298	0.009786026572	-0.1047771795
	-0.01166004659	-0.08272514318	-0.0293444891	-0.04942009788	-0.03241922375
	-0.02127278021	-0.02203770076	-0.006152867319	-0.00897976718	-0.001019800193
	-0.001464242804	-4.699020516e-05	0.0001954814744	4.820456333e-34	7.261523361e-36
	-6.445834545e-34	1.189723434e-34	-0.0002972642451	0.005772943435	-0.004247846675
	0.02126498982	-0.0177942632	0.04067639889	-0.04389180677	0.05587463712
	-0.08020387775	0.06081400153	-0.1196543158	0.05123753912	-0.1503890342
	0.0230800471	-0.158087261	-0.01984120558	-0.1344087972	-0.05874252817
	-0.08791520475	-0.07105169456	-0.04204090038	-0.05414304193	-0.0137605231
	-0.02744597486	-0.002612985943	-0.008805195226	-0.0001446472977	-0.001404477786
	4.759948206e-34	-2.179964292e-35	-6.196462862e-34	2.668971469e-34	-0.0003560572853
	0.01162390493	-0.005239485409	0.04124247988	-0.02182155684	0.07532703031
	-0.05346115559	0.09986005687	-0.09747516426	0.1074552073	-0.1471693537
	0.0931743171	-0.191975638	0.05006247948	-0.2161457629	-0.02066912254
	-0.2023104221	-0.09563203712	-0.1472422095	-0.134183381	-0.07752444297
	-0.1161826913	-0.02744217933	-0.06786423479	-0.005543228171	-0.02664546857
	-0.0003341992755	-0.005628867271	3.689819291e-34	-1.147225944e-34	-3.947574324e-34
	4.446654675e-34	-0.0003366709337	0.01843227325	-0.00510014735	0.06456660752
	-0.02145050688	0.1158971907	-0.0530920312	0.1514040541	-0.09759390311
	0.162748458	-0.1493623167	0.146073092	-0.2015016767	0.09229509055
	-0.2427371202	-0.003468220494	-0.2538377271	-0.1235845783	-0.2136997749
	-0.2154006136	-0.1294689869	-0.2194481464	-0.05098656699	-0.1463177542
	-0.01107330675	-0.064741238	-0.0007063290447	-0.0152245148	1.438217466e-34
	-3.407870148e-34	9.786467835e-36	5.867473802e-34	-0.0002638943332	0.02432091994
	-0.003824819546	0.0851646768	-0.01639694301	0.1525744165	-0.04114162949
	0.1983779863	-0.07502002469	0.2127789102	-0.1126559046	0.1949806975
	-0.1516800927	0.1375286156	-0.1914555542	0.03217564844	-0.2261700688
	-0.1164645502	-0.2316486007	-0.2729675558	-0.1749326528	-0.3461001849
	-0.08195228675	-0.2728273727	-0.01979858718	-0.13544803	-0.001347258018
	-0.03436601466	-1.163190902e-34	-7.92208815e-34	4.509514181e-34	6.518371362e-34
	-0.0002413181872	0.02830511114	-0.002728748876	0.09942887545	-0.01123241914
	0.1778678323	-0.02540723653	0.2286504711	-0.03894236978	0.2408963028
	-0.04733455748	0.2195475728	-0.05463970539	0.1637683802	-0.07126860681
	0.06741903934	-0.106937783	-0.07416394495	-0.1545202091	-0.2593400255
	-0.1674672942	-0.4282403379	-0.1047353063	-0.424492812	-0.0302478746
	-0.2433437275	-0.002268238265	-0.0667116679	-9.278245886e-35	-1.5093169e-33
	7.876617824e-34	6.792737517e-34	-0.0004424810153	0.03241815758	-0.005131116011
	0.1126318482	-0.01593911422	0.1948218187	-0.02135357627	0.2373973116
	-0.008240921676	0.2363831702	0.02125085546	0.2072460594	0.05309141188
	0.1563390169	0.06888738236	0.07968571171	0.05181954113	-0.03129481806
	-0.005288952395	-0.191844708	-0.08174304879	-0.4034569735	-0.09805982307
	-0.5303405362	-0.03862466116	-0.3695663248	-0.003419255843	-0.1109166286
	8.045383555e-34	-2.344315671e-33	1.019734568e-33	8.172797763e-34	-0.002258862515
	0.04494430635	-0.01738518771	0.1442801442	-0.04305502983	0.2151706401
	-0.03615086267	0.2226186718	0.01608262592	0.1950661784	0.09192168456
	0.1586735963	0.1670355191	0.1172487749	0.2201949264	0.0645736535
	0.2325256055	-0.00867091907	0.1881024954	-0.1174093412	0.07852839465
	-0.2895493097	-0.04503592242	-0.5159300691	-0.04331221869	-0.4856131593
	-0.004937897969	-0.1665190778	2.798845597e-33	-3.129568111e-33	1.335335867e-33
	1.363829036e-33	-0.007224054524	0.08447799682	-0.04872841491	0.2119139263
	-0.07378739593	0.2200650734	0.0008557077737	0.1633142115	0.1232245986
	0.1171264749	0.2498865766	0.0859203399	0.3593156162	0.06031979999
	0.436912237	0.03240358646	0.4670046829	-0.004202774832	0.431998628
	-0.05756597339	0.3126253496	-0.1484156992	0.1020297311	-0.3437272786
	-0.04070039785	-0.5254174958	-0.009213924831	-0.2307000962	5.791259045e-33
	-3.593007141e-33	1.953181472e-33	2.077738467e-33	0.005407359997	0.1681304981
	-0.05693691858	0.2449732486	0.1117535841	0.1261503931	0.3073144682
	0.06172277386	0.4590379968	0.03624274312	0.5739513984	0.02417490052
	0.6599039447	0.015809609	0.7148919626	0.007332454697	0.7312258158
	-0.003409714041	0.6985522877	-0.01883086777	0.6029969469	-0.04587634697
	0.4095953073	-0.1162966403	0.06272126461	-0.3708475572	-0.02882335462
	-0.346141132	8.095134287e-33	-4.618432084e-33	7.41229268e-33	2.091371559e-33
	0.0642701515	0.1851544407	0.4756060532	0.04971155557	0.6917918774
	0.01613474974	0.7938560796	0.005449429431	0.8489658203	0.002548876935
	0.886523072	0.001806373673	0.9126748579	0.001048718167	0.9274817235
	0.0003308249492	0.9286524936	-0.0005809515585	0.9130674229	-0.001913991683
	0.8762602599	-0.004362710327	0.8006076176	-0.01235615621	0.6086417976
	-0.05710691715	0.0919736844	-0.2450428477	1.072600139e-32	-4.316994898e-33
	  1	-6.486236722e-33	  1	-3.385302527e-33	  1
	-2.134169009e-34	  1	-7.852274021e-35	  1	2.263428355e-34
	  1	3.748794358e-34	  1	-7.040747779e-35	  1
	-9.385658953e-34	  1	-1.71839275e-33	  1	-1.680339139e-33
	  1	-3.255494861e-34	  1	2.175130559e-33	  1
	4.93884534e-33	  1	7.216251149e-33	  1	7.335230059e-33
	  1	8.779280281e-33	