/*--------------------------------*- C++ -*----------------------------------*\
| =========                 |                                                 |
| \\      /  F ield         | OpenFOAM: The Open Source CFD Toolbox           |
|  \\    /   O peration     | Version:  v1806                                 |
|   \\  /    A nd           | Web:      www.OpenFOAM.com                      |
|    \\/     M anipulation  |                                                 |
\*---------------------------------------------------------------------------*/
FoamFile
{
    version     2.0;
    format      ascii;
    class       volScalarField;
    location    "321";
    object      p;
}
// * * * * * * * * * * * * * * * * * * * * * * * * * * * * * * * * * * * * * //

dimensions      [0 2 -2 0 0 0 0];


internalField   nonuniform List<scalar> 
10720
(
-1197.39
-1660.33
-2201.43
-2717.89
-3176.07
-3636.45
-4030.39
-4345.75
-4609.98
-4802.35
-4935.8
-5024.17
-5073.38
-5085.46
-5062.92
-5003.47
-4914.32
-4788.34
-4632.8
-4440.01
-4216.35
-3957.25
-3675.83
-3377.5
-3082.52
-2820.28
-2584.55
-2354.01
-2126.65
-1903.57
-1683.6
-1465.8
-1249.47
-1033.19
-815.35
-589.606
-353.791
-74.9011
200.252
-717.076
-276.146
216.82
694.567
1123.17
1478.11
1737.24
1885.01
1934.79
1923.72
1859.04
1754.58
1636.63
1517.27
1400.47
1286.7
1177.89
1073.02
971.088
869.701
768.637
666.277
563.058
461.041
370.203
296.455
234.577
182.642
140.712
109.162
87.6368
75.5062
72.2728
77.9592
92.6753
118.585
158.947
233.396
366.924
-318.362
-675.006
-1067.2
-1474.94
-1886.24
-2300.48
-2694.67
-3056.9
-3384.67
-3668.53
-3909.29
-4107.08
-4261.15
-4372.42
-4440.15
-4465.13
-4450.93
-4394.84
-4300.38
-4164.36
-3990.72
-3778.38
-3537.67
-3275.56
-3010.28
-2767.09
-2543.07
-2321.5
-2101.04
-1883.34
-1667.74
-1453.5
-1240.06
-1026.09
-810.042
-585.672
-350.912
-72.4875
198.349
6.97678
321.666
642.672
963.359
1259.37
1515.2
1712.35
1835.85
1888.26
1883.03
1828.95
1741.82
1638.78
1529.48
1418.56
1308.22
1200.51
1095.57
992.864
890.951
789.461
687.405
585.232
485.104
394.824
319.469
255.541
201.441
157.35
123.655
100.049
86.0254
81.1337
85.3574
98.8407
123.771
163.36
237.353
365.029
-179.592
-500.084
-854.28
-1240.06
-1632.99
-2028.29
-2417
-2782.52
-3115.66
-3411.73
-3663.74
-3869.31
-4029.77
-4148.11
-4224.96
-4261.68
-4259.12
-4216.72
-4136.13
-4016.46
-3859.98
-3667.43
-3446.51
-3204.86
-2957.45
-2724.9
-2507.68
-2292.83
-2078.22
-1865.31
-1653.66
-1442.61
-1231.7
-1019.72
-805.224
-582.079
-348.315
-70.9558
197.211
114.342
406.828
704.961
995.93
1258.39
1482.79
1655.95
1767.56
1820.97
1824.39
1784.28
1712.71
1621.83
1520.75
1415.27
1308.63
1203.07
1099.46
997.672
896.803
796.377
695.78
595.389
497.188
407.39
330.935
265.965
210.962
166
131.402
106.906
92.0534
86.3996
89.9249
102.822
127.289
166.534
239.869
361.99
45.8608
-223.337
-526.259
-854.652
-1194.56
-1544.82
-1895.1
-2234.59
-2555.21
-2850.68
-3114.79
-3344.07
-3537.15
-3693.57
-3812.5
-3892.65
-3932.23
-3930.62
-3888.12
-3804.61
-3681.59
-3520.88
-3328.87
-3113.66
-2888.26
-2670.29
-2463.05
-2257.04
-2049.82
-1842.9
-1636.2
-1429.2
-1221.55
-1012.17
-799.699
-578.186
-345.798
-70.2347
195.339
290.006
528.799
773.33
1016.49
1238.4
1431.88
1585.15
1688.24
1743.1
1754.46
1726.82
1669.73
1592.39
1502.63
1406.06
1306.17
1205.34
1104.95
1005.35
906.147
807.075
707.888
609.037
512.417
423.175
345.968
280.008
223.917
177.739
141.828
116.014
99.8828
93.0453
95.5109
107.526
131.289
169.948
242.21
358.859
134.733
-105.509
-377.161
-674.269
-982.911
-1305.06
-1632.14
-1953.93
-2264.15
-2556.12
-2823.24
-3061.11
-3266.42
-3436.77
-3570.29
-3665.02
-3720.07
-3734.86
-3709.34
-3643.95
-3539.77
-3398.99
-3226.92
-3031.25
-2823.24
-2617.55
-2418.85
-2220.47
-2019.93
-1818.63
-1616.8
-1413.98
-1209.84
-1003.38
-793.283
-573.787
-343.196
-70.0518
192.07
353.364
566.055
784.08
1000.16
1196.8
1369.56
1508.49
1605.44
1661.3
1678.97
1662.26
1618.27
1553.95
1475.68
1388.57
1296.09
1200.8
1104.42
1007.73
910.843
813.738
716.45
619.533
524.789
436.527
359.011
292.3
235.329
188.162
151.175
124.272
107.09
99.2874
100.885
112.163
135.307
173.377
244.423
355.553
205.482
-7.2832
-249.504
-514.305
-789.874
-1080.08
-1376.72
-1671.75
-1960.46
-2236.59
-2494.44
-2729.68
-2938.36
-3117.29
-3263.99
-3376.27
-3452.62
-3491.36
-3491.19
-3451.87
-3373.84
-3259.01
-3111.78
-2939.22
-2751.18
-2560.08
-2371.6
-2181.75
-1988.46
-1793.14
-1596.34
-1397.77
-1197.24
-993.816
-786.283
-569.066
-340.637
-70.5851
187.415
398.905
586.104
779.127
971.636
1147.42
1303.43
1430.87
1522.76
1579.06
1601.6
1593.83
1561.05
1508.6
1441.56
1364.36
1280.2
1191.59
1100.39
1007.69
913.974
819.506
724.57
629.841
537.068
449.956
372.402
305.108
247.38
199.297
161.255
133.235
114.942
106.083
106.701
117.125
139.53
176.875
246.442
351.97
242.254
50.055
-169.457
-409.795
-659.574
-924.269
-1196.57
-1469.34
-1739.39
-2001.02
-2249.2
-2479.91
-2688.9
-2872.48
-3027.58
-3151.4
-3241.04
-3294.69
-3310.55
-3288.34
-3228.44
-3132.64
-3004.73
-2851.05
-2680.13
-2502.35
-2323.65
-2142.1
-1956.03
-1766.76
-1575.05
-1380.83
-1183.98
-983.692
-778.856
-564.124
-338.204
-71.9134
181.414
417.095
585.63
760.06
934.459
1093.98
1236.65
1354.79
1442.25
1498.43
1524.64
1524.01
1500.63
1458.64
1402.07
1334.58
1258.96
1177.53
1092.17
1004.14
914.203
822.89
730.712
638.467
547.862
462.16
384.929
317.327
259.031
210.171
171.174
142.106
122.75
112.869
112.534
122.116
143.767
180.325
248.193
348.129
263.881
89.4066
-110.437
-329.113
-555.929
-797.239
-1046.26
-1296.8
-1546.69
-1791.04
-2025.43
-2246.44
-2450.05
-2632.49
-2790.43
-2920.69
-3020.23
-3087.01
-3118.87
-3114.72
-3074.35
-2998.94
-2891.53
-2757.56
-2604.42
-2440.85
-2272.85
-2100.21
-1921.83
-1738.99
-1552.69
-1363.06
-1170.08
-973.073
-771.071
-559.003
-335.904
-73.9879
174.114
422.759
575.458
734.217
893.534
1039.62
1171.14
1281.51
1364.96
1420.5
1449.42
1454.39
1438.72
1405.73
1358.6
1300.3
1233.15
1159.18
1080.17
997.421
911.875
824.262
735.281
645.843
557.623
473.579
396.99
329.334
270.641
221.133
181.269
151.207
130.812
119.91
118.599
127.295
148.119
183.777
249.701
344.067
273.141
113.37
-69.9469
-270.456
-477.883
-699.057
-927.84
-1158.62
-1390.14
-1618.1
-1838.75
-2049.28
-2245.95
-2425.17
-2583.57
-2717.81
-2824.59
-2901.27
-2945.34
-2955.16
-2930.27
-2871.6
-2781.6
-2664.95
-2527.97
-2377.94
-2220.56
-2056.81
-1886.21
-1709.98
-1529.28
-1344.43
-1155.52
-961.976
-762.965
-553.733
-333.699
-76.6847
165.652
418.782
558.452
704.233
850.968
985.766
1107.88
1211.6
1291.35
1345.9
1376.72
1386.02
1376.62
1351.24
1312.43
1262.58
1203.53
1137.03
1064.61
987.544
906.843
823.375
737.978
651.65
566.051
483.914
408.284
340.845
281.959
231.954
191.338
160.359
138.97
127.067
124.78
132.571
152.519
187.182
250.943
339.782
274.739
127.632
-41.3617
-226.025
-416.533
-619.921
-830.473
-1043.14
-1257.3
-1469.16
-1675.6
-1874.35
-2062.05
-2235.49
-2391.4
-2526.39
-2637.11
-2720.75
-2774.73
-2796.92
-2786.42
-2743.63
-2670.35
-2570.44
-2449.21
-2312.7
-2166.21
-2011.61
-1849.01
-1679.62
-1504.74
-1324.88
-1140.23
-950.357
-754.534
-548.339
-331.569
-79.9044
156.252
409.025
537.561
672.262
808.245
933.39
1047.38
1145.27
1221.55
1274.9
1306.94
1319.56
1315.19
1296.17
1264.58
1222.33
1170.88
1111.61
1045.84
974.706
899.199
820.255
738.793
655.877
573.145
493.167
418.803
351.863
292.993
242.654
201.408
169.593
147.26
134.377
131.113
137.971
156.982
190.542
251.928
335.287
270.945
134.784
-21.7692
-192.647
-368.383
-556.142
-750.545
-947.006
-1145.29
-1342.07
-1534.83
-1721.76
-1899.87
-2066.34
-2218.16
-2352.08
-2464.77
-2553.25
-2614.83
-2647.02
-2648.49
-2619.31
-2560.77
-2475.98
-2369.35
-2245.82
-2110.17
-1964.8
-1810.31
-1647.94
-1479.08
-1304.4
-1124.22
-938.202
-745.769
-542.832
-329.524
-83.5969
146.103
395.414
514.382
639.509
766.19
882.936
989.858
1082.52
1155.5
1207.55
1240.28
1255.4
1255.04
1241.3
1215.89
1180.38
1135.88
1083.49
1024.25
959.125
889.031
814.894
737.67
658.437
578.805
501.235
428.43
362.271
303.64
253.14
211.4
178.845
155.629
141.796
137.561
143.464
161.481
193.837
252.653
330.602
263.574
137.022
-8.57436
-167.294
-330.015
-503.899
-683.853
-865.658
-1049.4
-1232.12
-1411.75
-1586.91
-1755.01
-1913.63
-2060.03
-2191.15
-2303.84
-2395.09
-2462.16
-2502.47
-2514.22
-2497.13
-2451.99
-2381.19
-2288.31
-2177.34
-2052.48
-1916.4
-1770.13
-1614.94
-1452.28
-1282.99
-1107.46
-925.505
-736.667
-537.223
-327.593
-87.7485
135.316
379.453
490.063
606.813
725.31
834.674
935.351
1023.25
1093.11
1143.76
1176.8
1193.75
1196.59
1187.17
1167.01
1137.4
1099.19
1053.2
1000.24
941.068
876.485
807.355
734.607
659.296
582.993
508.068
437.101
372.002
313.84
263.364
221.274
188.088
164.057
149.313
144.118
149.045
166.008
197.055
253.124
325.743
253.829
135.762
-0.104933
-148.031
-299.209
-460.728
-627.751
-796.333
-966.829
-1136.61
-1303.91
-1467.73
-1625.84
-1776.18
-1916.37
-2043.61
-2154.91
-2247.37
-2318.17
-2364.81
-2385.05
-2378.31
-2344.96
-2286.79
-2206.61
-2107.6
-1993.31
-1866.52
-1728.52
-1580.65
-1424.36
-1260.63
-1089.96
-912.26
-727.231
-531.521
-325.806
-92.3435
123.947
362.087
465.357
574.669
685.904
788.695
883.8
967.347
1034.23
1083.43
1116.45
1134.73
1140.07
1134.2
1118.46
1093.96
1061.36
1021.24
974.212
920.838
861.757
797.731
729.62
658.427
585.662
513.608
444.741
380.972
323.515
273.255
230.972
197.271
172.506
156.896
150.758
154.691
170.545
200.182
253.347
320.73
242.565
132.063
4.90727
-133.357
-274.215
-424.651
-580.051
-736.68
-895.126
-1052.99
-1208.77
-1361.77
-1510.1
-1652.03
-1785.51
-1908.03
-2016.82
-2109.12
-2182.12
-2233.47
-2260.64
-2262.73
-2239.77
-2192.97
-2124.51
-2036.82
-1932.84
-1815.25
-1685.55
-1545.08
-1395.32
-1237.32
-1071.69
-898.461
-717.459
-525.726
-324.189
-97.3678
112.044
344.017
440.739
543.429
648.138
745.032
835.085
914.616
978.692
1026.39
1059.17
1078.37
1085.65
1082.67
1070.64
1050.53
1022.87
988.081
946.577
898.747
845.06
786.148
722.77
655.845
586.796
517.815
451.29
389.111
332.596
282.75
240.437
206.35
180.941
164.519
157.46
160.385
175.077
203.204
253.33
315.582
230.381
126.689
7.37935
-122.177
-253.765
-394.224
-539.113
-684.936
-832.392
-979.288
-1124.37
-1267.18
-1406.1
-1539.72
-1666.25
-1783.52
-1888.97
-1980.06
-2054.04
-2108.7
-2141.35
-2150.83
-2136.84
-2100.16
-2042.38
-1965.29
-1871.25
-1762.72
-1641.29
-1508.28
-1365.17
-1213.06
-1052.66
-884.104
-707.351
-519.841
-322.741
-102.806
99.6594
325.716
416.557
513.271
612.089
703.643
789.081
864.893
926.296
972.477
1004.84
1024.63
1033.41
1032.77
1023.84
1007.49
984.155
954.143
917.716
875.107
826.626
772.761
714.146
651.588
586.392
520.66
456.697
396.353
341.011
291.782
249.611
215.273
189.319
172.148
164.196
166.106
179.583
206.108
253.084
310.324
217.715
120.199
8.00002
-113.662
-236.876
-368.288
-503.645
-639.652
-777.078
-913.907
-1049.09
-1182.36
-1312.31
-1437.81
-1557.37
-1669.05
-1770.58
-1859.61
-1933.56
-1990.28
-2027.16
-2042.7
-2036.39
-2008.63
-1960.52
-1893.3
-1808.76
-1709.09
-1595.83
-1470.31
-1333.95
-1187.87
-1032.88
-869.188
-696.903
-513.864
-321.464
-108.624
86.8464
307.511
393.036
484.324
577.767
664.461
745.65
817.991
876.87
921.529
953.333
973.461
983.378
984.62
978.262
965.115
945.546
919.786
887.976
850.227
806.705
757.75
703.858
645.704
584.466
522.135
460.927
402.641
348.697
300.287
258.433
223.989
197.598
179.748
170.939
171.829
184.046
208.883
252.622
304.978
204.889
112.992
7.2744
-107.185
-222.795
-345.968
-472.659
-599.713
-727.969
-855.575
-981.616
-1105.96
-1227.44
-1345.12
-1457.78
-1563.73
-1660.95
-1747.31
-1820.4
-1878.15
-1918.11
-1938.53
-1938.7
-1918.71
-1879.26
-1821.13
-1745.6
-1654.5
-1549.29
-1431.24
-1301.68
-1161.77
-1012.34
-853.713
-686.119
-507.795
-320.347
-114.781
73.6587
289.63
370.322
456.648
545.161
627.414
704.659
773.743
830.232
873.373
904.527
924.786
935.544
938.296
934.075
923.64
907.333
885.326
857.682
824.407
785.551
741.312
692.045
638.283
581.059
522.241
463.952
407.927
355.592
308.201
266.843
232.442
205.73
187.28
177.656
177.529
188.445
211.515
251.956
299.568
192.127
105.373
5.61188
-102.269
-210.918
-326.581
-445.341
-564.219
-684.075
-803.198
-920.787
-1036.84
-1150.35
-1260.6
-1366.53
-1466.71
-1559.39
-1642.61
-1714.19
-1772.1
-1814.17
-1838.4
-1843.93
-1830.64
-1798.89
-1749.06
-1681.99
-1599.13
-1501.79
-1391.14
-1268.43
-1134.78
-991.061
-837.686
-675
-501.629
-319.381
-121.23
60.1661
272.231
348.498
430.264
514.238
592.392
665.974
731.993
786.2
827.857
858.282
878.517
889.882
893.837
891.38
883.239
869.742
851.03
827.113
797.922
763.408
723.647
678.857
629.424
576.227
521
465.763
412.174
361.645
315.467
274.781
240.577
213.666
194.702
184.312
183.177
192.759
213.995
251.104
294.122
179.589
97.571
3.28767
-98.526
-200.805
-309.565
-421.058
-532.43
-644.587
-755.903
-865.692
-974.042
-1080.1
-1183.27
-1282.73
-1377.22
-1465.22
-1545
-1614.55
-1671.96
-1715.25
-1742.35
-1752.26
-1744.67
-1719.68
-1677.37
-1618.18
-1543.18
-1453.48
-1350.13
-1234.25
-1106.94
-969.065
-821.116
-663.546
-495.364
-318.55
-127.918
46.436
255.423
327.616
405.174
484.946
559.291
629.458
692.589
744.62
784.815
814.463
834.549
846.334
851.239
850.236
844.032
832.953
817.12
796.517
771.024
740.514
704.959
664.451
619.237
570.041
518.449
466.362
415.357
366.812
322.028
282.189
248.337
221.354
201.97
190.87
188.742
196.967
216.313
250.081
288.666
167.395
89.7548
0.534269
-95.679
-192.084
-294.496
-399.293
-503.773
-608.841
-712.966
-815.538
-916.739
-1015.82
-1112.32
-1205.58
-1294.52
-1377.83
-1453.97
-1521.12
-1577.46
-1621.26
-1650.41
-1663.8
-1660.99
-1641.88
-1606.32
-1554.39
-1486.83
-1404.5
-1308.3
-1199.23
-1078.3
-946.379
-804.017
-651.765
-488.991
-317.836
-134.791
32.5398
239.273
307.703
381.358
457.225
528.023
594.981
655.389
705.341
744.109
772.948
792.796
804.846
810.49
810.684
806.113
797.105
783.781
766.108
743.938
717.09
685.45
649
607.859
562.596
514.639
465.767
417.464
371.055
327.836
289.011
255.667
228.743
209.037
197.289
194.194
201.045
218.459
248.904
283.225
155.622
82.0446
-2.47239
-93.494
-184.475
-281.017
-379.639
-477.762
-576.291
-673.777
-769.69
-864.252
-956.826
-1047.06
-1134.42
-1218
-1296.65
-1369.03
-1433.49
-1488.37
-1532.06
-1562.55
-1578.64
-1579.76
-1565.72
-1536.15
-1490.88
-1430.29
-1355.02
-1265.78
-1163.44
-1048.91
-923.036
-786.405
-639.659
-482.501
-317.21
-141.788
18.5569
223.831
288.765
358.786
431.006
498.488
562.437
620.268
668.235
705.61
733.615
753.149
765.349
771.565
772.737
769.537
762.3
751.155
736.064
716.865
693.34
665.312
632.676
595.428
553.99
509.634
464.006
418.493
374.351
332.848
295.197
262.512
235.779
215.855
203.529
199.499
204.971
220.425
247.59
277.827
144.329
74.5336
-5.60727
-91.7965
-177.745
-268.849
-361.752
-454
-546.474
-637.827
-727.572
-815.984
-902.493
-986.845
-1068.63
-1147.05
-1221.14
-1289.72
-1351.32
-1404.4
-1447.48
-1478.72
-1496.81
-1501.12
-1491.38
-1467.1
-1427.86
-1373.77
-1305.2
-1222.71
-1126.99
-1018.85
-899.077
-768.304
-627.235
-475.885
-316.645
-148.846
4.57019
209.115
270.792
337.413
406.223
470.594
531.708
587.099
633.162
669.185
696.351
715.52
727.767
734.417
736.387
734.339
728.618
719.36
706.534
689.977
669.451
644.733
615.644
582.084
544.334
503.511
461.127
418.457
376.684
337.032
300.701
268.82
242.41
222.375
209.545
204.622
208.721
222.204
246.156
272.496
133.55
67.2837
-8.76557
-90.4457
-171.724
-257.764
-345.362
-432.161
-519.035
-604.697
-688.729
-771.422
-852.285
-931.131
-1007.64
-1081.15
-1150.83
-1215.62
-1274.24
-1325.29
-1367.38
-1398.85
-1418.34
-1425.18
-1419.04
-1399.36
-1365.55
-1317.46
-1255.23
-1179.22
-1089.98
-988.18
-874.554
-749.738
-614.501
-469.129
-316.106
-155.903
-9.34286
195.131
253.772
317.204
382.811
444.257
502.692
555.769
600.009
634.714
661.045
679.805
692.026
698.999
701.622
700.537
696.106
688.48
677.636
663.418
645.583
623.879
598.07
567.972
533.748
496.361
457.183
417.382
378.052
340.36
305.481
274.541
248.584
228.548
215.293
209.527
212.272
223.789
244.616
267.257
123.307
60.344
-11.8742
-89.3349
-166.254
-247.579
-330.239
-411.977
-493.646
-574.04
-652.769
-730.152
-805.749
-879.443
-950.993
-1019.83
-1085.25
-1146.32
-1201.91
-1250.76
-1291.54
-1322.83
-1343.21
-1351.99
-1348.82
-1333.12
-1304.16
-1261.57
-1205.29
-1135.47
-1052.53
-956.991
-849.521
-730.743
-601.465
-462.221
-315.552
-162.892
-23.0968
181.882
237.673
298.113
360.711
419.398
475.289
526.167
568.659
602.097
627.595
645.919
658.053
665.255
668.401
668.126
664.799
658.58
649.467
637.314
621.882
602.903
580.104
553.236
522.353
488.277
452.239
415.3
378.461
342.819
309.505
279.634
254.253
234.324
220.729
214.179
215.601
225.174
242.986
262.131
113.605
53.7475
-14.8746
-88.3802
-161.219
-238.143
-316.193
-393.217
-470.051
-545.545
-619.346
-691.787
-762.485
-831.369
-898.254
-962.671
-1024
-1081.46
-1134.01
-1180.53
-1219.8
-1250.55
-1271.38
-1281.6
-1280.85
-1268.55
-1243.87
-1206.29
-1155.54
-1091.62
-1014.76
-925.383
-824.043
-711.349
-588.141
-455.14
-314.943
-169.744
-36.6099
169.357
222.473
280.092
339.849
395.927
449.407
498.194
539.019
571.228
595.9
613.769
625.772
633.129
636.697
637.097
634.709
629.707
622.1
611.762
598.468
581.943
561.889
538.01
510.271
479.358
446.372
412.26
377.929
344.399
312.748
284.057
259.37
239.656
225.809
218.539
218.683
226.354
241.278
257.137
104.449
47.5137
-17.7263
-87.5167
-156.533
-229.334
-303.076
-375.702
-448.028
-518.959
-588.178
-656.018
-722.146
-786.535
-849.045
-909.28
-966.719
-1020.67
-1070.22
-1114.36
-1151.95
-1181.89
-1202.82
-1214.04
-1215.22
-1205.77
-1184.85
-1151.79
-1106.17
-1047.81
-976.81
-893.446
-798.187
-691.605
-574.532
-447.878
-314.229
-176.389
-49.7956
157.541
208.137
263.094
320.163
373.772
424.964
471.754
510.985
542.007
565.871
583.273
595.107
602.559
606.463
607.428
605.838
601.882
595.586
586.843
575.443
561.117
543.552
522.421
497.618
469.707
439.659
408.314
376.484
345.106
315.19
287.779
263.894
244.501
230.491
222.572
221.496
227.322
239.501
252.292
95.8338
41.6506
-20.3967
-86.6913
-152.116
-221.05
-290.758
-359.273
-427.39
-494.064
-559.016
-622.572
-684.443
-744.628
-803.037
-859.33
-913.066
-963.64
-1010.25
-1051.98
-1087.79
-1116.71
-1137.44
-1149.29
-1151.96
-1144.91
-1127.26
-1098.25
-1057.33
-1004.2
-938.806
-861.295
-772.03
-671.544
-560.666
-440.412
-313.365
-182.768
-62.572
146.415
194.632
247.071
301.599
352.863
401.881
446.767
484.466
514.346
537.419
554.348
565.986
573.482
577.651
579.088
578.179
575.124
569.966
562.62
552.892
540.527
525.209
506.593
484.515
459.429
432.187
403.524
374.164
344.951
316.825
290.775
267.789
248.815
234.733
226.244
224.017
228.074
237.666
247.609
87.749
36.1678
-22.8695
-85.862
-147.912
-213.21
-279.132
-343.802
-407.981
-470.683
-531.652
-591.218
-649.112
-705.375
-759.938
-812.518
-862.744
-910.087
-953.831
-993.17
-1027.14
-1054.87
-1075.16
-1087.34
-1091.13
-1086.05
-1071.22
-1045.82
-1009.21
-960.956
-900.885
-829.03
-745.654
-651.222
-546.547
-432.73
-312.311
-188.809
-74.8687
135.953
181.924
231.981
284.094
333.133
380.084
423.149
459.381
488.158
510.461
526.917
538.338
545.842
550.215
552.044
551.713
549.434
545.264
539.138
530.883
520.26
506.963
490.635
471.069
448.624
424.04
397.959
371.011
343.955
317.651
293.026
271.022
252.56
238.499
229.522
226.225
228.603
235.776
243.095
80.1808
31.0607
-25.1284
-85.0016
-143.872
-205.751
-268.113
-329.174
-389.667
-448.656
-505.901
-561.741
-615.93
-668.521
-719.484
-768.578
-815.486
-859.745
-900.723
-937.696
-969.791
-996.216
-1015.89
-1028.15
-1032.75
-1029.26
-1016.85
-994.646
-961.941
-918.217
-863.184
-796.77
-719.135
-630.692
-532.199
-424.816
-311.005
-194.456
-86.6137
126.136
169.979
217.774
267.593
314.516
359.496
400.823
435.647
463.363
484.916
500.902
512.093
519.573
524.104
526.254
526.416
524.802
521.489
516.427
509.468
500.391
488.901
474.642
457.379
437.388
415.307
391.689
367.079
342.149
317.677
294.521
273.572
255.706
241.753
232.375
228.099
228.903
233.837
238.755
73.1144
26.3245
-27.1654
-84.0895
-139.958
-198.61
-257.624
-315.294
-372.33
-427.841
-481.608
-533.965
-584.691
-633.854
-681.445
-727.264
-771.04
-812.367
-850.689
-885.354
-915.577
-940.621
-959.532
-971.666
-976.804
-974.593
-964.231
-944.839
-915.666
-876.123
-825.832
-764.624
-692.568
-610.001
-517.645
-416.656
-309.413
-199.645
-97.7388
116.936
158.759
204.408
252.045
296.954
340.053
379.72
413.193
439.887
460.711
476.232
487.185
494.612
499.262
501.68
502.258
501.219
498.644
494.51
488.687
480.975
471.096
458.702
443.54
425.814
406.072
384.786
362.422
339.567
316.92
295.261
275.419
258.225
244.465
234.775
229.621
228.969
231.847
234.588
66.5312
21.9524
-28.979
-83.1084
-136.142
-191.749
-247.607
-302.089
-355.878
-408.13
-458.64
-507.739
-555.229
-601.184
-645.619
-688.365
-729.191
-767.74
-803.518
-835.946
-864.312
-887.935
-905.981
-917.826
-923.285
-922.069
-913.433
-896.505
-870.508
-834.808
-788.957
-732.703
-666.034
-589.216
-502.903
-408.241
-307.49
-204.326
-108.187
108.326
148.233
191.839
237.4
280.387
321.692
359.767
391.949
417.659
437.777
452.838
463.545
470.903
475.636
478.274
479.205
478.658
476.723
473.396
468.568
462.059
453.611
442.891
429.635
413.99
396.42
377.326
357.102
336.255
315.402
295.25
276.557
260.097
246.611
236.699
230.772
228.794
229.805
230.59
60.413
17.9329
-30.569
-82.0489
-132.4
-185.13
-238.01
-289.492
-340.232
-389.423
-436.883
-482.931
-527.393
-570.347
-611.828
-651.691
-689.74
-725.661
-759.017
-789.289
-815.834
-838.025
-855.129
-866.557
-872.16
-871.705
-864.51
-849.728
-826.574
-794.391
-752.679
-701.119
-639.621
-568.388
-488.002
-399.565
-305.198
-208.451
-117.907
100.281
138.368
180.029
223.607
264.764
304.353
340.905
371.847
396.61
416.045
430.657
441.115
448.388
453.174
455.99
457.222
457.094
455.714
453.088
449.128
443.676
436.496
427.273
415.74
401.994
386.429
369.382
351.18
332.259
313.156
294.501
276.982
261.31
248.17
238.127
231.539
228.37
227.707
226.752
54.7387
14.2537
-31.9387
-80.9041
-128.715
-178.722
-228.789
-277.442
-325.311
-371.628
-416.229
-459.421
-501.049
-541.199
-579.912
-617.073
-652.51
-685.952
-717.008
-745.212
-769.985
-790.75
-806.868
-817.788
-823.39
-823.5
-817.497
-804.573
-783.959
-754.98
-717.108
-669.969
-613.417
-547.58
-472.97
-390.619
-302.505
-211.976
-126.85
92.7729
129.126
168.935
210.623
250.03
287.981
323.075
352.824
376.679
395.453
409.626
419.831
427.005
431.824
434.784
436.267
436.501
435.596
433.579
430.376
425.852
419.792
411.902
401.918
389.898
376.173
361.024
344.721
327.631
310.219
293.037
276.702
261.857
249.131
239.043
231.907
227.691
225.544
223.06
49.4878
10.9015
-33.0943
-79.6707
-125.073
-172.503
-219.91
-265.895
-311.057
-354.673
-396.589
-437.104
-476.077
-513.602
-549.728
-584.357
-617.343
-648.451
-677.326
-703.556
-726.619
-745.982
-761.089
-771.432
-776.923
-777.438
-772.415
-761.097
-742.737
-716.67
-682.344
-639.356
-587.501
-526.85
-457.837
-381.412
-299.381
-214.867
-134.983
85.7763
120.479
158.52
198.403
236.138
272.523
306.217
334.824
357.803
375.938
389.681
399.635
406.7
411.531
414.606
416.3
416.842
416.349
414.857
412.314
408.601
403.527
396.819
388.224
377.767
365.721
352.321
337.788
322.426
306.631
290.885
275.729
261.741
249.485
239.437
231.868
226.75
223.309
219.5
44.6409
7.8613
-34.043
-78.3483
-121.466
-166.453
-211.346
-254.809
-297.423
-338.495
-377.889
-415.894
-452.382
-487.448
-521.15
-553.407
-584.094
-613.004
-639.822
-664.176
-685.595
-703.593
-717.69
-727.412
-732.703
-733.488
-729.268
-719.333
-702.972
-679.537
-648.478
-609.366
-561.954
-506.259
-442.636
-371.945
-295.812
-217.099
-142.274
79.2639
112.392
148.749
186.906
223.041
257.927
290.279
317.789
339.927
357.442
370.768
380.471
387.42
392.248
395.413
397.282
398.085
397.946
396.908
394.937
391.932
387.724
382.063
374.706
365.656
355.136
343.339
330.442
316.699
302.44
288.078
274.086
260.971
249.234
239.304
231.415
225.54
220.99
216.05
40.1756
5.11861
-34.7941
-76.9384
-117.886
-160.557
-203.067
-244.149
-284.359
-323.035
-360.06
-395.709
-429.866
-462.631
-494.066
-524.102
-552.633
-579.478
-604.357
-626.934
-646.785
-663.464
-676.56
-685.636
-690.667
-691.617
-688.047
-679.301
-664.708
-643.65
-615.588
-580.078
-536.847
-485.861
-427.404
-362.227
-291.786
-218.651
-148.704
73.211
104.838
139.585
176.093
210.696
244.146
275.211
301.666
322.994
339.912
352.831
362.286
369.113
373.921
377.154
379.169
380.195
380.358
379.711
378.236
375.847
372.396
367.658
361.404
353.614
344.473
334.137
322.746
310.507
297.695
284.657
271.799
259.562
248.385
238.644
230.543
224.055
218.577
212.691
36.0722
2.65774
-35.3571
-75.4447
-114.331
-154.804
-195.057
-233.887
-271.826
-308.248
-343.042
-376.48
-408.451
-439.06
-468.373
-496.331
-522.843
-547.752
-570.806
-591.706
-610.068
-625.481
-637.599
-646.021
-650.748
-651.779
-648.732
-641.005
-627.977
-609.062
-583.737
-551.564
-512.248
-465.714
-412.174
-352.277
-287.294
-219.512
-154.262
67.5928
97.7861
130.995
165.924
199.062
231.134
260.965
286.407
306.953
323.294
335.817
345.027
351.728
356.506
359.786
361.921
363.134
363.555
363.245
362.196
360.342
357.553
353.626
348.349
341.685
333.783
324.771
314.758
303.908
292.446
280.663
268.901
257.537
246.949
237.464
229.254
222.291
216.055
209.397
32.3106
0.463414
-35.7422
-73.8702
-110.797
-149.183
-187.298
-223.997
-259.791
-294.087
-326.784
-358.144
-388.067
-416.656
-443.982
-469.995
-494.619
-517.714
-539.056
-558.374
-575.328
-589.537
-600.707
-608.479
-612.872
-613.923
-611.295
-604.444
-592.795
-575.807
-552.979
-523.884
-488.217
-445.868
-396.986
-342.113
-282.345
-219.679
-158.943
62.3835
91.2091
122.945
156.364
188.099
218.851
247.494
271.962
291.757
307.54
319.677
328.644
335.215
339.952
343.265
345.495
346.865
347.504
347.482
346.801
345.41
343.196
339.98
335.565
329.903
323.112
315.292
306.53
296.954
286.746
276.144
265.431
254.926
244.948
235.774
227.55
220.245
213.414
206.147
28.871
-1.48126
-35.9597
-72.2207
-107.286
-143.687
-179.774
-214.457
-248.225
-280.516
-311.24
-340.647
-368.647
-395.347
-420.813
-445.006
-467.864
-489.262
-509
-526.834
-542.457
-555.526
-565.787
-572.921
-576.969
-577.992
-575.698
-569.598
-559.169
-543.91
-523.352
-497.088
-464.806
-426.372
-381.876
-331.76
-276.948
-219.161
-162.754
57.5609
85.0785
115.407
147.378
177.768
207.253
234.757
258.287
277.358
292.602
304.362
313.091
319.528
324.215
327.546
329.852
331.351
332.175
332.399
332.033
331.04
329.325
326.73
323.073
318.298
312.495
305.747
298.116
289.702
280.648
271.147
261.431
251.762
242.405
233.591
225.439
217.915
210.64
202.915
25.7339
-3.19051
-36.0215
-70.5026
-103.795
-138.312
-172.474
-205.248
-237.101
-267.501
-296.366
-323.938
-350.136
-375.064
-398.79
-421.284
-442.491
-462.302
-480.539
-496.983
-511.356
-523.352
-532.747
-539.266
-542.964
-543.923
-541.896
-536.443
-527.092
-513.384
-494.887
-471.213
-442.06
-407.269
-366.883
-321.245
-271.122
-217.97
-165.707
53.1019
79.3698
108.351
138.936
168.035
196.305
222.712
245.34
263.713
278.434
289.828
298.321
304.622
309.252
312.587
314.951
316.556
317.535
317.965
317.869
317.218
315.934
313.88
310.887
306.893
301.969
296.177
289.562
282.2
274.204
265.723
256.946
248.084
239.351
230.936
222.933
215.302
207.724
199.679
22.8807
-4.68014
-35.9382
-68.7224
-100.329
-133.054
-165.389
-196.355
-226.397
-255.013
-282.128
-307.976
-332.482
-355.75
-377.849
-398.753
-418.419
-436.749
-453.585
-468.729
-481.933
-492.92
-501.497
-507.427
-510.78
-511.654
-509.839
-504.943
-496.546
-484.229
-467.598
-446.291
-420.015
-388.599
-352.042
-310.602
-264.893
-216.129
-167.823
48.9851
74.0568
101.749
131.003
158.866
185.968
211.321
233.08
250.78
264.995
276.032
284.293
290.455
295.02
298.349
300.754
302.444
303.551
304.157
304.288
303.93
303.017
301.429
299.017
295.71
291.562
286.618
280.912
274.5
267.464
259.923
252.024
243.932
235.82
227.834
220.046
212.41
204.655
196.415
20.2928
-5.96469
-35.7209
-66.8868
-96.8878
-127.91
-158.51
-187.764
-216.094
-243.025
-268.492
-292.719
-315.638
-337.35
-357.927
-377.347
-395.574
-412.524
-428.053
-441.985
-454.097
-464.141
-471.95
-477.324
-480.342
-481.116
-479.471
-475.058
-467.505
-456.435
-441.49
-422.338
-398.7
-370.397
-337.391
-299.864
-258.293
-213.667
-169.129
45.1888
69.1167
95.5723
123.553
150.228
176.208
200.548
221.469
238.518
252.243
262.933
270.964
276.987
281.48
284.792
287.224
288.981
290.193
290.943
291.267
291.157
290.561
289.377
287.468
284.764
281.297
277.104
272.207
266.645
260.478
253.797
246.713
239.353
231.85
224.314
216.796
209.244
201.425
193.103
17.9534
-7.05928
-35.3801
-65.003
-93.4741
-122.877
-151.832
-179.462
-206.172
-231.514
-255.428
-278.131
-299.56
-319.817
-338.97
-357.005
-373.892
-389.555
-403.868
-416.672
-427.766
-436.933
-444.023
-448.874
-451.573
-452.24
-450.732
-446.741
-439.935
-429.983
-416.561
-399.367
-378.137
-352.691
-322.964
-289.066
-251.355
-210.619
-169.66
41.6929
64.5262
89.7975
116.556
142.091
166.993
190.357
210.47
226.891
240.141
250.491
258.295
264.176
268.594
271.88
274.326
276.133
277.428
278.299
278.783
278.883
278.556
277.718
276.246
274.065
271.195
267.663
263.483
258.678
253.294
247.394
241.062
234.391
227.48
220.408
213.205
205.814
198.03
189.725
15.8451
-7.97724
-34.9273
-63.0777
-90.0929
-117.956
-145.347
-171.439
-196.617
-220.458
-242.91
-264.179
-284.212
-303.105
-320.928
-337.669
-353.306
-367.773
-380.955
-392.711
-402.862
-411.213
-417.636
-422.001
-424.399
-424.957
-423.56
-419.939
-413.799
-404.848
-392.799
-377.378
-358.34
-335.507
-308.791
-278.246
-244.121
-207.028
-169.456
38.4784
60.2635
84.4003
109.985
134.426
158.291
180.715
200.05
215.863
228.651
238.67
246.249
251.988
256.324
259.575
262.025
263.868
265.228
266.195
266.813
267.087
266.99
266.448
265.35
263.623
261.274
258.321
254.772
250.641
245.956
240.763
235.119
229.093
222.753
216.151
209.297
202.13
194.468
186.267
13.952
-8.73224
-34.3728
-61.1179
-86.7467
-113.143
-139.05
-163.684
-187.414
-209.838
-230.911
-250.833
-269.556
-287.173
-303.753
-319.288
-333.762
-347.116
-359.248
-370.033
-379.31
-386.906
-392.713
-396.626
-398.743
-399.196
-397.893
-394.597
-389.051
-380.996
-370.184
-356.365
-339.316
-318.864
-294.903
-267.44
-236.634
-202.938
-168.56
35.5266
56.3079
79.357
103.816
127.206
150.074
171.592
190.175
205.4
217.74
227.434
234.793
240.386
244.636
247.846
250.29
252.155
253.564
254.608
255.334
255.754
255.848
255.556
254.78
253.445
251.548
249.1
246.104
242.568
238.506
233.948
228.934
223.507
217.712
211.577
205.098
198.207
190.739
182.716
12.2587
-9.33729
-33.7264
-59.1305
-83.4383
-108.44
-132.938
-156.19
-178.548
-199.635
-219.41
-238.066
-255.559
-271.982
-287.401
-301.813
-315.205
-327.525
-338.684
-348.569
-357.038
-363.94
-369.179
-372.676
-374.534
-374.888
-373.663
-370.656
-365.639
-358.39
-348.69
-336.317
-321.067
-302.776
-281.326
-256.685
-228.935
-198.397
-167.022
32.8196
52.6398
74.6457
98.025
120.404
142.312
162.958
180.815
195.47
207.376
216.752
223.892
229.339
233.499
236.66
239.088
240.964
242.408
243.512
244.324
244.863
245.116
245.035
244.533
243.534
242.028
240.019
237.506
234.492
230.982
226.994
222.55
217.677
212.399
206.725
200.636
194.062
186.846
179.062
10.7503
-9.80484
-32.9982
-57.1225
-80.1716
-103.847
-127.006
-148.948
-170.009
-189.833
-208.386
-225.851
-242.193
-257.497
-271.833
-285.197
-297.583
-308.945
-319.203
-328.258
-335.982
-342.243
-346.962
-350.079
-351.7
-351.962
-350.806
-348.055
-343.513
-336.987
-328.286
-317.214
-303.589
-287.253
-268.083
-246.016
-221.071
-193.456
-164.893
30.3411
49.2404
70.2461
92.588
113.996
134.981
154.784
171.94
186.044
197.526
206.591
213.514
218.816
222.881
225.988
228.391
230.268
231.735
232.882
233.762
234.398
234.782
234.877
234.606
233.894
232.723
231.093
229.001
226.444
223.422
219.941
216.013
211.648
206.856
201.631
195.941
189.712
182.794
175.301
9.41291
-10.1467
-32.1971
-55.1002
-76.9502
-99.3635
-121.251
-141.952
-161.785
-180.417
-197.819
-214.166
-229.426
-243.686
-257.01
-269.4
-280.85
-291.324
-300.749
-309.037
-316.076
-321.75
-325.993
-328.765
-330.171
-330.349
-329.255
-326.735
-322.619
-316.742
-308.937
-299.036
-286.872
-272.3
-255.193
-235.466
-213.086
-188.167
-162.228
28.0749
46.092
66.1379
87.4835
107.958
128.054
147.045
163.524
177.093
188.162
196.923
203.631
208.785
212.754
215.801
218.172
220.04
221.519
222.697
223.628
224.339
224.83
225.071
224.995
224.526
223.641
222.337
220.61
218.451
215.857
212.827
209.362
205.463
201.126
196.333
191.043
185.178
178.594
171.43
8.23338
-10.3743
-31.3323
-53.0696
-73.7772
-94.9895
-115.67
-135.194
-153.866
-171.373
-187.69
-202.986
-217.233
-230.516
-242.895
-254.378
-264.961
-274.612
-283.267
-290.85
-297.26
-302.396
-306.207
-308.664
-309.878
-309.982
-308.944
-306.631
-302.899
-297.605
-290.606
-281.755
-270.905
-257.92
-242.674
-225.065
-205.021
-182.581
-159.08
26.0057
43.1775
62.3026
82.692
102.269
121.508
139.716
155.539
168.59
179.257
187.719
194.215
199.221
203.089
206.072
208.406
210.257
211.737
212.934
213.902
214.672
215.247
215.607
215.693
215.43
214.788
213.763
212.349
210.537
208.318
205.687
202.637
199.161
195.247
190.866
185.971
180.481
174.256
167.451
7.19877
-10.4981
-30.4119
-51.037
-70.656
-90.7255
-110.259
-128.667
-146.242
-162.686
-177.982
-192.291
-205.588
-217.957
-229.457
-240.095
-249.874
-258.763
-266.708
-273.641
-279.475
-284.121
-287.538
-289.713
-290.754
-290.793
-289.808
-287.684
-284.298
-279.527
-273.251
-265.341
-255.669
-244.108
-230.536
-214.841
-196.919
-176.749
-155.505
24.1192
40.4811
58.7231
78.1932
96.9065
115.321
132.773
147.961
160.509
170.785
178.954
185.24
190.097
193.862
196.776
199.067
200.895
202.368
203.573
204.566
205.379
206.02
206.477
206.695
206.604
206.168
205.381
204.236
202.723
200.831
198.551
195.872
192.781
189.256
185.267
180.757
175.645
169.794
163.367
6.29731
-10.5285
-29.4441
-49.0075
-67.5894
-86.5715
-105.015
-122.367
-138.902
-154.344
-168.679
-182.06
-194.468
-205.981
-216.661
-226.515
-235.547
-243.732
-251.023
-257.36
-262.666
-266.866
-269.927
-271.847
-272.736
-272.719
-271.784
-269.832
-266.758
-262.459
-256.831
-249.764
-241.145
-230.86
-218.791
-204.818
-188.817
-170.72
-151.559
22.4022
37.9874
55.3818
73.9691
91.8518
109.471
126.193
140.768
152.828
162.721
170.603
176.681
181.389
185.049
187.891
190.133
191.931
193.391
194.595
195.603
196.446
197.137
197.67
197.996
198.047
197.783
197.198
196.283
195.028
193.421
191.45
189.1
186.355
183.19
179.568
175.43
170.693
165.222
159.186
5.51757
-10.4747
-28.4367
-46.9866
-64.5801
-82.5278
-99.9368
-116.286
-131.839
-146.335
-159.764
-172.273
-183.848
-194.563
-204.478
-213.602
-221.942
-229.477
-236.166
-241.956
-246.78
-250.573
-253.313
-255.006
-255.759
-255.697
-254.81
-253.015
-250.223
-246.348
-241.301
-234.99
-227.313
-218.168
-207.444
-195.018
-180.751
-164.54
-147.293
20.8412
35.6824
52.2635
70.0023
87.0858
103.94
119.956
133.936
145.522
155.043
162.643
168.516
173.075
176.628
179.394
181.584
183.347
184.786
185.983
186.995
187.858
188.585
189.176
189.589
189.756
189.637
189.22
188.501
187.468
186.107
184.407
182.35
179.917
177.08
173.8
170.017
165.647
160.557
154.916
4.84893
-10.346
-27.3963
-44.9791
-61.6311
-78.5944
-95.0206
-110.42
-125.043
-138.646
-151.222
-162.913
-173.706
-183.675
-192.878
-201.324
-209.023
-215.958
-222.092
-227.38
-231.765
-235.19
-237.64
-239.13
-239.766
-239.665
-238.825
-237.175
-234.639
-231.145
-226.62
-220.982
-214.147
-206.02
-196.498
-185.458
-172.753
-158.254
-142.76
19.4246
33.5523
49.353
66.2769
82.591
98.7063
114.041
127.446
138.572
147.729
155.052
160.722
165.132
168.577
171.265
173.399
175.123
176.536
177.719
178.729
179.6
180.352
180.987
181.468
181.73
181.729
181.454
180.9
180.056
178.91
177.445
175.647
173.494
170.957
167.994
164.547
160.531
155.816
150.569
4.28138
-10.1509
-26.3297
-42.9895
-58.7441
-74.7706
-90.2637
-104.762
-118.506
-131.265
-143.039
-153.961
-164.022
-173.294
-181.832
-189.65
-196.755
-203.135
-208.76
-213.589
-217.572
-220.664
-222.854
-224.164
-224.697
-224.566
-223.771
-222.254
-219.951
-216.801
-212.743
-207.708
-201.623
-194.404
-185.953
-176.153
-164.851
-151.901
-138.008
18.1408
31.5845
46.6363
62.7769
78.3503
93.7539
108.43
121.278
131.956
140.759
147.811
153.28
157.542
160.877
163.485
165.56
167.242
168.624
169.788
170.788
171.661
172.427
173.092
173.626
173.963
174.059
173.903
173.488
172.806
171.843
170.585
169.015
167.112
164.846
162.177
159.045
155.367
151.018
146.157
3.80539
-9.8971
-25.2431
-41.0221
-55.9217
-71.0567
-85.6629
-99.3076
-112.219
-124.182
-135.2
-145.399
-154.775
-163.395
-171.315
-178.547
-185.103
-190.972
-196.128
-200.537
-204.156
-206.945
-208.903
-210.053
-210.497
-210.342
-209.592
-208.198
-206.106
-203.266
-199.626
-195.131
-189.714
-183.303
-175.808
-167.115
-157.07
-145.519
-133.083
16.9789
29.767
44.1001
59.4879
74.3485
89.0657
103.105
115.414
125.656
134.113
140.899
146.171
150.285
153.51
156.036
158.051
159.686
161.035
162.174
163.159
164.027
164.799
165.485
166.057
166.453
166.628
166.568
166.271
165.726
164.921
163.842
162.473
160.793
158.773
156.373
153.535
150.178
146.18
141.695
3.41217
-9.59223
-24.1424
-39.0805
-53.1651
-67.4521
-81.2157
-94.0507
-106.174
-117.386
-127.691
-137.212
-145.944
-153.956
-161.299
-167.989
-174.036
-179.433
-184.158
-188.183
-191.47
-193.987
-195.736
-196.745
-197.112
-196.94
-196.235
-194.954
-193.054
-190.494
-187.23
-183.215
-178.395
-172.703
-166.057
-158.351
-149.432
-139.14
-128.026
15.929
28.0883
41.7317
56.3962
70.5703
84.6256
98.0495
109.835
119.654
127.773
134.299
139.376
143.344
146.46
148.903
150.854
152.441
153.753
154.864
155.83
156.687
157.458
158.155
158.755
159.196
159.433
159.453
159.253
158.824
158.154
157.232
156.039
154.558
152.759
150.605
148.04
144.984
141.321
137.197
3.09345
-9.24335
-23.0329
-37.1684
-50.4766
-63.956
-76.9191
-88.9862
-100.364
-110.865
-120.499
-129.381
-137.512
-144.954
-151.76
-157.945
-163.521
-168.483
-172.813
-176.486
-179.472
-181.743
-183.305
-184.19
-184.492
-184.309
-183.647
-182.471
-180.746
-178.438
-175.511
-171.927
-167.637
-162.585
-156.695
-149.866
-141.954
-132.794
-122.877
14.9815
26.5381
39.5197
53.4888
67.0016
80.4189
93.2473
104.527
113.933
121.723
127.994
132.88
136.703
139.709
142.068
143.955
145.492
146.764
147.846
148.789
149.63
150.395
151.095
151.713
152.187
152.473
152.558
152.439
152.107
151.554
150.766
149.729
148.423
146.823
144.893
142.579
139.805
136.458
132.677
2.84136
-8.85687
-21.9196
-35.2894
-47.8574
-60.5682
-72.7703
-84.1088
-94.7797
-104.61
-113.611
-121.893
-129.458
-136.369
-142.674
-148.389
-153.529
-158.089
-162.056
-165.408
-168.12
-170.169
-171.565
-172.341
-172.589
-172.398
-171.778
-170.701
-169.136
-167.055
-164.431
-161.231
-157.414
-152.93
-147.712
-141.665
-134.65
-126.507
-117.669
14.1274
25.1063
37.453
50.7537
63.6297
76.4312
88.6832
99.4715
108.476
115.945
121.969
126.667
130.347
133.243
135.519
137.341
138.826
140.057
141.106
142.023
142.846
143.599
144.297
144.925
145.423
145.746
145.883
145.83
145.581
145.127
144.455
143.554
142.404
140.983
139.255
137.171
134.658
131.607
128.152
2.64856
-8.43908
-20.8072
-33.4464
-45.3089
-57.2878
-68.7663
-79.413
-89.4143
-98.6105
-107.014
-114.731
-121.765
-128.178
-134.016
-139.295
-144.03
-148.22
-151.853
-154.912
-157.375
-159.224
-160.472
-161.153
-161.354
-161.16
-160.583
-159.596
-158.177
-156.302
-153.95
-151.094
-147.698
-143.721
-139.099
-133.747
-127.532
-120.299
-112.435
13.3585
23.7838
35.5214
48.1797
60.4423
72.6497
84.3436
94.6555
103.267
110.425
116.208
120.722
124.261
127.048
129.241
130.997
132.43
133.619
134.633
135.523
136.324
137.062
137.754
138.384
138.898
139.249
139.427
139.429
139.249
138.879
138.308
137.525
136.514
135.252
133.708
131.833
129.56
126.786
123.635
2.50824
-7.99582
-19.7005
-31.6424
-42.8323
-54.1143
-64.9044
-74.8943
-84.2605
-92.8559
-100.695
-107.879
-114.416
-120.362
-125.764
-130.637
-134.997
-138.845
-142.171
-144.962
-147.198
-148.868
-149.984
-150.582
-150.745
-150.552
-150.015
-149.113
-147.828
-146.14
-144.033
-141.484
-138.464
-134.936
-130.844
-126.11
-120.608
-114.189
-107.201
12.6667
22.5617
33.7154
45.7561
57.4281
69.0624
80.2155
90.0654
98.293
105.148
110.697
115.031
118.431
121.112
123.221
124.912
126.292
127.439
128.418
129.278
130.056
130.776
131.456
132.085
132.607
132.979
133.189
133.235
133.113
132.814
132.331
131.652
130.763
129.643
128.264
126.58
124.528
122.01
119.142
2.41415
-7.53226
-18.6033
-29.8798
-40.4287
-51.0471
-61.182
-70.5477
-79.3108
-87.3371
-94.6421
-101.324
-107.392
-112.902
-117.895
-122.389
-126.401
-129.933
-132.977
-135.522
-137.554
-139.062
-140.061
-140.587
-140.718
-140.529
-140.032
-139.21
-138.047
-136.529
-134.642
-132.369
-129.684
-126.557
-122.936
-118.75
-113.883
-108.193
-101.991
12.0451
21.4318
32.0257
43.4724
54.5757
65.657
76.286
85.6879
93.5385
100.1
105.423
109.582
112.845
115.42
117.447
119.073
120.401
121.505
122.448
123.279
124.032
124.732
125.398
126.02
126.546
126.932
127.166
127.248
127.174
126.937
126.529
125.941
125.16
124.167
122.935
121.425
119.575
117.292
114.687
2.3605
-7.05287
-17.5191
-28.1604
-38.098
-48.084
-57.5952
-66.3679
-74.5576
-82.0447
-88.844
-95.0505
-100.678
-105.778
-110.389
-114.529
-118.217
-121.456
-124.24
-126.561
-128.406
-129.768
-130.664
-131.128
-131.234
-131.052
-130.594
-129.846
-128.795
-127.432
-125.744
-123.718
-121.334
-118.563
-115.361
-111.663
-107.361
-102.323
-96.8254
11.4869
20.3866
30.4436
41.3186
51.8738
62.4206
72.5404
81.5086
88.9901
95.2712
100.377
104.363
107.491
109.961
111.908
113.47
114.746
115.807
116.715
117.516
118.243
118.922
119.572
120.184
120.709
121.104
121.357
121.468
121.434
121.249
120.906
120.397
119.711
118.831
117.733
116.379
114.713
112.646
110.284
2.34121
-6.56281
-16.4521
-26.4872
-35.8421
-45.2244
-54.1409
-62.3493
-69.9922
-76.9682
-83.287
-89.0441
-94.2583
-98.974
-103.225
-107.034
-110.42
-113.387
-115.931
-118.045
-119.721
-120.952
-121.756
-122.166
-122.253
-122.08
-121.661
-120.983
-120.036
-118.814
-117.306
-115.503
-113.387
-110.934
-108.106
-104.842
-101.043
-96.5865
-91.7208
10.9854
19.4195
28.9634
39.2878
49.315
59.3445
68.9678
77.5139
84.6301
90.6479
95.5472
99.3621
102.356
104.725
106.593
108.092
109.317
110.336
111.209
111.979
112.68
113.337
113.969
114.57
115.091
115.49
115.757
115.891
115.891
115.751
115.464
115.025
114.423
113.644
112.665
111.452
109.953
108.085
105.945
2.35029
-6.06944
-15.4093
-24.8673
-33.6657
-42.4734
-50.8215
-58.4906
-65.6098
-72.1016
-77.9568
-83.2855
-88.1146
-92.471
-96.3829
-99.8792
-102.983
-105.698
-108.021
-109.945
-111.466
-112.579
-113.302
-113.666
-113.738
-113.577
-113.195
-112.583
-111.734
-110.64
-109.296
-107.694
-105.819
-103.651
-101.155
-98.2775
-94.928
-90.9912
-86.6915
10.5345
18.525
27.5794
37.3769
46.8982
56.4288
65.5689
73.6999
80.4352
86.2073
90.9157
94.5636
97.4263
99.6973
101.491
102.929
104.104
105.082
105.92
106.66
107.335
107.97
108.584
109.171
109.686
110.087
110.364
110.518
110.545
110.443
110.206
109.829
109.301
108.612
107.74
106.654
105.306
103.618
101.683
2.38316
-5.576
-14.3934
-23.3027
-31.5719
-39.8332
-47.6388
-54.7939
-61.411
-67.4464
-72.8439
-77.7565
-82.2261
-86.246
-89.8358
-93.0374
-95.8785
-98.3601
-100.478
-102.229
-103.609
-104.617
-105.269
-105.595
-105.656
-105.509
-105.165
-104.615
-103.855
-102.88
-101.686
-100.265
-98.6073
-96.6942
-94.4957
-91.9634
-89.0143
-85.5426
-81.7502
10.1288
17.6961
26.2846
35.5765
44.6142
53.665
62.3429
70.0685
76.3985
81.9382
86.4688
89.9531
92.6878
94.8653
96.5871
97.9671
99.0946
100.033
100.838
101.549
102.199
102.812
103.407
103.981
104.489
104.89
105.175
105.344
105.396
105.327
105.134
104.81
104.349
103.74
102.964
101.994
100.783
99.2584
97.5102
2.44044
-5.07715
-13.3938
-21.779
-29.5437
-37.2842
-44.5757
-51.2443
-57.3858
-62.9853
-67.9418
-72.47
-76.6071
-80.3012
-83.577
-86.4969
-89.0895
-91.3505
-93.2751
-94.8649
-96.1163
-97.0294
-97.6193
-97.9134
-97.9688
-97.8374
-97.53
-97.0407
-96.3646
-95.4997
-94.4424
-93.1871
-91.7255
-90.0421
-88.11
-85.8868
-83.2961
-80.2411
-76.903
9.76499
16.9256
25.0601
33.8599
42.4273
51.0079
59.2426
66.5804
72.5492
77.8851
82.2313
85.5406
88.1464
90.2319
91.8815
93.2027
94.2828
95.1827
95.9548
96.6385
97.2637
97.8551
98.4331
98.9932
99.4923
99.8926
100.183
100.366
100.439
100.4
100.245
99.9702
99.5692
99.0318
98.3427
97.4755
96.3889
95.013
93.4345
2.52058
-4.57304
-12.4054
-20.287
-27.5653
-34.8036
-41.6002
-47.8073
-53.4974
-58.6787
-63.2053
-67.429
-71.2852
-74.6479
-77.6028
-80.2518
-82.6103
-84.6605
-86.4006
-87.8371
-88.969
-89.795
-90.3293
-90.5973
-90.6505
-90.5372
-90.2675
-89.836
-89.2393
-88.4774
-87.5462
-86.4414
-85.1578
-83.6817
-81.9889
-80.0421
-77.7727
-75.0919
-72.1636
9.44073
16.2082
23.8989
32.2114
40.3114
48.4159
56.2084
63.1457
68.8389
74.0723
78.2252
81.3267
83.7999
85.799
87.3783
88.6406
89.6737
90.5358
91.2763
91.9325
92.5339
93.1043
93.6643
94.2103
94.7013
95.0994
95.3949
95.589
95.6808
95.6684
95.5483
95.3172
94.9698
94.4971
93.8857
93.1115
92.1368
90.8961
89.4727
2.58962
-4.17175
-11.6263
-19.0787
-25.9181
-32.6652
-38.9109
-44.5486
-49.5955
-54.1943
-57.9141
-62.0752
-66.0051
-69.2488
-72.0637
-74.6319
-76.9343
-78.928
-80.6163
-82.0126
-83.1164
-83.9252
-84.4519
-84.7214
-84.7872
-84.6964
-84.4617
-84.0755
-83.5399
-82.8572
-82.0052
-81.003
-79.8437
-78.5122
-76.9861
-75.232
-73.1881
-70.7731
-68.1368
9.19723
15.6497
22.9962
30.8776
38.5316
46.1089
53.286
59.4845
64.5388
70.2099
74.4407
77.4608
79.9149
81.9286
83.5118
84.7701
85.799
86.6592
87.3974
88.0515
88.6515
89.2214
89.7821
90.3314
90.8283
91.2341
91.5392
91.7456
91.8531
91.8598
91.7636
91.5617
91.249
90.8191
90.2589
89.5459
88.6453
87.494
86.1736
2.64972
-3.83737
-10.968
-18.0416
-24.4682
-30.721
-36.3879
-41.3822
-45.6647
-49.5469
-52.1946
-56.5228
-60.765
-64.0357
-66.834
-69.4464
-71.81
-73.8518
-75.5788
-77.0111
-78.1491
-78.9899
-79.5462
-79.843
-79.9366
-79.8751
-79.6753
-79.3264
-78.8392
-78.2191
-77.4127
-76.4783
-75.4058
-74.1743
-72.7632
-71.1439
-69.2593
-67.0315
-64.6011
8.99835
15.1891
22.2291
29.7104
36.9171
43.9132
50.3634
55.6971
59.9565
66.3238
70.8303
73.867
76.3718
78.4619
80.1003
81.3928
82.4476
83.3293
84.0854
84.7548
85.3683
85.952
86.5273
87.0922
87.6056
88.0264
88.3453
88.5656
88.6873
88.7092
88.6298
88.4469
88.1568
87.754
87.2264
86.5531
85.7007
84.6067
83.3535
2.71888
-3.4913
-10.2953
-16.9881
-23.0032
-28.7646
-33.8676
-38.2355
-41.7989
-44.9851
-46.6374
-51.0417
-55.5328
-58.8139
-61.5697
-64.1959
-66.601
-68.6781
-70.4339
-71.895
-73.0639
-73.9351
-74.5201
-74.8447
-74.9668
-74.9363
-74.7743
-74.4665
-74.0318
-73.4798
-72.7245
-71.8624
-70.8822
-69.7548
-68.4608
-66.9772
-65.2522
-63.212
-61.0013
8.80446
14.732
21.4607
28.5397
35.305
41.7166
47.4661
51.9891
55.466
62.3856
67.1823
70.2397
72.7714
74.9243
76.6156
77.9412
79.0201
79.9214
80.6943
81.3781
82.0046
82.6011
83.1909
83.7718
84.3015
84.7376
85.0717
85.3068
85.4436
85.4821
85.4208
85.2582
84.9922
84.6173
84.1228
83.4897
82.6857
81.6498
80.4642
2.79447
-3.13879
-9.61568
-15.9301
-21.5382
-26.8147
-31.3723
-35.1301
-38.024
-40.5081
-41.2798
-45.6558
-50.3036
-53.5839
-56.2844
-58.895
-61.3182
-63.4171
-65.1919
-66.6744
-67.8691
-68.7684
-69.381
-69.734
-69.8846
-69.8841
-69.7584
-69.489
-69.1042
-68.6155
-67.9072
-67.1122
-66.2191
-65.1908
-64.0101
-62.6589
-61.0897
-59.2279
-57.1974
8.61545
14.2812
20.6965
27.3755
33.708
39.5324
44.616
48.3565
51.0969
58.3996
63.4851
66.5865
69.1301
71.3291
73.067
74.4248
75.5268
76.4473
77.2364
77.9342
78.5734
79.1825
79.7859
80.3829
80.9294
81.3816
81.7314
81.9821
82.1353
82.1914
82.1493
82.0088
81.7684
81.4234
80.9639
80.3724
79.6177
78.6412
77.5235
2.87571
-2.78333
-8.93571
-14.8777
-20.0868
-24.8891
-28.922
-32.0866
-34.3605
-36.1264
-36.1428
-40.3893
-45.0863
-48.3424
-50.9778
-53.5476
-55.9641
-58.07
-59.8545
-61.3513
-62.5666
-63.4923
-64.1345
-64.5217
-64.7105
-64.7527
-64.6782
-64.4639
-64.1471
-63.7396
-63.0994
-62.3891
-61.5967
-60.6787
-59.6181
-58.4013
-56.9888
-55.32
-53.5514
8.43332
13.8402
19.9428
26.228
32.1386
37.3728
41.8281
44.7855
46.8425
54.3713
59.7233
62.8964
65.4545
67.691
69.4682
70.8518
71.9712
72.9087
73.7147
74.4281
75.0816
75.7049
76.323
76.9373
77.5026
77.9739
78.3421
78.6113
78.7836
78.8593
78.8383
78.721
78.5065
78.1913
77.7673
77.2174
76.5127
75.5953
74.544
2.96068
-2.43029
-8.26573
-13.8442
-18.6668
-23.0092
-26.5417
-29.1332
-30.8338
-31.859
-31.2386
-35.2569
-39.8884
-43.0871
-45.6477
-48.1551
-50.5399
-52.6366
-54.4222
-55.928
-57.1606
-58.1089
-58.7749
-59.1839
-59.3906
-59.4522
-59.4021
-59.2149
-58.9346
-58.5738
-57.9715
-57.3183
-56.6023
-55.776
-54.8242
-53.7361
-52.4686
-50.9418
-49.2284
8.26074
13.416
19.2091
25.1121
30.6093
35.2505
39.1143
41.2625
42.6748
50.3053
55.8878
59.1468
61.727
64.0086
65.8369
67.2519
68.3845
69.3287
70.1425
70.8658
71.5313
72.168
72.802
73.4346
74.0198
74.5122
74.9023
75.1951
75.393
75.496
75.5046
75.4191
75.2386
74.9599
74.5761
74.0714
73.4189
72.5621
71.5778
3.04696
-2.08994
-7.62307
-12.8536
-17.3033
-21.2025
-24.2563
-26.2934
-27.4584
-27.7179
-26.5719
-30.2673
-34.7192
-37.8185
-40.2894
-42.713
-45.042
-47.1104
-48.8856
-50.3956
-51.6491
-52.6354
-53.3585
-53.8429
-54.1372
-54.2909
-54.34
-54.2579
-54.0953
-53.8634
-53.3763
-52.8452
-52.2589
-51.5626
-50.7416
-49.7926
-48.6979
-47.434
-46.2168
8.10367
13.0206
18.5137
24.0508
29.1325
33.1655
36.4599
37.7434
38.5282
46.1966
51.996
55.342
57.9231
60.2283
62.1163
63.5954
64.7768
65.7494
66.577
67.3071
67.9781
68.6224
69.2689
69.9181
70.5228
71.0343
71.4425
71.7531
71.9695
72.0933
72.1263
72.07
71.9249
71.6884
71.3537
70.9055
70.3184
69.5395
68.6578
3.13022
-1.77491
-7.02996
-11.9355
-16.0295
-19.5022
-22.0879
-23.576
-24.2295
-23.7074
-22.1368
-25.422
-29.5872
-32.5351
-34.8925
-37.2105
-39.4619
-41.4852
-43.2357
-44.7301
-45.9707
-46.9401
-47.6316
-48.0596
-48.2861
-48.3828
-48.3863
-48.2659
-48.074
-47.8175
-47.315
-46.7972
-46.2531
-45.6277
-44.9059
-44.0783
-43.0885
-41.8128
-40.1772
7.96508
12.6621
17.8728
23.0667
27.72
31.1249
33.8589
34.1783
34.2921
41.9789
48.0513
51.5608
54.1622
56.4306
58.2827
59.7582
60.9754
62.009
62.9007
63.6841
64.3948
65.0696
65.7427
66.4224
67.0667
67.6243
68.0803
68.4373
68.6964
68.8579
68.9229
68.8933
68.7709
68.5562
68.2463
67.8292
67.2795
66.5259
65.6086
3.20648
-1.48678
-6.48871
-11.0996
-14.8661
-17.943
-20.076
-21.0275
-21.196
-19.8774
-17.9287
-20.7151
-24.5014
-27.2373
-29.446
-31.6267
-33.7689
-35.7354
-37.4859
-39.0321
-40.3746
-41.5032
-42.4208
-43.1439
-43.6815
-44.0579
-44.3259
-44.4658
-44.5527
-44.5878
-44.3359
-44.0426
-43.7045
-43.261
-42.7026
-42.0456
-41.3293
-40.6321
-40.3649
7.8363
12.3284
17.2778
22.1628
26.3901
29.211
31.4254
30.5857
29.8699
37.4952
43.8516
47.6714
50.5289
52.956
54.8201
56.182
57.237
58.1362
58.9525
59.7136
60.4365
61.1409
61.8498
62.5624
63.2325
63.8189
64.3182
64.7365
65.0755
65.3349
65.514
65.6112
65.6233
65.5445
65.3668
65.0797
64.6795
64.1712
63.7483
3.27679
-1.21953
-5.98939
-10.3369
-13.8179
-16.5592
-18.2949
-18.7914
-18.5308
-16.34
-13.9487
-16.1639
-19.4709
-21.9233
-23.9555
-25.9713
-27.9328
-29.714
-31.2798
-32.6357
-33.7668
-34.6301
-35.1864
-35.438
-35.512
-35.5384
-35.5263
-35.4183
-35.2481
-35.0151
-34.5746
-34.1684
-33.7797
-33.3539
-32.8704
-32.3
-31.518
-30.2613
-28.1001
7.71543
12.018
16.7317
21.3451
25.1811
27.5681
29.306
26.961
25.2626
32.7378
39.1175
43.0136
46.119
49.0081
51.4318
53.2652
54.5873
55.5383
56.264
56.8789
57.4605
58.0612
58.7192
59.4304
60.1171
60.6974
61.1484
61.4777
61.6967
61.8141
61.8387
61.7821
61.6569
61.4734
61.2328
60.9113
60.4264
59.5671
58.0711
3.34218
-1.02381
-5.62428
-9.75628
-12.9895
-15.4273
-16.7849
-16.8897
-16.1671
-12.9596
-10.1304
-11.8166
-14.5331
-16.564
-18.3602
-20.2762
-22.2633
-24.2013
-26.0478
-27.8053
-29.4815
-31.0913
-32.6409
-34.0866
-35.2529
-36.0833
-36.7472
-37.2879
-37.8534
-38.4197
-38.579
-38.5839
-38.5489
-38.4331
-38.2131
-37.9392
-37.797
-38.1194
-39.7761
7.66016
11.8403
16.3802
20.7475
24.1848
26.1632
27.0844
22.776
20.3877
28.1984
34.6655
38.2474
40.7228
42.9336
45.0116
47.006
48.9148
50.6549
52.1517
53.3891
54.4019
55.2504
56.0223
56.8397
57.785
58.7876
59.7464
60.6269
61.4177
62.1124
62.6981
63.157
63.4743
63.6423
63.6711
63.6078
63.6042
64.0072
65.5113
3.38094
-1.04269
-5.6479
-9.67522
-12.6828
-14.7284
-15.507
-14.9512
-13.3112
-8.97727
-6.18193
-7.63274
-9.84175
-11.3059
-12.4303
-13.5276
-14.612
-15.6304
-16.5508
-17.3413
-17.9257
-18.1817
-18.0207
-17.4977
-17.0176
-16.7928
-16.6725
-16.4525
-16.0859
-15.8143
-15.3635
-14.9769
-14.699
-14.4462
-14.1755
-13.8326
-13.1261
-11.5276
-7.85855
7.76414
11.9845
16.4878
20.6398
23.56
24.7151
23.6886
17.0416
14.5755
23.6918
31.7905
37.0881
40.4856
42.3493
42.8479
42.4886
41.8216
41.2908
41.0907
41.2486
41.7183
42.4495
43.3439
44.1429
44.5508
44.6675
44.7089
44.7116
44.6711
44.5868
44.483
44.3933
44.3422
44.3384
44.3522
44.2671
43.7343
42.041
38.014
3.35624
-1.27013
-6.0296
-10.0768
-12.9126
-14.5235
-14.579
-13.0684
-10.0302
-4.61941
-1.94341
-3.14078
-5.21973
-7.14932
-9.08472
-11.102
-13.2211
-15.4534
-17.8313
-20.4132
-23.2797
-26.474
-29.851
-33.0316
-35.3319
-36.7448
-38.1422
-39.2504
-41.1029
-43.8046
-43.0356
-43.1911
-44.0312
-44.6523
-44.9586
-45.256
-46.0314
-47.9834
-52.4456
7.93432
12.3044
16.8814
20.8932
23.3
23.357
19.7339
11.0025
6.85621
15.0211
23.9901
32.8241
41.3908
49.49
56.3621
61.6391
65.4512
67.9213
69.3657
70.1368
70.5437
70.8384
71.3906
72.7857
75.2413
77.8929
80.079
81.8849
83.4564
84.8194
85.9275
86.7578
87.3249
87.6739
87.9114
88.2534
89.247
91.7163
97.0172
681.196
669.978
656.021
639.645
619.71
595.955
568.371
537.232
503.346
467.963
432.372
397.488
363.746
331.266
300.037
270.039
241.259
213.693
187.337
162.18
138.195
115.359
93.6424
73.0158
53.4486
34.9064
17.3538
0.759003
-14.8957
-29.6257
-43.4389
-56.3369
-68.3223
-79.3911
-89.5391
-98.7651
-107.067
-114.449
-120.915
-126.477
-131.15
-134.954
-137.916
-140.066
-141.442
-142.083
-142.035
-141.345
-140.063
-138.243
-135.936
-133.196
-130.075
-126.625
-122.894
-118.93
-114.774
-110.468
-106.049
-101.55
-97.0003
-92.4267
-87.8521
-83.2954
-78.7758
-74.3024
-69.8994
-66.127
-62.7618
-59.3567
-55.6785
-52.2847
-47.9329
-45.428
-38.8875
-40.3321
-26.4213
-40.9992
-5.51139
-55.6033
679.201
658.389
636.092
613.281
590.159
567.109
544.419
522.228
500.616
479.651
459.391
439.892
421.205
403.371
386.421
370.377
355.25
341.043
327.748
315.347
303.813
293.114
283.21
274.057
265.609
257.817
250.632
244.003
237.881
232.221
226.976
222.102
217.556
213.299
209.29
205.492
201.869
198.386
195.008
191.705
188.448
185.207
181.96
178.684
175.359
171.971
168.508
164.96
161.323
157.593
153.773
149.866
145.878
141.818
137.696
133.525
129.316
125.085
120.845
116.609
112.393
108.209
104.07
99.989
95.9803
92.0526
88.2277
85.0226
82.2656
79.4421
76.5661
73.6488
70.7357
67.9115
64.7804
63.4169
56.7357
66.6054
35.2535
99.2196
285.398
282.729
280.79
279.074
277.19
275.121
272.707
269.662
265.664
260.462
253.944
246.113
237.009
226.698
215.276
202.867
189.607
175.635
161.089
146.106
130.818
115.351
99.8208
84.331
68.9816
53.8688
39.0863
24.7123
10.816
-2.54893
-15.3371
-27.5084
-39.033
-49.8815
-60.0284
-69.4535
-78.1386
-86.0695
-93.2353
-99.629
-105.248
-110.097
-114.183
-117.518
-120.123
-122.022
-123.243
-123.819
-123.788
-123.192
-122.072
-120.473
-118.442
-116.024
-113.266
-110.211
-106.902
-103.38
-99.6829
-95.8459
-91.9015
-87.8787
-83.8041
-79.7001
-75.5895
-71.4852
-67.4122
-63.8998
-60.7511
-57.5681
-54.0832
-50.9031
-46.7105
-44.4097
-38.0267
-39.5665
-26.0523
-40.1693
-6.1295
-54.4268
287.038
288.694
292.128
295.136
297.608
299.479
300.699
301.25
301.136
300.374
298.983
296.989
294.426
291.335
287.764
283.766
279.4
274.725
269.809
264.715
259.508
254.246
248.987
243.78
238.671
233.693
228.874
224.236
219.791
215.543
211.494
207.636
203.959
200.448
197.089
193.861
190.745
187.719
184.763
181.854
178.971
176.095
173.206
170.286
167.32
164.294
161.196
158.017
154.751
151.394
147.946
144.407
140.783
137.079
133.303
129.466
125.579
121.653
117.701
113.738
109.776
105.829
101.911
98.0346
94.214
90.4583
86.7919
83.7119
81.0584
78.3368
75.5584
72.7379
69.9127
67.191
64.1183
62.8742
56.2771
65.8975
35.7859
96.9124
160.957
158.649
156.363
154.077
151.588
148.876
145.947
142.79
139.42
135.873
132.192
128.423
124.58
120.622
116.475
112.054
107.281
102.095
96.4456
90.2986
83.6373
76.4625
68.7908
60.6568
52.1088
43.2027
34.0023
24.5778
15.0087
5.37584
-4.23932
-13.755
-23.0962
-32.1905
-40.9706
-49.3766
-57.3542
-64.8553
-71.8382
-78.2671
-84.1137
-89.3564
-93.9797
-97.9733
-101.336
-104.071
-106.189
-107.705
-108.641
-109.023
-108.879
-108.245
-107.155
-105.649
-103.764
-101.54
-99.0163
-96.2316
-93.2222
-90.0235
-86.6684
-83.1874
-79.6092
-75.9582
-72.2599
-68.5304
-64.7946
-61.5518
-58.628
-55.6698
-52.3939
-49.418
-45.434
-43.2673
-37.1977
-38.5931
-25.8788
-38.9665
-7.07973
-52.565
162.66
164.247
166.003
167.697
169.588
171.639
173.835
176.15
178.552
181.006
183.473
185.912
188.28
190.536
192.638
194.548
196.23
197.653
198.79
199.624
200.142
200.34
200.221
199.796
199.082
198.101
196.879
195.446
193.832
192.067
190.18
188.197
186.14
184.028
181.875
179.692
177.484
175.255
173.002
170.723
168.412
166.061
163.662
161.206
158.683
156.087
153.408
150.64
147.779
144.821
141.766
138.614
135.368
132.034
128.617
125.126
121.572
117.964
114.314
110.636
106.943
103.247
99.5632
95.9042
92.2847
88.7141
85.2182
82.2746
79.7351
77.1254
74.4552
71.7422
69.0159
66.3983
63.4178
62.2126
55.9257
64.8582
36.6547
94.2737
162.009
160.609
159.121
157.569
155.832
153.786
151.335
148.386
144.865
140.752
136.093
130.994
125.582
119.959
114.177
108.257
102.21
96.0466
89.7722
83.3891
76.8951
70.2832
63.5442
56.6691
49.6511
42.485
35.1716
27.7167
20.1363
12.4524
4.69554
-3.09478
-10.875
-18.5957
-26.2034
-33.6438
-40.8623
-47.8057
-54.4229
-60.6667
-66.4952
-71.8717
-76.7652
-81.1497
-85.0072
-88.3255
-91.0986
-93.3275
-95.0184
-96.1838
-96.8414
-97.0126
-96.7235
-96.0031
-94.883
-93.3966
-91.5781
-89.462
-87.0828
-84.474
-81.6681
-78.6956
-75.586
-72.3652
-69.0599
-65.6894
-62.2782
-59.2945
-56.5816
-53.832
-50.7523
-47.9695
-44.178
-42.156
-36.3399
-37.7035
-25.535
-38.0594
-7.47117
-51.3677
163.176
164.25
165.211
166.084
166.898
167.62
168.266
168.84
169.351
169.806
170.216
170.589
170.935
171.262
171.575
171.88
172.177
172.466
172.742
172.997
173.222
173.404
173.53
173.584
173.554
173.424
173.184
172.825
172.34
171.727
170.986
170.119
169.133
168.033
166.827
165.522
164.125
162.642
161.077
159.434
157.712
155.911
154.03
152.064
150.01
147.864
145.621
143.277
140.829
138.276
135.616
132.851
129.981
127.013
123.951
120.802
117.576
114.281
110.93
107.535
104.107
100.66
97.2082
93.7646
90.3442
86.9571
83.6301
80.8195
78.3892
75.887
73.3214
70.7119
68.0816
65.5609
62.6692
61.5166
55.4531
64.0195
36.8877
92.5753
141.769
140.395
138.998
137.659
136.322
134.923
133.402
131.704
129.763
127.507
124.885
121.876
118.496
114.778
110.751
106.424
101.798
96.8747
91.6623
86.1763
80.4363
74.4636
68.2812
61.9122
55.3804
48.7086
41.9196
35.0348
28.0766
21.0658
14.0237
6.9751
-0.0554874
-7.04029
-13.948
-20.7451
-27.3953
-33.8607
-40.1014
-46.0779
-51.7517
-57.0864
-62.0477
-66.6049
-70.7322
-74.4081
-77.6167
-80.3479
-82.5965
-84.3636
-85.6556
-86.4833
-86.8625
-86.8131
-86.3586
-85.525
-84.3405
-82.8347
-81.0381
-78.9815
-76.6952
-74.2087
-71.5512
-68.7487
-65.8286
-62.812
-59.723
-56.9961
-54.4931
-51.9515
-49.0686
-46.481
-42.8776
-41.0174
-35.4192
-36.8312
-25.0575
-37.2829
-7.56597
-50.487
142.837
143.738
144.668
145.617
146.565
147.507
148.438
149.349
150.23
151.074
151.872
152.617
153.301
153.92
154.469
154.945
155.349
155.681
155.943
156.139
156.272
156.348
156.372
156.347
156.275
156.159
155.998
155.791
155.535
155.225
154.856
154.423
153.922
153.345
152.69
151.952
151.128
150.216
149.213
148.118
146.929
145.644
144.26
142.775
141.186
139.491
137.686
135.769
133.737
131.59
129.327
126.948
124.456
121.853
119.146
116.34
113.443
110.465
107.415
104.305
101.147
97.9533
94.7383
91.5153
88.2995
85.1013
81.9486
79.2743
76.9559
74.564
72.1061
69.6022
67.0713
64.6479
61.8492
60.7583
54.8732
63.2239
36.7837
91.1722
113.985
112.753
111.477
110.247
109.02
107.774
106.485
105.113
103.619
101.965
100.107
98.0212
95.7026
93.1684
90.4411
87.5364
84.4558
81.1877
77.7157
74.0255
70.1079
65.9571
61.5702
56.9483
52.0963
47.0239
41.7448
36.2764
30.6402
24.86
18.9617
12.9743
6.92694
0.850292
-5.22345
-11.2618
-17.2311
-23.0972
-28.8249
-34.3791
-39.7247
-44.8275
-49.6539
-54.1722
-58.3537
-62.1725
-65.6063
-68.6375
-71.2524
-73.4427
-75.2054
-76.5415
-77.4573
-77.9633
-78.0744
-77.8087
-77.1872
-76.2334
-74.9729
-73.4319
-71.6378
-69.6176
-67.3988
-65.0066
-62.4679
-59.805
-57.0407
-54.5743
-52.2872
-49.9602
-47.283
-44.8975
-41.493
-39.7995
-34.4331
-35.891
-24.5353
-36.4328
-7.6488
-49.4944
114.881
115.612
116.405
117.223
118.072
118.954
119.87
120.815
121.791
122.792
123.818
124.862
125.92
126.985
128.05
129.108
130.15
131.167
132.151
133.092
133.982
134.815
135.584
136.283
136.909
137.459
137.932
138.326
138.642
138.88
139.04
139.122
139.125
139.049
138.891
138.649
138.321
137.902
137.391
136.783
136.075
135.264
134.346
133.317
132.176
130.918
129.541
128.043
126.422
124.676
122.806
120.812
118.695
116.459
114.107
111.646
109.081
106.423
103.679
100.861
97.9803
95.0487
92.0796
89.0868
86.0854
83.0862
80.1176
77.5884
75.39
73.1165
70.7743
68.3835
65.9603
63.6397
60.9465
59.9095
54.2315
62.3042
36.6565
89.5757
95.9728
94.9649
93.9014
92.8478
91.775
90.6805
89.5679
88.4147
87.1855
85.8464
84.3606
82.6903
80.8117
78.7258
76.4538
74.0217
71.4504
68.7516
65.9245
62.9607
59.853
56.5962
53.1855
49.6165
45.8852
41.9888
37.9259
33.6974
29.3074
24.7628
20.0736
15.2543
10.3221
5.2977
0.205435
-4.92813
-10.0738
-15.2009
-20.2767
-25.268
-30.1411
-34.8623
-39.3984
-43.7166
-47.7867
-51.58
-55.0699
-58.2339
-61.0522
-63.5095
-65.595
-67.3016
-68.6274
-69.5742
-70.1487
-70.3609
-70.2248
-69.7572
-68.9774
-67.9069
-66.5688
-64.9866
-63.1851
-61.1879
-59.0203
-56.7048
-54.2625
-52.0572
-49.9882
-47.8781
-45.4119
-43.231
-40.0349
-38.5067
-33.3912
-34.878
-23.9815
-35.4962
-7.72525
-48.3706
96.7371
97.4034
98.1183
98.8493
99.6075
100.39
101.198
102.03
102.886
103.766
104.67
105.598
106.548
107.519
108.511
109.522
110.548
111.587
112.636
113.69
114.743
115.79
116.823
117.836
118.82
119.766
120.668
121.518
122.308
123.031
123.682
124.256
124.748
125.154
125.472
125.699
125.831
125.866
125.801
125.633
125.36
124.978
124.484
123.875
123.146
122.297
121.323
120.222
118.992
117.632
116.141
114.52
112.769
110.89
108.888
106.767
104.533
102.194
99.7573
97.2332
94.6327
91.9673
89.2498
86.4937
83.7139
80.9213
78.1447
75.7681
73.6962
71.5477
69.3279
67.0568
64.7485
62.5352
59.9591
58.9648
53.5315
61.2525
36.5122
87.8294
83.775
82.9354
82.0431
81.1428
80.2118
79.2513
78.2773
77.2916
76.2773
75.2074
74.0542
72.7855
71.3653
69.7668
67.9845
66.0316
63.9272
61.688
59.325
56.8399
54.2276
51.4831
48.6039
45.5898
42.4408
39.1575
35.7405
32.1915
28.5133
24.7094
20.7848
16.7465
12.6029
8.36489
4.04619
-0.337215
-4.76635
-9.21981
-13.6734
-18.101
-22.4747
-26.7655
-30.9435
-34.9782
-38.84
-42.4999
-45.9304
-49.106
-52.0036
-54.6036
-56.8892
-58.8477
-60.4703
-61.7519
-62.6918
-63.2933
-63.5631
-63.5117
-63.1521
-62.5004
-61.5748
-60.395
-58.982
-57.3574
-55.5436
-53.563
-51.4341
-49.4852
-47.6317
-45.7359
-43.481
-41.5034
-38.5203
-37.1547
-32.2992
-33.8102
-23.3798
-34.5156
-7.73241
-47.2177
84.4382
85.0391
85.6778
86.3355
87.0198
87.728
88.4607
89.2174
89.9978
90.8013
91.6274
92.4751
93.3432
94.2308
95.1366
96.0592
96.9969
97.948
98.9111
99.8839
100.864
101.85
102.837
103.824
104.805
105.777
106.735
107.673
108.585
109.465
110.306
111.1
111.84
112.52
113.132
113.67
114.128
114.5
114.781
114.965
115.048
115.025
114.893
114.646
114.281
113.795
113.184
112.446
111.576
110.575
109.439
108.169
106.766
105.23
103.564
101.772
99.8598
97.8324
95.6977
93.4646
91.143
88.7439
86.2793
83.7624
81.2077
78.626
76.0463
73.8269
71.8854
69.866
67.7731
65.6262
63.438
61.3345
58.8843
57.9245
52.7591
60.1011
36.28
86.0596
73.4144
72.7025
71.9443
71.1741
70.3708
69.5288
68.6613
67.7809
66.8905
65.9805
65.0313
64.0205
62.9225
61.7064
60.346
58.832
57.1725
55.3818
53.4726
51.4545
49.33
47.0939
44.7394
42.2621
39.6605
36.9334
34.0807
31.1029
28.0021
24.7813
21.4447
17.9984
14.4492
10.8056
7.0781
3.27839
-0.579785
-4.4807
-8.40669
-12.338
-16.2534
-20.1298
-23.9425
-27.6658
-31.2735
-34.739
-38.0361
-41.1397
-44.0256
-46.6722
-49.0598
-51.1715
-52.994
-54.5168
-55.7337
-56.6418
-57.2418
-57.5379
-57.5377
-57.2515
-56.6928
-55.8765
-54.82
-53.5417
-52.061
-50.3993
-48.5718
-46.8717
-45.2289
-43.5431
-41.4982
-39.721
-36.9529
-35.7479
-31.1561
-32.6928
-22.7218
-33.5026
-7.65696
-46.0649
73.984
74.5062
75.0612
75.6367
76.2376
76.8627
77.5132
78.1889
78.8903
79.6174
80.3699
81.1477
81.9505
82.7775
83.6279
84.5005
85.394
86.3069
87.2373
88.1829
89.1415
90.1107
91.0874
92.0688
93.0517
94.0327
95.0081
95.9741
96.9265
97.8608
98.772
99.6549
100.504
101.314
102.077
102.787
103.438
104.022
104.533
104.964
105.308
105.559
105.712
105.759
105.697
105.52
105.222
104.801
104.253
103.574
102.763
101.817
100.737
99.5217
98.1737
96.6954
95.0906
93.3642
91.5228
89.574
87.5267
85.391
83.1781
80.9005
78.5721
76.2038
73.8239
71.7648
69.9567
68.0697
66.1073
64.0881
62.0243
60.0329
57.7161
56.7853
51.9033
58.858
35.9435
84.2782
64.6106
64.0061
63.3614
62.7035
62.0149
61.288
60.5275
59.7407
58.9367
58.1216
57.2919
56.4332
55.5263
54.5508
53.4809
52.291
50.969
49.5197
47.9554
46.2872
44.525
42.6735
40.7296
38.6868
36.5402
34.2874
31.9266
29.4565
26.8765
24.1868
21.3885
18.4846
15.4788
12.3765
9.18501
5.91281
2.5703
-0.830377
-4.27533
-7.74894
-11.234
-14.7117
-18.1619
-21.5628
-24.892
-28.1262
-31.2414
-34.2143
-37.0216
-39.6412
-42.0526
-44.2367
-46.1774
-47.8608
-49.2761
-50.4157
-51.2754
-51.8541
-52.1541
-52.1807
-51.9424
-51.4496
-50.7156
-49.7552
-48.5846
-47.2233
-45.6832
-44.2222
-42.7842
-41.3028
-39.4653
-37.8849
-35.3329
-34.2857
-29.9607
-31.5234
-22.0076
-32.4492
-7.51345
-44.8955
65.1
65.5542
66.0367
66.5385
67.0633
67.6106
68.1815
68.7762
69.3954
70.0393
70.7083
71.4028
72.1228
72.8682
73.6392
74.4353
75.2561
76.1008
76.9686
77.8583
78.7684
79.697
80.6422
81.6014
82.5719
83.5505
84.5336
85.5177
86.4987
87.4722
88.4333
89.3776
90.2999
91.1946
92.0563
92.879
93.6566
94.3828
95.051
95.6544
96.1864
96.64
97.0085
97.2852
97.4637
97.538
97.5022
97.351
97.0796
96.6839
96.1602
95.506
94.7194
93.7994
92.7463
91.5614
90.2472
88.8075
87.2473
85.573
83.7925
81.9147
79.9499
77.9097
75.8073
73.653
71.4748
69.5782
67.9057
66.1539
64.3251
62.437
60.5014
58.6246
56.4477
55.5424
50.9572
57.5162
35.5156
82.4497
57.3698
56.8547
56.3054
55.7429
55.1522
54.5269
53.8704
53.1836
52.4684
51.732
50.9831
50.2223
49.4399
48.6203
47.7465
46.7964
45.7455
44.5792
43.2982
41.9125
40.4323
38.8669
37.2228
35.4994
33.6912
31.7937
29.8043
27.722
25.5458
23.275
20.9094
18.4499
15.898
13.2562
10.5286
7.72037
4.83818
1.89026
-1.11332
-4.16097
-7.23945
-10.334
-13.4281
-16.5038
-19.5421
-22.5227
-25.4248
-28.2269
-30.9074
-33.4452
-35.8199
-38.0119
-40.0035
-41.7787
-43.324
-44.6282
-45.6832
-46.4837
-47.0275
-47.3152
-47.3507
-47.1403
-46.693
-46.02
-45.1338
-44.0519
-42.7824
-41.5491
-40.3078
-39.0238
-37.3891
-36.0004
-33.6637
-32.7705
-28.7141
-30.3014
-21.2391
-31.3507
-7.31099
-43.6952
57.7927
58.1901
58.6118
59.0511
59.511
59.9915
60.4934
61.0171
61.5632
62.1322
62.7247
63.341
63.9815
64.6463
65.3357
66.0498
66.7884
67.5514
68.3385
69.1491
69.9826
70.8378
71.7139
72.6092
73.522
74.4503
75.3914
76.3428
77.3013
78.2633
79.2246
80.181
81.1279
82.0601
82.9722
83.8586
84.7134
85.5302
86.3028
87.0245
87.6888
88.2885
88.817
89.2671
89.6322
89.9056
90.0807
90.1515
90.1121
89.9573
89.6826
89.284
88.7585
88.1038
87.3188
86.4035
85.359
84.1878
82.8933
81.4807
79.9563
78.3281
76.605
74.7978
72.9185
70.9772
69.0005
67.2672
65.7317
64.1168
62.424
60.6693
58.8652
57.1052
55.0737
54.1919
49.9155
56.0705
35.0035
80.5538
51.3037
50.8624
50.3918
49.9093
49.4022
48.8637
48.2965
47.7025
47.0804
46.4295
45.7547
45.0647
44.3638
43.6472
42.9028
42.1158
41.2681
40.3371
39.3059
38.1715
36.9412
35.6238
34.2279
32.7609
31.2241
29.6131
27.9231
26.1515
24.2975
22.3603
20.3395
18.2352
16.048
13.7791
11.4311
9.00707
6.51141
3.94965
1.32872
-1.34307
-4.05607
-6.79913
-9.55948
-12.3228
-15.0736
-17.7951
-20.4693
-23.0775
-25.6003
-28.0182
-30.3119
-32.4623
-34.4513
-36.2621
-37.8794
-39.29
-40.4829
-41.4495
-42.1839
-42.6832
-42.9469
-42.9775
-42.78
-42.3621
-41.7327
-40.9066
-39.8884
-38.869
-37.8146
-36.7186
-35.2802
-34.0761
-31.9517
-31.2075
-27.4195
-29.0292
-20.4181
-30.2072
-7.05197
-42.4639
51.67
52.0176
52.3859
52.7703
53.1733
53.5948
54.0357
54.4966
54.978
55.4804
56.0046
56.5509
57.1198
57.7117
58.3269
58.9658
59.6284
60.3148
61.025
61.7587
62.5156
63.2952
64.0968
64.9194
65.7621
66.6233
67.5013
68.3944
69.3002
70.2162
71.1393
72.0662
72.9932
73.9161
74.8304
75.731
76.6127
77.4697
78.296
79.0853
79.831
80.5264
81.1644
81.7382
82.2406
82.6647
83.0036
83.2506
83.3992
83.4436
83.3781
83.1979
82.8987
82.4772
81.9309
81.2585
80.4597
79.5355
78.4879
77.3207
76.0389
74.6488
73.1582
71.5768
69.9154
68.1832
66.4059
64.8353
63.4366
61.959
60.4031
58.7834
57.1128
55.4713
53.589
52.7304
48.7728
54.5187
34.4066
78.5814
46.1006
45.7207
45.3157
44.9002
44.4636
44
43.51
42.9947
42.4547
41.8889
41.2959
40.6774
40.0403
39.3916
38.731
38.0498
37.3354
36.573
35.7428
34.8266
33.8178
32.7209
31.5436
30.2939
28.9794
27.6032
26.1622
24.6514
23.0682
21.4113
19.6802
17.8746
15.9943
14.0397
12.0122
9.91359
7.74683
5.51564
3.22495
0.880776
-1.50972
-3.9382
-6.39484
-8.86842
-11.3466
-13.8157
-16.2607
-18.6658
-21.0142
-23.2884
-25.4707
-27.5434
-29.4891
-31.2908
-32.9327
-34.4005
-35.6813
-36.7644
-37.6412
-38.3056
-38.7539
-38.9851
-39.0005
-38.8048
-38.403
-37.8075
-37.0193
-36.198
-35.3187
-34.3997
-33.1489
-32.1207
-30.2038
-29.6019
-26.0804
-27.7095
-19.5467
-29.0198
-6.74223
-41.2024
46.4183
46.722
47.0435
47.3796
47.7322
48.1015
48.4882
48.8929
49.3162
49.7587
50.2211
50.7038
51.2073
51.7322
52.279
52.848
53.4396
54.0539
54.6912
55.3516
56.035
56.7412
57.4698
58.2203
58.9921
59.7841
60.5952
61.4241
62.2691
63.1283
63.9993
64.8795
65.7661
66.6557
67.5447
68.4289
69.3038
70.1646
71.006
71.8225
72.608
73.356
74.0602
74.7137
75.3095
75.8407
76.3002
76.6809
76.9761
77.1793
77.2844
77.2854
77.1775
76.956
76.6176
76.1594
75.5801
74.879
74.0571
73.1164
72.0606
70.8945
69.6246
68.2591
66.8078
65.2789
63.6966
62.286
61.0227
59.6815
58.2623
56.7778
55.2414
53.7198
51.9891
51.1544
47.5233
52.8581
33.7242
76.5209
41.5908
41.2627
40.9129
40.5538
40.1767
39.7764
39.3532
38.9071
38.4374
37.9443
37.428
36.8869
36.3201
35.7318
35.1296
34.517
33.8892
33.2359
32.5447
31.7987
30.9798
30.078
29.0951
28.0376
26.9128
25.7282
24.4887
23.1924
21.8349
20.413
18.9254
17.3717
15.7516
14.0648
12.3118
10.4934
8.6113
6.66792
4.66656
2.61145
0.507785
-1.63821
-3.81905
-6.02601
-8.24928
-10.4779
-12.6994
-14.9007
-17.0674
-19.1844
-21.236
-23.206
-25.0781
-26.8363
-28.465
-29.9495
-31.276
-32.4325
-33.4086
-34.1958
-34.7879
-35.1811
-35.3737
-35.3672
-35.1633
-34.7722
-34.1911
-33.5506
-32.8333
-32.0788
-31.0053
-30.1429
-28.4266
-27.959
-24.7002
-26.3442
-18.627
-27.7874
-6.38796
-39.9034
41.867
42.1324
42.4133
42.7073
43.0159
43.3393
43.6783
44.0335
44.4053
44.7945
45.2016
45.6271
46.0716
46.5358
47.0199
47.5246
48.0503
48.5974
49.1661
49.7568
50.3695
51.0043
51.6612
52.34
53.0402
53.7615
54.503
55.2639
56.043
56.8389
57.6498
58.4738
59.3087
60.1517
60.9998
61.8498
62.6979
63.5398
64.3713
65.1874
65.9828
66.7518
67.4884
68.1866
68.8396
69.4408
69.9832
70.46
70.8642
71.1891
71.4281
71.5749
71.6238
71.5696
71.4077
71.1344
70.747
70.2439
69.6244
68.8893
68.0408
67.0822
66.0188
64.8572
63.6058
62.272
60.8781
59.6234
58.4926
57.2856
56.0013
54.6511
53.2487
51.8476
50.2693
49.4607
46.1615
51.084
32.9587
74.35
37.6459
37.3617
37.0587
36.7475
36.4208
36.0741
35.7077
35.3214
34.9141
34.4847
34.0334
33.5609
33.0661
32.547
32.0047
31.4455
30.8753
30.2935
29.6927
29.0621
28.3877
27.6522
26.8434
25.9597
25.0063
23.9897
22.9175
21.7954
20.6236
19.3979
18.115
16.7735
15.373
13.9131
12.3937
10.8152
9.17812
7.48405
5.7351
3.93409
2.0847
0.191407
-1.74017
-3.70337
-5.69055
-7.69296
-9.70063
-11.7026
-13.6868
-15.6404
-17.5498
-19.4005
-21.1779
-22.8669
-24.4529
-25.9214
-27.2586
-28.4518
-29.4895
-30.3618
-31.0605
-31.5797
-31.915
-32.0657
-32.0303
-31.8166
-31.4189
-30.941
-30.3712
-29.7675
-28.8595
-28.1512
-26.6269
-26.2844
-23.2841
-24.935
-17.6645
-26.506
-6.00063
-38.5546
37.8863
38.1184
38.364
38.6212
38.8914
39.1748
39.472
39.7837
40.1102
40.4523
40.8105
41.1853
41.5773
41.987
42.415
42.8617
43.3277
43.8134
44.3192
44.8455
45.3924
45.9603
46.5493
47.1593
47.7903
48.442
49.1141
49.806
50.5169
51.2461
51.992
52.7534
53.5287
54.3156
55.1119
55.9149
56.7216
57.5285
58.3318
59.1274
59.9108
60.6769
61.4205
62.1359
62.8172
63.4581
64.0522
64.5927
65.0731
65.4865
65.8262
66.0858
66.2592
66.3406
66.3247
66.2071
65.984
65.6526
65.2113
64.6594
63.9977
63.2285
62.3552
61.3834
60.3197
59.1707
57.9567
56.8519
55.8492
54.7728
53.6206
52.4025
51.1325
49.8517
48.4253
47.646
44.6829
49.1892
32.1172
72.0353
34.1626
33.9157
33.6524
33.3819
33.098
32.7968
32.4785
32.1429
31.789
31.4157
31.0221
30.608
30.174
29.7199
29.2436
28.7439
28.2245
27.6921
27.1497
26.5928
26.0125
25.3972
24.7316
24.0027
23.2063
22.3458
21.4268
20.4561
19.4402
18.3801
17.2719
16.112
14.8988
13.6322
12.3125
10.9395
9.51337
8.03475
6.50496
4.92592
3.30019
1.63099
-0.077565
-1.82039
-3.59164
-5.38445
-7.19082
-9.00185
-10.8076
-12.5973
-14.3591
-16.0807
-17.749
-19.3505
-20.8715
-22.2983
-23.6176
-24.8168
-25.8838
-26.8079
-27.5797
-28.1916
-28.6374
-28.9145
-29.0187
-28.9555
-28.717
-28.3825
-27.9449
-27.4772
-26.7216
-26.1544
-24.8125
-24.5834
-21.8378
-23.482
-16.6675
-25.1686
-5.59292
-37.1336
34.3723
34.5754
34.7902
35.0154
35.252
35.5003
35.7609
36.0343
36.321
36.6215
36.9365
37.2663
37.6116
37.9728
38.3505
38.7453
39.1576
39.5878
40.0364
40.5039
40.9906
41.4967
42.0226
42.5684
43.1341
43.7198
44.3252
44.9502
45.5942
46.2567
46.9368
47.6334
48.3455
49.0715
49.8096
50.5576
51.3131
52.0736
52.8357
53.596
54.3508
55.0958
55.8263
56.5374
57.2237
57.8797
58.4994
59.0766
59.6048
60.0777
60.4887
60.8314
61.0994
61.2867
61.3877
61.3973
61.3111
61.1253
60.8373
60.4453
59.949
59.3492
58.6483
57.8501
56.9601
55.9837
54.9391
53.9767
53.0964
52.1455
51.1209
50.0315
48.8909
47.7296
46.4527
45.7061
43.0843
47.1599
31.2159
69.534
31.0408
30.8258
30.5966
30.361
30.1137
29.8514
29.5743
29.2823
28.9743
28.6493
28.3066
27.9452
27.5648
27.1656
26.7479
26.3103
25.8503
25.3686
24.8713
24.3639
23.8459
23.3102
22.7469
22.1418
21.4809
20.759
19.9794
19.1476
18.2692
17.3498
16.3913
15.3903
14.3419
13.2442
12.0977
10.9028
9.65981
8.36889
7.03062
5.64626
4.21756
2.7469
1.23734
-0.307292
-1.8825
-3.48289
-5.10217
-6.73315
-8.36765
-9.99686
-11.6108
-13.1988
-14.7495
-16.2508
-17.6905
-19.0563
-20.3353
-21.5154
-22.5845
-23.5318
-24.3472
-25.0221
-25.549
-25.9235
-26.1397
-26.2009
-26.0972
-25.8866
-25.5658
-25.2182
-24.6014
-24.1599
-22.9922
-22.8583
-20.3717
-21.98
-15.6539
-23.7508
-5.19483
-35.6024
31.2239
31.4019
31.5901
31.7874
31.9949
32.2127
32.4415
32.6815
32.9334
33.1976
33.4746
33.7649
34.069
34.3874
34.7207
35.0692
35.4335
35.8141
36.2115
36.626
37.0581
37.508
37.9762
38.4629
38.9683
39.4924
40.0353
40.5969
41.177
41.7752
42.391
43.0237
43.6725
44.3363
45.0135
45.7028
46.4022
47.1096
47.8224
48.5378
49.2527
49.9635
50.6663
51.3567
52.0301
52.6817
53.3059
53.8973
54.4499
54.9577
55.4145
55.814
56.1499
56.4163
56.6074
56.7175
56.742
56.6763
56.517
56.2617
55.9088
55.4579
54.9102
54.2684
53.5365
52.7188
51.8314
51.0025
50.2378
49.4059
48.5032
47.5375
46.5223
45.4788
44.3477
43.6354
41.3676
44.9698
30.2983
66.7664
28.2763
28.0894
27.8902
27.6854
27.4705
27.2428
27.0021
26.7486
26.4814
26.1994
25.9021
25.5887
25.2591
24.9135
24.5524
24.1744
23.7733
23.3361
22.8496
22.3126
21.7393
21.1528
20.5759
20.0265
19.5106
19.013
18.4981
17.9226
17.2508
16.4716
15.6063
14.6918
13.7519
12.7878
11.7891
10.7468
9.65837
8.52522
7.34953
6.13274
4.87577
3.57975
2.24667
0.879409
-0.518732
-1.94345
-3.38995
-4.85255
-6.32453
-7.79886
-9.26713
-10.7202
-12.1485
-13.5416
-14.8887
-16.1784
-17.3992
-18.5395
-19.5879
-20.5338
-21.3669
-22.0779
-22.6587
-23.1033
-23.4048
-23.5651
-23.5722
-23.4655
-23.2456
-23.001
-22.5099
-22.1747
-21.1771
-21.1092
-18.9009
-20.4159
-14.6489
-22.228
-4.85198
-33.9202
28.4358
28.591
28.7551
28.9272
29.1082
29.2984
29.4981
29.7078
29.9279
30.159
30.4013
30.6555
30.9219
31.2011
31.4934
31.7995
32.1196
32.4545
32.8043
33.1698
33.5511
33.9487
34.363
34.7943
35.2429
35.7089
36.1924
36.6934
37.212
37.7483
38.3015
38.8713
39.4571
40.0584
40.674
41.3024
41.9426
42.5929
43.2511
43.9151
44.5821
45.2492
45.9132
46.5706
47.2172
47.8489
48.4607
49.0478
49.605
50.1265
50.6068
51.04
51.4198
51.7405
51.9967
52.1821
52.2921
52.322
52.2671
52.1249
51.893
51.5695
51.1549
50.6508
50.0597
49.385
48.6406
47.9349
47.2775
46.5566
45.7686
44.9205
44.0246
43.0957
42.1058
41.4238
39.5417
42.58
29.424
63.6739
24.9317
24.776
24.6097
24.4384
24.2588
24.0686
23.8677
23.6558
23.4325
23.1971
22.9489
22.6871
22.411
22.1195
21.8115
21.4865
21.1456
20.7912
20.4252
20.0461
19.65
19.2362
18.8071
18.3639
17.9031
17.4182
16.9012
16.3435
15.7429
15.1019
14.4203
13.6944
12.9243
12.1157
11.2729
10.3961
9.48346
8.53319
7.54461
6.51818
5.45466
4.35508
3.22067
2.05328
0.85494
-0.371291
-1.62202
-2.89314
-4.17966
-5.47613
-6.77608
-8.0723
-9.35701
-10.6217
-11.857
-13.053
-14.1997
-15.2866
-16.303
-17.2385
-18.0828
-18.8265
-19.4605
-19.9777
-20.37
-20.6365
-20.766
-20.7723
-20.6685
-20.5331
-20.1951
-19.961
-19.1884
-19.1457
-17.3299
-18.6332
-13.6457
-20.4713
-4.62788
-32.0392
25.0652
25.1954
25.333
25.4774
25.6294
25.789
25.9568
26.1332
26.3184
26.513
26.7173
26.9316
27.1564
27.3923
27.6395
27.8985
28.1698
28.4538
28.751
29.0617
29.3864
29.7256
30.0796
30.4486
30.8331
31.2334
31.6497
32.082
32.5306
32.9956
33.4768
33.9739
34.4868
35.0153
35.5584
36.1152
36.685
37.267
37.8594
38.4605
39.0683
39.6806
40.2951
40.909
41.5188
42.1214
42.7125
43.2878
43.8433
44.3736
44.8739
45.3391
45.763
46.1403
46.4659
46.7338
46.9384
47.0754
47.1394
47.1269
47.0348
46.8603
46.6026
46.2618
45.8389
45.3367
44.7653
44.2095
43.6839
43.1
42.4547
41.7537
41.0076
40.2267
39.4182
38.774
37.4207
39.6655
28.608
59.9031
21.4243
21.3012
21.1696
21.034
20.8918
20.7412
20.5821
20.4144
20.2377
20.0515
19.8551
19.6478
19.429
19.1981
18.9543
18.6987
18.4338
18.1645
17.8963
17.6317
17.3658
17.085
16.7714
16.4133
16.0081
15.5619
15.0847
14.5871
14.0765
13.5542
13.0155
12.4508
11.8494
11.2068
10.5269
9.81613
9.07713
8.3085
7.50783
6.67404
5.8069
4.90718
3.97548
3.01283
2.02043
0.99987
-0.046533
-1.11618
-2.2057
-3.31111
-4.42784
-5.55078
-6.67368
-7.78995
-8.8923
-9.97253
-11.0221
-12.0319
-12.9925
-13.8942
-14.7273
-15.4823
-16.1501
-16.7226
-17.1907
-17.5517
-17.7936
-17.9104
-17.9161
-17.8968
-17.6986
-17.5959
-17.0048
-17.0819
-15.5232
-16.8674
-12.3042
-18.95
-3.92087
-30.8458
21.5306
21.6347
21.7446
21.8601
21.9817
22.1095
22.2439
22.3854
22.534
22.6903
22.8546
23.027
23.2081
23.3984
23.5979
23.8072
24.0268
24.257
24.4984
24.751
25.0154
25.2922
25.5817
25.8839
26.1996
26.529
26.8725
27.2303
27.6025
27.9895
28.3913
28.8078
29.2394
29.6858
30.1466
30.6214
31.1099
31.6114
32.125
32.6495
33.1838
33.7262
34.2753
34.8287
35.3842
35.9394
36.491
37.0354
37.5696
38.0893
38.5903
39.0682
39.5179
39.9344
40.3129
40.648
40.9342
41.1667
41.3403
41.4507
41.4942
41.4675
41.3684
41.1954
40.9482
40.6284
40.2437
39.8517
39.471
39.0399
38.5551
38.0216
37.4483
36.8447
36.2385
35.7057
34.7888
36.7121
26.8216
57.3781
18.3927
18.294
18.1884
18.0796
17.9655
17.8447
17.7169
17.5822
17.4403
17.2906
17.1328
16.9663
16.7909
16.6059
16.4107
16.205
15.9881
15.7594
15.519
15.2667
15.0029
14.7276
14.4387
14.1327
13.8066
13.4628
13.1075
12.7453
12.3749
11.9886
11.5767
11.1325
10.6542
10.1425
9.59789
9.02175
8.41769
7.78859
7.13466
6.45412
5.74542
5.00824
4.24267
3.44949
2.62945
1.78346
0.912907
0.0193958
-0.894744
-1.82686
-2.77365
-3.73143
-4.6956
-5.66112
-6.62236
-7.57286
-8.50566
-9.41331
-10.2878
-11.1207
-11.9033
-12.627
-13.283
-13.8636
-14.3594
-14.767
-15.0739
-15.2616
-15.3424
-15.406
-15.3129
-15.3127
-14.8668
-15.0493
-13.6998
-15.1094
-10.885
-17.4673
-3.07131
-29.7199
18.4786
18.5628
18.6517
18.7452
18.8436
18.9473
19.0563
19.1709
19.2916
19.4185
19.5518
19.6918
19.8391
19.9939
20.1562
20.3268
20.5058
20.6936
20.8907
21.0972
21.3134
21.54
21.7772
22.0254
22.2849
22.556
22.8391
23.1345
23.4424
23.7631
24.0968
24.4435
24.8036
25.1771
25.5637
25.9634
26.3761
26.8011
27.2382
27.6867
28.1458
28.6145
29.0914
29.5753
30.0646
30.5575
31.0513
31.5437
32.0321
32.5134
32.9839
33.4402
33.8782
34.2935
34.682
35.0389
35.3593
35.6388
35.8723
36.0556
36.1851
36.2567
36.2677
36.2159
36.1001
35.9209
35.684
35.4252
35.1647
34.8627
34.5159
34.1292
33.7098
33.2691
32.8469
32.4366
31.912
33.6574
24.7429
54.8648
15.5953
15.516
15.4312
15.3438
15.252
15.1549
15.0522
14.9438
14.8297
14.7094
14.5824
14.4485
14.3074
14.1586
14.0016
13.8361
13.6617
13.4777
13.2839
13.0798
12.8652
12.6403
12.4054
12.1606
11.9038
11.6317
11.3422
11.0375
10.7232
10.4027
10.0731
9.72744
9.35804
8.96053
8.53395
8.07819
7.5935
7.08227
6.54819
5.99323
5.41666
4.81683
4.19261
3.54402
2.87161
2.17614
1.45855
0.719816
-0.0385477
-0.814801
-1.60648
-2.41107
-3.22516
-4.04493
-4.8662
-5.68386
-6.4925
-7.28615
-8.05828
-8.80183
-9.50936
-10.1735
-10.7863
-11.3408
-11.8282
-12.2448
-12.5785
-12.8038
-12.9308
-13.0477
-13.0298
-13.1027
-12.7742
-13.0338
-11.8747
-13.3181
-9.43651
-15.9027
-2.1973
-28.3587
15.6645
15.7324
15.8042
15.8796
15.9591
16.0428
16.1309
16.2236
16.3211
16.4238
16.5317
16.6451
16.7645
16.8899
17.0216
17.1601
17.3055
17.4582
17.6185
17.7866
17.9629
18.1477
18.3414
18.5443
18.7567
18.9788
19.211
19.4537
19.707
19.9713
20.2468
20.5335
20.8319
21.142
21.4636
21.797
22.142
22.4985
22.8661
23.2445
23.6333
24.0317
24.439
24.8541
25.276
25.7033
26.1342
26.567
26.9994
27.4294
27.854
28.2704
28.6756
29.0658
29.4377
29.7873
30.1102
30.4029
30.6608
30.88
31.0569
31.1876
31.2694
31.3
31.2773
31.2016
31.077
30.9226
30.7584
30.5618
30.3302
30.0682
29.7819
29.4868
29.2274
28.9403
28.7727
30.3599
22.4751
51.7201
12.9492
12.8867
12.8199
12.7509
12.6785
12.6019
12.5209
12.4355
12.3455
12.2506
12.1506
12.045
11.9337
11.8163
11.6925
11.562
11.4245
11.2795
11.1267
10.9656
10.7959
10.6173
10.4298
10.2335
10.0285
9.81439
9.58903
9.34896
9.09304
8.82461
8.54901
8.26859
7.97986
7.67632
7.3517
7.00266
6.62823
6.22824
5.80395
5.35868
4.89551
4.41518
3.91623
3.39724
2.85764
2.29779
1.7184
1.12021
0.504156
-0.128595
-0.776464
-1.43754
-2.10946
-2.78938
-3.47414
-4.15993
-4.84252
-5.51723
-6.17882
-6.82167
-7.43956
-8.02636
-8.57532
-9.08025
-9.53344
-9.93158
-10.263
-10.4999
-10.6496
-10.7957
-10.8272
-10.9482
-10.7107
-11.0236
-10.0291
-11.4836
-7.92577
-14.2416
-1.24754
-26.7713
13.0039
13.0576
13.1144
13.1742
13.2371
13.3034
13.3732
13.4467
13.524
13.6054
13.6911
13.7813
13.8761
13.9758
14.0806
14.1909
14.3067
14.4284
14.5562
14.6904
14.8313
14.9791
15.1342
15.2967
15.467
15.6454
15.832
16.0273
16.2315
16.4449
16.6676
16.8998
17.1419
17.394
17.6559
17.928
18.2104
18.5028
18.8052
19.1175
19.4392
19.7701
20.1095
20.457
20.8115
21.1723
21.5382
21.9077
22.2792
22.6511
23.0213
23.3876
23.7477
24.0984
24.4372
24.761
25.066
25.3493
25.607
25.8358
26.0324
26.1935
26.3162
26.3984
26.4384
26.4357
26.3931
26.3177
26.2282
26.115
25.9763
25.8167
25.6415
25.4707
25.3476
25.1743
25.3118
26.7457
19.8631
48.0068
10.4959
10.4477
10.3961
10.3427
10.2867
10.2274
10.1648
10.0987
10.0291
9.95562
9.87812
9.79637
9.71016
9.61919
9.52329
9.42225
9.31568
9.20321
9.08468
8.95977
8.82799
8.68909
8.54288
8.38923
8.22805
8.05959
7.88393
7.70014
7.50575
7.29771
7.07588
6.84441
6.60798
6.36768
6.11966
5.85792
5.57749
5.27586
4.95224
4.60702
4.24266
3.86275
3.46922
3.0616
2.6384
2.19881
1.74297
1.27147
0.784984
0.284285
-0.229823
-0.755983
-1.29271
-1.83791
-2.38933
-2.94423
-3.49941
-4.05134
-4.59604
-5.12911
-5.64571
-6.14079
-6.60893
-7.04503
-7.44252
-7.7988
-8.10324
-8.32934
-8.48109
-8.63466
-8.69219
-8.83827
-8.66578
-9.0093
-8.15088
-9.59728
-6.32611
-12.4689
-0.164341
-24.9311
10.5382
10.5796
10.6235
10.6695
10.7181
10.7692
10.8231
10.8797
10.9394
11.0022
11.0683
11.1378
11.2109
11.2878
11.3688
11.4539
11.5433
11.6372
11.7359
11.8396
11.9484
12.0627
12.1825
12.3082
12.4401
12.5782
12.7228
12.8742
13.0326
13.1984
13.3715
13.5522
13.7409
13.9376
14.1423
14.3553
14.5768
14.8066
15.0448
15.2914
15.546
15.8087
16.0792
16.3568
16.6412
16.9318
17.2279
17.5283
17.8321
18.138
18.4444
18.7498
19.0525
19.3501
19.6404
19.9213
20.1899
20.4434
20.6791
20.8942
21.0859
21.2514
21.3884
21.4948
21.5691
21.6109
21.6219
21.6015
21.5654
21.5133
21.4443
21.3629
21.2741
21.2024
21.184
21.1041
21.4855
22.7641
16.7872
43.7122
7.90337
7.86791
7.82993
7.79055
7.74931
7.70572
7.65964
7.61104
7.55984
7.50583
7.44888
7.38881
7.3255
7.25876
7.18843
7.1143
7.03612
6.95372
6.8669
6.77544
6.67902
6.57741
6.47034
6.35757
6.23905
6.11476
5.98479
5.84941
5.70853
5.56076
5.40325
5.23371
5.05331
4.86686
4.67855
4.48825
4.2922
4.08548
3.86435
3.62668
3.37146
3.09965
2.81416
2.51732
2.20893
1.88723
1.55096
1.20023
0.836122
0.459768
0.0721323
-0.325821
-0.732978
-1.1479
-1.56888
-1.9939
-2.42063
-2.84647
-3.26851
-3.68358
-4.08806
-4.47818
-4.84982
-5.19924
-5.52112
-5.81373
-6.06806
-6.2621
-6.39623
-6.53676
-6.59785
-6.7464
-6.61358
-6.96463
-6.21252
-7.62717
-4.60855
-10.5237
1.0683
-22.5637
7.93468
7.96533
7.99782
8.03199
8.06801
8.10606
8.14613
8.18831
8.23277
8.27961
8.3289
8.38083
8.43554
8.49316
8.55385
8.61767
8.68478
8.75543
8.82978
8.90791
8.98996
9.07623
9.16693
9.26206
9.36194
9.4667
9.5765
9.69158
9.81215
9.93834
10.0703
10.2082
10.3522
10.5024
10.6589
10.822
10.9916
11.1677
11.3503
11.5397
11.7353
11.9374
12.1455
12.3595
12.579
12.8036
13.0329
13.2661
13.5025
13.7412
13.9812
14.2214
14.4605
14.697
14.9293
15.1558
15.3745
15.5833
15.7802
15.9632
16.1299
16.2783
16.407
16.5138
16.5976
16.6586
16.6975
16.7091
16.7071
16.6953
16.6733
16.6453
16.6146
16.6084
16.6508
16.6211
17.1644
18.2779
13.0339
38.446
5.80762
5.78318
5.75708
5.73006
5.7017
5.67164
5.63985
5.60635
5.57098
5.53354
5.49407
5.45243
5.40841
5.36199
5.31305
5.2613
5.20666
5.14906
5.08828
5.0241
4.95642
4.88506
4.80975
4.73028
4.64646
4.55813
4.46529
4.36819
4.267
4.16186
4.05222
3.93614
3.81064
3.67446
3.53039
3.38326
3.23542
3.08417
2.92435
2.75145
2.56374
2.36145
2.14624
1.92156
1.69155
1.45824
1.22053
0.976144
0.723583
0.462631
0.19387
-0.0819693
-0.364184
-0.652017
-0.944491
-1.24043
-1.53833
-1.83645
-2.13286
-2.42544
-2.71168
-2.98904
-3.25465
-3.50604
-3.73924
-3.9535
-4.14157
-4.2888
-4.39077
-4.50254
-4.5492
-4.68209
-4.56666
-4.90663
-4.23074
-5.59169
-2.79108
-8.38102
2.40352
-19.3439
5.82892
5.84946
5.87129
5.8942
5.9183
5.94365
5.97029
5.99833
6.02787
6.0589
6.09146
6.12567
6.16166
6.1995
6.23923
6.28089
6.32463
6.37065
6.4189
6.46948
6.52248
6.57812
6.63655
6.69769
6.76172
6.82881
6.89908
6.9726
7.04954
7.13005
7.21416
7.30208
7.39392
7.48969
7.58956
7.69374
7.80236
7.91528
8.0326
8.15454
8.28094
8.41175
8.54699
8.68659
8.83035
8.97801
9.12935
9.28403
9.44158
9.60137
9.76287
9.92534
10.0878
10.2495
10.4094
10.5662
10.7186
10.8654
11.0051
11.1364
11.2577
11.3676
11.4653
11.549
11.6184
11.6733
11.7146
11.7381
11.749
11.7536
11.753
11.7509
11.751
11.7828
11.8558
11.8413
12.4522
13.3914
8.68412
31.765
2.49723
2.48255
2.46673
2.45032
2.43312
2.41492
2.39571
2.37547
2.3541
2.33152
2.30773
2.28264
2.25613
2.22813
2.19863
2.16744
2.13444
2.09959
2.06274
2.02371
1.98243
1.93871
1.89237
1.84319
1.79091
1.73529
1.67613
1.61334
1.54661
1.47531
1.39826
1.31376
1.22027
1.1185
1.01529
0.927608
0.88093
0.898403
0.986886
1.12836
1.28226
1.39878
1.43804
1.38574
1.25648
1.08255
0.895492
0.713116
0.538767
0.368741
0.199288
0.0291739
-0.141211
-0.311174
-0.480316
-0.648406
-0.815099
-0.979876
-1.14206
-1.30087
-1.45531
-1.60432
-1.74658
-1.88115
-2.00565
-2.12063
-2.2206
-2.30091
-2.35311
-2.418
-2.43099
-2.52831
-2.41139
-2.71086
-2.11176
-3.32015
-0.897712
-5.61805
3.30298
-13.5902
2.51024
2.5231
2.53683
2.55128
2.56658
2.58271
2.59969
2.61769
2.63679
2.65692
2.67812
2.70049
2.72418
2.74918
2.77551
2.80327
2.83257
2.86353
2.89607
2.93032
2.96644
3.00445
3.04442
3.0864
3.13048
3.17672
3.22525
3.27605
3.3292
3.38483
3.44289
3.50351
3.56661
3.63223
3.70042
3.77119
3.84456
3.92037
3.99872
4.07951
4.16254
4.24779
4.33524
4.42468
4.51588
4.60877
4.70301
4.79838
4.89465
4.99143
5.08853
5.18549
5.282
5.37758
5.47188
5.56426
5.65412
5.74107
5.82414
5.90263
5.97566
6.04257
6.10291
6.15567
6.20086
6.23906
6.27142
6.29281
6.31004
6.327
6.34312
6.35589
6.35899
6.37218
6.38895
6.26676
6.71682
7.48404
3.23838
21.6506
2.06124
2.059
2.05675
2.05435
2.05171
2.04886
2.04579
2.04247
2.03886
2.035
2.03088
2.02648
2.02175
2.01669
2.01132
2.00565
1.99966
1.99336
1.98677
1.97993
1.97289
1.96568
1.95844
1.9513
1.94443
1.93791
1.93152
1.92471
1.9168
1.90822
1.90294
1.91059
1.94603
2.02306
2.14126
2.27212
2.3561
2.31924
2.10506
1.70596
1.17719
0.624401
0.164953
-0.12157
-0.225635
-0.200915
-0.124082
-0.0528667
-0.00989327
0.00748996
0.00929135
0.00203276
-0.0125068
-0.0343549
-0.0631394
-0.097808
-0.137111
-0.179875
-0.225038
-0.27163
-0.318734
-0.365554
-0.411262
-0.455538
-0.497123
-0.537297
-0.572824
-0.607155
-0.624266
-0.653531
-0.647684
-0.70876
-0.619142
-0.829945
-0.427557
-1.21473
0.278971
-2.41297
2.63114
-5.92264
2.0632
2.06493
2.06668
2.06838
2.07009
2.07179
2.07338
2.07494
2.07643
2.07783
2.07909
2.08021
2.0812
2.082
2.08259
2.08294
2.08303
2.08288
2.08236
2.08151
2.08033
2.07873
2.07668
2.0742
2.07125
2.0678
2.06387
2.05941
2.05442
2.04895
2.04298
2.03654
2.0296
2.02226
2.01456
2.00653
1.99824
1.98976
1.98125
1.97274
1.96428
1.95604
1.94816
1.94072
1.93385
1.92771
1.92234
1.91786
1.91429
1.91171
1.91012
1.90936
1.90934
1.9098
1.91058
1.9114
1.91213
1.91283
1.91319
1.91323
1.91289
1.91223
1.9113
1.91
1.90862
1.90599
1.90265
1.909
1.89931
1.88052
1.85774
1.83968
1.8373
1.88046
1.97101
2.00166
2.30905
2.66554
0.410132
8.85514
)
;

boundaryField
{
    inlet
    {
        type            freestreamPressure;
        freestreamValue uniform 0;
        value           nonuniform List<scalar> 
134
(
3.33557
-1.26231
-5.99248
-10.0147
-12.8331
-14.4341
-14.4892
-12.9879
-9.96846
-4.59097
-0.82034
-1.32667
-2.20699
-3.02633
-3.85043
-4.71175
-5.61902
-6.57743
-7.60112
-8.71526
7.88548
-9.95449
-11.3375
-12.8016
-14.1832
-15.1871
-15.6786
-16.5485
-16.5724
-16.9069
-20.2363
-18.5912
-18.6704
-19.0453
-19.3253
-19.4686
-19.6081
-19.9552
-20.815
-21.8553
12.2287
16.7775
20.7646
23.1565
23.2133
19.6124
10.9347
-24.143
-23.6337
-22.8261
-22.3077
-21.9272
-21.4981
-21.012
-20.5133
-20.0146
-19.5087
-18.9892
-18.4562
-17.9098
-17.3469
-16.7621
-16.1456
-15.4809
-14.7503
-13.9326
-13.4137
-12.9239
-12.3312
-11.6398
-10.8379
-9.80639
-8.40403
-5.90174
-2.57032
3.96051
8.67038
13.8363
18.9164
23.837
28.485
32.4252
35.4472
37.6269
39.0352
39.8542
40.2863
40.5089
40.6666
40.971
41.7582
43.1533
44.6606
45.9008
46.9231
47.8113
48.5803
49.2036
49.6684
49.9828
50.1728
50.2991
50.4853
51.0443
52.4473
55.4743
56.7334
55.4164
53.9095
52.9398
52.1388
51.2271
50.2296
49.2185
48.2008
47.1562
46.0731
44.9464
43.7695
42.5298
41.208
39.7798
38.1994
36.4334
34.2794
32.8391
31.4064
29.613
27.4946
25.0435
22.0355
18.2155
12.4221
5.08504
)
;
    }
    outlet
    {
        type            freestreamPressure;
        freestreamValue uniform 0;
        value           nonuniform List<scalar> 
160
(
0.00767084
0.00767877
0.00766185
0.00768586
0.00765276
0.0076931
0.00764308
0.00770024
0.00763247
0.00770743
0.00762103
0.00771463
0.00760874
0.00772153
0.00759546
0.00772833
0.00758106
0.00773499
0.00756565
0.00774135
0.00754924
0.00774732
0.00753171
0.00775282
0.00751289
0.00775794
0.00749275
0.00776247
0.00747144
0.00776633
0.0074489
0.00776941
0.00742509
0.00777166
0.00740008
0.00777313
0.00737386
0.00777341
0.00734664
0.00777258
0.00731857
0.00777071
0.00728977
0.00776746
0.00726072
0.00776274
0.00723189
0.0077566
0.00720393
0.00774896
0.00717736
0.00773968
0.00715149
0.00772889
0.00712441
0.00771638
0.00709335
0.00770219
0.00705884
0.00768653
0.00703368
0.00766932
0.00705156
0.0076507
0.00716648
0.00763062
0.00743083
0.00760943
0.00784808
0.00758735
0.00832203
0.0075645
0.00864263
0.00754117
0.00853849
0.00751765
0.00778704
0.00749461
0.00633741
0.00747219
0.00438228
0.00745065
0.00232277
0.00743061
0.00061174
0.00741276
-0.000448967
0.0073974
-0.000829993
0.00738511
-0.000736948
0.00737661
-0.000454426
0.00737211
-0.000193516
0.00737217
-3.6215e-05
0.00737702
2.74226e-05
0.00738709
3.40237e-05
0.00740251
7.44469e-06
0.00742278
-4.58116e-05
0.00744774
-0.000125869
0.00747657
-0.000231406
0.00750877
-0.000358628
0.00754349
-0.000503034
0.00758036
-0.000660416
0.00761981
-0.000826997
0.00766086
-0.000999353
0.00770369
-0.00117426
0.00774832
-0.00134894
0.00779517
-0.00152051
0.00784473
-0.00168793
0.0078968
-0.00184675
0.00795276
-0.00200174
0.00800822
-0.00214126
0.00806558
-0.00227657
0.00815778
-0.0023483
0.00817583
-0.0024658
0.00816128
-0.00245575
0.00813578
-0.00269423
0.00813811
-0.00237483
0.00821856
-0.00317712
0.0085149
-0.00167228
0.00904896
-0.00464964
0.00934307
0.00113614
0.0109487
-0.00895808
0.0129379
0.0118483
0.00208073
-0.0190687
0.0423476
)
;
    }
    walls
    {
        type            zeroGradient;
    }
    frontAndBack
    {
        type            empty;
    }
}


// ************************************************************************* //
