/*--------------------------------*- C++ -*----------------------------------*\
| =========                 |                                                 |
| \\      /  F ield         | OpenFOAM: The Open Source CFD Toolbox           |
|  \\    /   O peration     | Version:  v1806                                 |
|   \\  /    A nd           | Web:      www.OpenFOAM.com                      |
|    \\/     M anipulation  |                                                 |
\*---------------------------------------------------------------------------*/
FoamFile
{
    version     2.0;
    format      ascii;
    class       volScalarField;
    location    "256";
    object      p;
}
// * * * * * * * * * * * * * * * * * * * * * * * * * * * * * * * * * * * * * //

dimensions      [0 2 -2 0 0 0 0];


internalField   nonuniform List<scalar> 
10720
(
1319.52
1532.97
1719.21
1849.22
1909.27
1916.62
1873.78
1766.32
1608.45
1418.21
1204.73
976.414
742.338
509.35
283.166
69.419
-129.321
-306.519
-461.041
-586.621
-682.561
-743.71
-774.203
-775.915
-760.16
-745.907
-732.352
-708.451
-674.113
-631.033
-579.528
-520.006
-452.809
-377.855
-294.734
-199.942
-89.4325
63.3594
276.855
1066.83
781.905
412.767
-13.8207
-474.998
-960.855
-1431.18
-1819.83
-2085.46
-2248.57
-2317.55
-2307.86
-2255.42
-2176.23
-2076.72
-1978.27
-1882.98
-1797.48
-1723.35
-1666.35
-1624.38
-1597.13
-1579.18
-1563.24
-1528.15
-1465.71
-1390.08
-1306.2
-1214.23
-1113.95
-1006.38
-892.489
-772.811
-646.848
-513.695
-369.009
-207.45
-2.01354
261.828
1384.14
1539.81
1675.28
1777.96
1835.14
1846.94
1809.86
1723.3
1595.67
1436.2
1251.74
1049.12
835.929
618.891
403.91
196.488
0.724784
-177.811
-336.131
-469.032
-574.265
-647.987
-692.364
-709.083
-707.644
-703.302
-696.353
-678.349
-649.118
-610.413
-562.704
-506.413
-441.93
-369.21
-287.857
-194.418
-84.9593
67.183
274.25
1208.68
1000.47
743.74
440.01
100.845
-263.901
-630.434
-965.956
-1246.6
-1470.48
-1632.08
-1728.53
-1776.11
-1789.45
-1776.66
-1749.3
-1711.48
-1669.32
-1627.73
-1592.84
-1565.23
-1545.91
-1531.61
-1516.27
-1483.72
-1426.96
-1356.78
-1277.86
-1190.42
-1094.27
-990.366
-879.649
-762.632
-638.861
-507.442
-364.093
-203.615
1.20931
259.095
1339.08
1475.59
1593.69
1683.25
1735.78
1751.11
1725.2
1657.07
1550.43
1411.06
1245
1058.46
858.386
651.45
443.807
241.109
48.3223
-129.385
-288.011
-423.034
-531.485
-610.29
-660.22
-683.334
-687.548
-685.495
-679.392
-662.995
-635.543
-598.557
-552.543
-497.836
-434.78
-363.304
-282.969
-190.336
-81.5144
69.6165
270.543
1185.87
1005.55
783.901
516.794
215.624
-112.561
-452.63
-780.324
-1071.32
-1311.02
-1490.48
-1608.79
-1677.52
-1709.05
-1711.65
-1694.38
-1664.31
-1628
-1590.92
-1558
-1531.16
-1511.38
-1496.18
-1480.02
-1449.91
-1398.46
-1332.83
-1257.67
-1173.49
-1080.24
-978.849
-870.274
-755.048
-632.769
-502.542
-360.143
-200.467
3.21732
255.591
1281.34
1396.77
1498.61
1577.52
1626.28
1644.15
1626.94
1573.47
1485.58
1367.16
1222.72
1057.15
876.227
685.81
491.668
299.336
113.934
-59.4603
-216.365
-352.39
-464.088
-548.546
-605.639
-637.4
-650.057
-653.929
-652.164
-640.073
-616.462
-582.724
-539.522
-487.215
-426.176
-356.371
-277.373
-185.806
-77.89
71.6891
266.473
1152.74
1002.61
817.37
594.249
342.576
65.497
-225.486
-510.472
-771.272
-996.195
-1178.36
-1316.33
-1415.53
-1481.62
-1519.26
-1534.44
-1533.33
-1521.72
-1504.79
-1487.22
-1471.79
-1459.69
-1449.26
-1435.93
-1409.78
-1364.03
-1303.51
-1232.77
-1152.57
-1062.92
-964.693
-858.846
-745.922
-625.56
-496.882
-355.748
-197.211
4.69551
251.091
1209.18
1310.22
1400.33
1470.91
1516.26
1535.64
1525.09
1483.46
1411.24
1310.85
1185.44
1038.67
875.334
700.462
519.334
337.277
159.467
-9.01657
-163.418
-299.359
-413.043
-501.592
-564.277
-602.694
-621.751
-629.901
-630.812
-621.299
-600.123
-568.565
-527.39
-476.949
-417.59
-349.266
-271.527
-181.032
-74.1318
73.6252
261.957
1096.68
966.316
805.227
610.415
390.664
146.797
-112.677
-371.377
-614.765
-833.167
-1019.6
-1170.08
-1284.95
-1366.9
-1420.49
-1450.71
-1463.13
-1463.04
-1455.28
-1444.21
-1432.88
-1422.7
-1412.66
-1399.1
-1374.29
-1332.15
-1275.51
-1208.37
-1131.58
-1045.16
-949.883
-846.669
-736.04
-617.657
-490.634
-350.92
-193.772
5.90138
245.502
1134.64
1223.76
1304.07
1367.71
1409.9
1429.93
1424.18
1391.67
1332.16
1247.17
1138.82
1009.76
863.805
705.129
538.326
368.307
200.069
38.5322
-111.488
-245.559
-359.743
-451.068
-518.311
-562.543
-587.68
-600.548
-604.901
-598.735
-580.81
-552.179
-513.639
-465.542
-408.22
-341.633
-265.335
-176.062
-70.3357
75.2658
256.918
1035.68
921.795
780.877
610.125
417.878
203.52
-26.2858
-257.347
-477.657
-679.612
-856.737
-1004.94
-1123.88
-1215.54
-1282.9
-1328.95
-1357.43
-1372.34
-1377.72
-1377.42
-1374.39
-1370.19
-1364.3
-1353.84
-1332.82
-1295.91
-1244.45
-1181.83
-1109.07
-1026.3
-934.256
-833.858
-725.647
-609.333
-484.061
-345.885
-190.329
6.65544
238.866
1060.48
1140
1212.2
1269.99
1309.18
1329.18
1326.92
1301.44
1252.18
1180.05
1086.47
973.236
843.303
700.029
547.307
389.548
231.385
77.5393
-67.2304
-198.499
-312.249
-405.384
-476.286
-525.493
-556.02
-573.242
-580.765
-577.54
-562.47
-536.416
-500.216
-454.244
-398.818
-333.895
-259.023
-171.009
-66.5647
76.5738
251.431
972.298
871.395
746.406
594.626
424.03
233.136
27.1877
-181.313
-382.238
-569.723
-738.214
-883.74
-1005.54
-1104.24
-1180.97
-1237.57
-1276.9
-1302.19
-1316.89
-1324.27
-1327.08
-1326.86
-1323.47
-1314.66
-1295.86
-1262.51
-1215
-1156.07
-1086.79
-1007.32
-918.338
-820.681
-714.883
-600.676
-477.219
-340.694
-186.92
6.92436
231.339
988.995
1060.45
1125.78
1178.5
1214.85
1234.41
1234.6
1214.5
1173.44
1111.99
1031.04
931.788
816.473
687.718
548.744
403.382
255.832
110.521
-27.9821
-155.348
-267.528
-361.327
-434.816
-488.025
-523.163
-544.433
-555.129
-554.9
-542.811
-519.52
-485.852
-442.191
-388.831
-325.721
-252.41
-165.799
-62.8068
77.5449
245.552
909.829
819.698
707.95
572.014
419.492
248.419
63.0476
-125.408
-308.214
-480.761
-638.279
-777.102
-896.422
-996.291
-1077.32
-1140.81
-1188.64
-1223.02
-1246.49
-1261.67
-1270.87
-1275.55
-1275.79
-1269.92
-1254.41
-1225.43
-1182.62
-1128.03
-1062.76
-987.023
-901.41
-806.742
-703.549
-591.603
-470.099
-335.367
-183.56
6.74632
223.115
921.023
985.662
1045.08
1093.34
1127.03
1145.88
1147.76
1131.79
1097.31
1044.69
974.476
887.418
785.186
669.798
543.842
410.579
273.733
137.347
5.71339
-116.991
-226.752
-320.308
-395.493
-451.872
-490.952
-515.941
-529.692
-532.323
-523.085
-502.472
-471.273
-429.889
-378.589
-317.315
-245.616
-160.503
-59.11
78.153
239.281
849.464
768.319
667.634
544.948
407.542
253.108
85.1964
-86.0638
-252.924
-411.778
-558.565
-689.998
-805.455
-904.811
-988.265
-1056.48
-1110.55
-1151.87
-1182.33
-1203.96
-1218.64
-1227.63
-1231.14
-1227.89
-1215.16
-1189.79
-1151.01
-1100.31
-1038.7
-966.464
-884.109
-792.394
-691.829
-582.206
-462.749
-329.948
-180.289
6.1255
214.34
856.981
915.755
970.024
1014.33
1045.55
1063.55
1066.53
1053.74
1024.57
979.233
918.109
841.616
750.997
647.762
533.953
412.306
286.028
158.751
34.4369
-82.9374
-189.487
-281.93
-357.909
-416.598
-458.897
-487.174
-503.806
-509.192
-502.747
-484.822
-456.136
-417.089
-367.927
-308.574
-238.587
-155.099
-55.4755
78.3964
232.635
791.932
718.438
627.172
515.783
391.232
251.046
98.188
-58.03
-210.673
-356.863
-493.125
-616.489
-726.589
-823.306
-906.608
-976.849
-1034.68
-1080.97
-1116.94
-1144.04
-1163.68
-1176.85
-1183.76
-1183.46
-1173.82
-1152.25
-1117.7
-1071.11
-1013.41
-944.87
-865.955
-777.355
-679.563
-572.401
-455.134
-324.431
-177.123
5.04955
205.084
796.938
850.625
900.382
941.13
970.054
987.134
990.814
980.501
955.603
916.305
862.87
795.499
715.103
622.802
520.183
409.485
293.435
175.237
58.4951
-53.0881
-155.802
-246.393
-322.377
-382.596
-427.437
-458.571
-477.876
-485.877
-482.114
-466.82
-440.625
-403.921
-356.926
-299.55
-231.352
-149.605
-51.9227
78.2779
225.631
737.528
670.604
587.445
485.785
372.278
244.365
104.581
-38.4892
-178.55
-313.27
-439.617
-554.958
-659.161
-752.2
-833.964
-904.692
-964.74
-1014.5
-1054.71
-1086.27
-1110.16
-1127.1
-1137.24
-1139.8
-1133.09
-1114.98
-1084.33
-1041.64
-987.686
-922.762
-847.263
-761.802
-666.847
-562.237
-447.277
-318.833
-174.088
3.51337
195.389
740.818
790.03
835.801
873.357
900.15
916.287
920.385
911.984
890.569
856.298
809.374
749.864
678.441
595.914
503.496
403.004
296.714
187.409
78.3115
-27.174
-125.548
-213.64
-288.901
-349.913
-396.635
-430.158
-451.879
-462.327
-461.127
-448.406
-424.692
-390.347
-345.562
-290.228
-223.909
-144.031
-48.4627
77.8015
218.299
686.335
625.131
549.011
455.825
351.904
234.679
106.345
-25.1527
-154.019
-278.341
-395.46
-503.015
-601.052
-689.672
-768.803
-838.629
-899.348
-951.072
-994.174
-1029.13
-1056.53
-1076.78
-1089.95
-1095.35
-1091.58
-1076.87
-1050.05
-1011.27
-961.113
-899.868
-827.864
-745.64
-653.627
-551.689
-439.174
-313.163
-171.197
1.52686
185.295
688.452
733.719
775.938
810.615
835.435
850.632
854.944
848.029
829.47
799.409
758.016
705.283
641.712
567.881
484.699
393.624
296.53
195.803
94.2861
-4.93334
-98.6021
-183.668
-257.575
-318.71
-366.683
-402.12
-425.971
-438.674
-439.898
-429.666
-408.395
-376.408
-333.862
-280.626
-216.271
-138.389
-45.106
76.98
210.669
638.327
582.127
512.187
426.435
330.918
223.061
104.811
-16.4297
-135.319
-250.249
-358.864
-459.021
-550.914
-634.782
-710.607
-778.613
-838.917
-891.465
-936.378
-973.822
-1004.03
-1027.13
-1043.05
-1051.14
-1050.18
-1038.67
-1015.45
-980.423
-933.982
-876.373
-807.868
-728.925
-639.934
-540.77
-430.834
-307.43
-168.461
-0.898872
174.852
639.645
681.41
720.442
752.51
775.513
789.79
794.175
788.429
772.228
745.706
709.028
662.142
605.437
539.319
464.453
381.995
293.485
200.936
106.83
13.932
-74.7753
-156.395
-228.405
-289.059
-337.699
-374.576
-400.245
-414.984
-418.475
-410.631
-391.757
-362.119
-321.836
-270.752
-208.448
-132.688
-41.8659
75.8285
202.772
593.385
541.617
477.129
397.961
309.855
210.288
100.991
-11.1303
-121.092
-227.545
-328.348
-421.556
-507.475
-586.454
-658.553
-724.054
-783.074
-835.477
-881.225
-920.258
-952.539
-977.969
-996.307
-1006.89
-1008.6
-1000.13
-980.358
-948.982
-906.21
-852.229
-787.25
-711.646
-625.761
-529.482
-422.261
-301.643
-165.888
-3.73455
164.093
594.184
632.811
668.976
698.673
720.015
733.402
737.757
732.943
718.696
695.166
662.529
620.708
570.008
510.713
443.305
368.698
288.139
203.311
116.352
29.7129
-53.8871
-131.739
-201.399
-261.04
-309.808
-347.661
-374.816
-391.354
-396.937
-391.363
-374.821
-347.511
-309.504
-260.622
-200.452
-126.943
-38.7493
74.3621
194.647
551.376
503.544
443.916
370.61
289.096
196.905
95.5955
-8.35946
-110.312
-209.083
-302.734
-389.466
-469.68
-543.803
-611.96
-674.523
-731.626
-783.138
-828.928
-868.788
-902.486
-929.726
-950.123
-962.961
-967.164
-961.53
-944.998
-917.116
-877.92
-827.519
-766.06
-693.832
-611.125
-517.834
-413.466
-295.81
-163.485
-6.95811
153.066
551.846
587.648
621.225
648.772
668.59
681.119
685.38
681.311
668.701
647.722
618.561
581.135
535.694
482.436
421.707
354.219
280.974
203.373
123.239
42.7253
-35.7193
-109.583
-176.528
-234.702
-283.11
-321.498
-349.797
-367.879
-375.362
-371.921
-357.633
-332.616
-296.893
-250.255
-192.299
-121.165
-35.7658
72.6044
186.333
512.145
467.834
412.548
344.499
268.882
183.298
89.1539
-7.45688
-102.185
-193.99
-281.094
-361.824
-436.636
-506.019
-570.172
-629.527
-684.285
-734.323
-779.502
-819.519
-854.02
-882.56
-904.622
-919.431
-925.904
-922.903
-909.408
-884.863
-849.145
-802.271
-744.32
-675.498
-596.037
-505.836
-404.456
-289.941
-161.254
-10.534
141.814
512.424
545.679
576.907
602.494
620.913
632.63
636.756
633.281
622.054
603.266
577.108
543.51
502.686
454.77
400.007
338.951
272.403
201.519
127.847
53.2618
-20.0532
-89.7924
-153.742
-210.062
-257.68
-296.187
-325.29
-344.652
-353.828
-352.372
-340.242
-317.473
-284.027
-239.67
-184.007
-115.367
-32.9184
70.5796
177.868
475.528
434.384
383.005
319.695
249.375
169.743
82.0669
-7.91562
-96.1005
-181.574
-262.68
-337.853
-407.589
-472.424
-532.598
-588.621
-640.742
-688.892
-732.94
-772.559
-807.316
-836.673
-860.016
-876.492
-884.999
-884.401
-873.724
-852.334
-819.969
-776.548
-722.075
-656.675
-580.519
-493.503
-395.244
-284.043
-159.193
-14.4277
130.387
475.718
506.663
535.749
559.551
576.681
587.644
591.605
588.612
578.565
561.665
538.12
507.87
471.104
427.918
378.481
323.227
262.788
198.116
130.518
61.6152
-6.66283
-72.2133
-132.962
-187.122
-233.578
-271.824
-301.397
-321.769
-332.42
-332.785
-322.705
-302.123
-270.941
-228.894
-175.593
-109.562
-30.2113
68.3168
169.299
441.362
403.079
355.236
296.216
230.686
156.436
74.6256
-9.33556
-91.5809
-171.278
-246.882
-316.921
-381.918
-442.425
-498.725
-551.376
-600.696
-646.665
-689.186
-727.949
-762.495
-792.225
-816.461
-834.282
-844.557
-846.127
-838.042
-819.616
-790.466
-750.408
-699.37
-637.396
-564.592
-480.851
-385.843
-278.122
-157.3
-18.5964
118.844
441.537
470.38
497.514
519.68
535.635
545.887
549.669
547.072
538.042
522.783
501.518
474.207
441.021
402.031
357.352
307.321
252.44
193.488
131.562
68.0569
4.67291
-56.6882
-114.107
-165.863
-210.841
-248.486
-278.209
-299.323
-311.221
-313.233
-305.081
-286.615
-257.672
-217.953
-167.079
-103.763
-27.6448
65.847
160.672
409.492
373.805
329.175
274.054
212.879
143.521
67.0524
-11.4221
-88.2446
-162.656
-233.206
-298.505
-359.084
-415.503
-468.077
-517.4
-563.84
-607.441
-648.152
-685.699
-719.635
-749.344
-774.11
-792.955
-804.719
-808.208
-802.481
-786.814
-760.722
-723.922
-676.26
-617.701
-548.287
-467.9
-376.264
-272.184
-155.565
-22.9986
107.239
409.705
436.634
461.981
482.65
497.526
507.116
510.712
508.447
500.296
486.471
467.211
442.49
412.473
377.213
336.784
291.455
241.618
187.911
131.254
72.8462
14.1718
-43.057
-97.0751
-146.25
-189.492
-226.235
-255.809
-277.401
-290.314
-293.793
-287.435
-271.001
-244.258
-206.878
-158.488
-97.9823
-25.2169
63.2035
152.032
379.77
346.45
304.749
253.187
195.981
131.094
59.5097
-13.9419
-85.798
-155.359
-221.262
-282.18
-338.639
-391.216
-440.237
-486.322
-529.878
-571.005
-609.711
-645.776
-678.779
-708.118
-733.073
-752.632
-765.607
-770.759
-767.15
-754.029
-730.826
-697.162
-652.802
-597.634
-531.634
-454.675
-366.526
-266.234
-153.978
-27.5872
95.6291
380.064
405.237
428.944
448.244
462.128
471.104
474.518
472.532
465.148
452.588
435.098
412.67
385.463
353.521
316.896
275.796
230.532
181.627
129.85
76.2245
22.047
-31.1492
-81.7503
-128.224
-169.531
-205.114
-234.268
-256.087
-269.782
-274.54
-269.834
-255.335
-230.746
-195.704
-149.843
-92.2318
-22.9221
60.4227
143.429
352.059
320.902
281.881
233.581
180.01
119.217
52.1173
-16.724
-84.0181
-149.114
-210.726
-267.594
-320.228
-369.204
-414.856
-457.82
-498.536
-537.15
-573.73
-608.117
-639.933
-668.613
-693.452
-713.432
-727.335
-733.896
-732.165
-721.369
-700.873
-670.21
-629.063
-577.247
-514.673
-441.2
-356.641
-260.273
-152.52
-32.3119
84.0732
352.461
376.022
398.222
416.264
429.239
437.645
440.884
439.135
432.426
420.987
405.069
384.679
359.974
330.994
297.774
260.482
219.362
174.842
127.565
78.405
28.4938
-20.8032
-68.017
-111.721
-150.942
-185.156
-213.647
-235.453
-249.706
-255.553
-252.348
-239.677
-217.183
-184.468
-141.171
-86.524
-20.7543
57.5425
134.912
326.227
297.053
260.492
215.191
164.962
107.934
44.9629
-19.6253
-82.7132
-143.688
-201.336
-254.451
-303.53
-349.135
-391.609
-431.593
-469.548
-505.665
-540.065
-572.641
-603.077
-630.858
-655.317
-675.446
-690.008
-697.726
-697.632
-688.939
-670.959
-643.148
-605.113
-556.595
-497.445
-427.505
-346.629
-254.304
-151.176
-37.1242
72.6342
326.754
348.836
369.645
386.533
398.673
406.552
409.626
408.082
401.973
391.532
377.017
358.447
335.977
309.647
279.482
245.618
208.25
167.726
124.589
79.5833
33.6968
-11.8579
-55.752
-96.6663
-133.698
-166.372
-193.99
-215.563
-230.162
-236.906
-235.046
-224.09
-203.621
-173.209
-132.498
-80.8697
-18.7047
54.5977
126.527
302.154
274.802
240.504
197.971
150.821
97.2667
38.1129
-22.5439
-81.7366
-138.9
-192.873
-242.506
-288.281
-330.744
-370.23
-407.384
-442.684
-476.355
-508.562
-539.252
-568.171
-594.866
-618.72
-638.755
-653.724
-662.353
-663.658
-656.845
-641.183
-616.066
-581.027
-535.74
-479.997
-413.623
-336.506
-248.327
-149.92
-41.9711
61.37
302.815
323.534
343.062
358.888
370.259
377.654
380.57
379.208
373.637
364.092
350.834
333.894
313.426
289.475
262.055
231.282
197.31
160.429
121.093
79.941
37.8289
-4.16008
-44.833
-82.9755
-117.757
-148.764
-175.335
-196.477
-211.223
-218.674
-217.999
-208.636
-190.113
-161.97
-123.854
-75.2808
-16.7615
51.6278
118.322
279.722
254.053
221.844
181.869
137.564
87.2273
31.6112
-25.3961
-80.9816
-134.606
-185.167
-231.564
-274.264
-313.792
-350.48
-384.965
-417.729
-449.03
-479.067
-507.84
-535.153
-560.62
-583.683
-603.41
-618.555
-627.866
-630.34
-625.186
-611.646
-589.053
-556.884
-514.747
-462.379
-399.588
-326.292
-242.34
-148.728
-46.8004
50.3417
280.525
299.984
318.329
333.174
343.839
350.79
353.56
352.359
347.275
338.539
326.413
310.94
292.273
270.46
245.513
217.53
186.635
153.07
117.219
79.6286
41.0451
2.42972
-35.1406
-70.5574
-103.066
-132.317
-157.698
-178.236
-192.946
-200.926
-201.277
-193.381
-176.715
-150.793
-115.266
-69.7658
-14.9134
48.6695
110.343
258.828
234.712
204.437
166.836
125.169
77.8181
25.4886
-28.1285
-80.3572
-130.687
-178.072
-221.46
-261.295
-298.084
-332.151
-364.127
-394.49
-423.516
-451.434
-478.295
-503.959
-528.098
-550.222
-569.454
-584.572
-594.346
-597.774
-594.061
-582.44
-562.202
-532.764
-493.683
-444.647
-385.44
-316.004
-236.342
-147.571
-51.5601
39.6068
259.774
278.067
295.319
309.259
319.273
325.816
328.451
327.398
322.756
314.753
303.651
289.503
272.461
252.576
229.861
204.399
176.294
145.748
113.087
78.7812
43.4835
8.04641
-26.5598
-59.3247
-89.5712
-117.011
-141.094
-160.88
-175.389
-183.725
-184.949
-178.388
-163.483
-139.725
-106.763
-64.3376
-13.145
45.7589
102.63
239.37
216.694
188.212
152.817
113.601
69.0289
19.7643
-30.6919
-79.7914
-127.05
-171.472
-212.055
-249.222
-283.459
-315.079
-344.697
-372.793
-399.65
-425.525
-450.503
-474.503
-497.25
-518.325
-536.915
-551.823
-561.863
-566.041
-563.565
-553.664
-535.602
-508.753
-472.621
-426.853
-371.215
-305.665
-230.329
-146.422
-56.1989
29.2214
240.459
257.673
273.909
287.014
296.429
302.596
305.11
304.194
299.955
292.619
282.449
269.501
253.929
235.789
215.091
191.911
166.336
138.54
108.798
77.5164
45.2691
12.8146
-18.9768
-49.1858
-77.2051
-102.814
-125.52
-144.436
-158.596
-167.131
-169.076
-163.722
-150.473
-128.807
-98.3781
-59.0042
-11.4439
42.9257
95.2233
221.255
199.915
173.103
139.76
102.83
60.8479
14.4451
-33.0556
-79.2313
-123.621
-165.274
-203.237
-237.913
-269.768
-299.105
-326.518
-352.479
-377.284
-401.201
-424.354
-446.698
-468.022
-487.972
-505.798
-520.345
-530.477
-535.213
-533.781
-525.409
-509.347
-484.934
-451.635
-409.059
-356.955
-295.294
-224.297
-145.248
-60.6717
19.2374
222.485
238.696
253.991
266.323
275.187
281.008
283.414
282.626
278.756
272.033
262.711
250.856
236.619
220.058
201.189
180.078
156.802
131.509
104.436
75.9362
46.5125
16.844
-12.2896
-40.0508
-65.9036
-89.6834
-110.965
-128.916
-142.608
-151.197
-153.72
-149.441
-137.742
-118.088
-90.1373
-53.7765
-9.79819
40.2036
88.1551
204.398
184.302
159.043
127.617
92.819
53.2577
9.53426
-35.1992
-78.6358
-120.338
-159.402
-194.916
-227.267
-256.896
-284.101
-309.454
-333.418
-356.288
-378.346
-399.738
-420.462
-440.361
-459.133
-476.103
-490.165
-500.232
-505.358
-504.786
-497.758
-483.52
-461.39
-430.798
-391.324
-342.703
-284.909
-218.244
-144.023
-64.9261
9.7042
205.765
221.043
235.462
247.078
255.435
260.94
263.247
262.579
259.053
252.892
244.346
233.488
220.466
205.342
188.131
168.901
147.715
124.702
100.069
74.1239
47.3111
20.2347
-6.39989
-31.8373
-55.601
-77.5789
-97.4114
-114.329
-127.452
-135.968
-138.936
-135.604
-125.342
-107.611
-82.0715
-48.663
-8.18965
37.6176
81.4558
188.717
169.78
145.97
116.337
83.5341
46.2403
5.02792
-37.1074
-77.9745
-117.156
-153.792
-187.015
-217.193
-244.748
-269.962
-293.392
-315.485
-336.539
-356.839
-376.552
-395.707
-414.193
-431.763
-447.811
-461.289
-471.164
-476.526
-476.649
-470.792
-458.206
-438.199
-410.184
-373.71
-328.501
-274.536
-212.165
-142.71
-68.9232
0.666618
190.215
204.624
218.227
229.182
237.069
242.284
244.504
243.949
240.743
235.101
227.268
217.322
205.41
191.593
175.894
158.372
139.088
118.153
95.7497
72.149
47.7439
23.0766
-1.22078
-24.461
-46.2252
-66.4492
-84.8317
-100.672
-113.146
-121.479
-124.77
-122.263
-113.325
-97.417
-74.2089
-43.6731
-6.6107
35.1935
75.1505
174.136
156.282
133.827
105.873
74.9382
39.7724
0.918489
-38.7744
-77.2265
-114.04
-148.396
-179.471
-207.615
-233.234
-256.594
-278.231
-298.579
-317.931
-336.577
-354.697
-372.345
-389.45
-405.816
-420.903
-433.72
-443.293
-448.76
-449.427
-444.579
-433.481
-415.442
-389.861
-356.276
-314.393
-264.194
-206.056
-141.286
-72.621
-7.83787
175.76
189.357
202.201
212.542
219.994
224.943
227.087
226.641
223.732
218.57
211.395
202.286
191.388
178.766
164.443
148.479
130.927
111.888
91.5231
70.0728
47.8849
25.4477
3.33092
-17.8457
-37.7112
-56.2416
-73.1948
-87.9354
-99.701
-107.76
-111.264
-109.466
-101.737
-87.5486
-66.5759
-38.8167
-5.04918
32.9495
69.2567
160.586
143.743
122.558
96.1782
66.9973
33.8301
-2.80343
-40.1995
-76.3785
-110.963
-143.175
-172.236
-198.476
-222.283
-243.916
-263.883
-282.606
-300.371
-317.467
-334.083
-350.296
-366.066
-381.243
-395.346
-407.449
-416.632
-422.094
-423.171
-419.181
-409.415
-393.189
-369.901
-339.079
-300.422
-253.904
-199.916
-139.725
-75.9853
-15.777
162.326
175.166
187.301
197.072
204.124
208.828
210.905
210.563
207.933
203.217
196.647
188.309
178.342
166.812
153.746
139.203
123.232
105.923
87.4223
67.9419
47.7937
27.4162
7.3247
-11.9202
-29.9941
-46.906
-62.4649
-76.1015
-87.1186
-94.8312
-98.4522
-97.2532
-90.6205
-78.0414
-59.1984
-34.1038
-3.49656
30.9009
63.7864
148
132.104
112.108
87.2086
59.6755
28.3891
-6.15284
-41.3842
-75.4205
-107.907
-138.103
-165.271
-189.728
-211.842
-231.861
-250.275
-267.485
-283.773
-299.422
-314.627
-329.48
-343.97
-357.986
-371.102
-382.457
-391.185
-396.549
-397.92
-394.654
-386.072
-371.508
-350.368
-322.176
-286.628
-243.689
-193.744
-138
-78.9845
-23.1236
149.848
161.979
173.452
182.694
189.374
193.854
195.871
195.631
193.262
188.961
182.953
175.324
166.212
155.684
143.769
130.523
115.995
100.268
83.4697
65.7941
47.5191
29.0409
10.8253
-6.62115
-23.0136
-38.3897
-52.6031
-65.1483
-75.3936
-82.7052
-86.3594
-85.6592
-80.0136
-68.9294
-52.1
-29.5421
-1.94756
29.0593
58.7478
136.316
121.308
102.429
78.9205
52.9384
23.4242
-9.1467
-42.3328
-74.3493
-104.858
-133.155
-158.543
-181.328
-201.86
-220.376
-237.345
-253.15
-268.064
-282.367
-296.252
-309.826
-323.098
-335.992
-348.131
-358.72
-366.945
-372.137
-373.705
-371.042
-363.506
-350.458
-331.32
-305.621
-273.053
-233.57
-187.541
-136.098
-81.5958
-29.8585
138.263
149.729
160.583
169.332
175.668
179.943
181.909
181.765
179.641
175.727
170.24
163.268
154.943
145.334
134.472
122.415
109.205
94.9219
79.6819
63.6582
47.1035
30.3736
13.8905
-1.88683
-16.7108
-30.6402
-43.5677
-55.0486
-64.5143
-71.3859
-75.0036
-74.7111
-69.9466
-60.2417
-45.3019
-25.1431
-0.39742
27.4309
54.1408
125.476
111.301
93.472
71.2735
46.7525
18.9092
-11.7991
-43.0557
-73.1641
-101.805
-128.312
-152.028
-173.243
-192.295
-209.411
-225.036
-239.537
-253.178
-266.229
-278.887
-291.262
-303.384
-315.203
-326.39
-336.209
-343.904
-348.863
-350.543
-348.376
-341.762
-330.094
-312.814
-289.463
-259.733
-223.569
-181.312
-134
-83.7993
-35.971
127.511
138.356
148.63
156.919
162.936
167.022
168.943
168.893
167.001
163.448
158.445
152.079
144.48
135.716
125.821
114.85
102.848
89.8849
76.0694
61.5586
46.5794
31.4561
16.5692
2.33419
-11.0325
-23.6077
-35.3171
-45.7715
-54.4638
-60.8695
-64.3946
-64.4288
-60.4451
-52.0035
-38.8231
-20.9149
1.15303
26.0161
49.9611
115.425
102.033
85.1918
64.2282
41.0854
14.8196
-14.1292
-43.5609
-71.8672
-98.7441
-123.563
-145.705
-165.45
-183.119
-198.929
-213.304
-226.596
-239.059
-250.951
-262.469
-273.726
-284.768
-295.566
-305.831
-314.891
-322.039
-326.724
-328.446
-326.684
-320.878
-310.459
-294.896
-273.745
-246.705
-213.708
-175.058
-131.699
-85.5826
-41.4523
117.54
127.8
137.531
145.391
151.112
155.023
156.907
156.947
155.272
152.056
147.503
141.699
134.77
126.784
117.777
107.803
96.9047
85.1499
72.6376
59.5103
45.9749
32.3245
18.9047
6.09091
-5.92885
-17.2436
-27.8078
-37.2825
-45.2189
-51.1465
-54.5352
-54.8247
-51.5273
-44.2339
-32.6798
-16.8669
2.70197
24.8132
46.1988
106.111
93.4561
77.5454
57.7467
35.9047
11.1294
-16.1559
-43.8605
-70.4631
-95.6746
-118.902
-139.563
-157.927
-174.302
-188.896
-202.112
-214.285
-225.657
-236.478
-246.941
-257.16
-267.192
-277.026
-286.41
-294.727
-301.326
-305.708
-307.419
-305.982
-300.882
-291.589
-277.606
-258.507
-234.001
-204.007
-168.789
-129.188
-86.9404
-46.3028
108.297
118.009
127.23
134.689
140.133
143.885
145.735
145.861
144.391
141.491
137.357
132.074
125.764
118.495
110.304
101.244
91.3574
80.7078
69.3871
57.5254
45.3108
33.0101
20.9351
9.42616
-1.35328
-11.5017
-20.9967
-29.5454
-36.7528
-42.2012
-45.4204
-45.9033
-43.2044
-36.9474
-26.8843
-13.008
4.24609
23.8149
42.8397
97.4868
85.5259
70.4922
51.7935
31.1802
7.81434
-17.8968
-43.9687
-68.9595
-92.5966
-114.322
-133.59
-150.659
-165.824
-179.285
-191.425
-202.562
-212.928
-222.762
-232.249
-241.508
-250.601
-259.531
-268.08
-275.68
-281.734
-285.798
-287.455
-286.277
-281.792
-273.513
-260.977
-243.783
-221.649
-194.486
-162.514
-126.468
-87.8694
-50.5283
99.7339
108.929
117.672
124.756
129.943
133.546
135.367
135.576
134.3
131.696
127.951
123.152
117.414
110.806
103.366
95.1448
86.185
76.547
66.3156
55.6111
44.6037
33.5364
22.6922
12.3776
2.73585
-6.33879
-14.8424
-22.5229
-29.0353
-34.0117
-37.0389
-37.6632
-35.4819
-30.153
-21.4469
-9.34664
5.77786
23.0111
39.8653
89.5068
78.1997
63.994
46.3344
26.8825
4.84933
-19.3712
-43.8976
-67.3635
-89.5137
-109.821
-127.777
-143.632
-157.666
-170.072
-181.215
-191.394
-200.832
-209.757
-218.347
-226.721
-234.943
-243.031
-250.792
-257.71
-263.235
-266.97
-268.543
-267.569
-263.618
-256.25
-245.034
-229.599
-209.676
-185.164
-156.244
-123.544
-88.3778
-54.1413
91.8056
100.515
108.807
115.54
120.487
123.952
125.748
126.037
124.942
122.614
119.233
114.882
109.674
103.676
96.9264
89.4759
81.366
72.6534
63.4179
53.7702
43.8654
33.9244
24.2039
14.9801
6.3771
-1.71366
-9.30324
-16.1765
-22.0332
-26.5524
-29.3737
-30.0957
-28.3587
-23.855
-16.3741
-5.88984
7.28914
22.3873
37.253
82.1281
71.438
58.0137
41.3368
22.9832
2.21195
-20.5979
-43.6605
-65.6841
-86.429
-105.4
-122.122
-136.837
-149.814
-161.239
-171.457
-180.752
-189.337
-197.427
-205.193
-212.752
-220.171
-227.478
-234.502
-240.773
-245.789
-249.197
-250.666
-249.85
-246.365
-239.81
-229.796
-215.978
-198.102
-176.061
-149.992
-120.426
-88.4753
-57.1575
84.47
92.7216
100.59
106.993
111.715
115.052
116.827
117.191
116.267
114.198
111.154
107.22
102.502
97.0669
90.9522
84.2093
76.8778
69.0125
60.6871
52.0039
43.105
34.191
25.494
17.263
9.60551
2.41236
-4.33974
-10.4674
-15.7117
-19.794
-22.403
-23.1865
-21.8276
-18.0523
-11.6691
-2.64433
8.76996
21.9275
34.9783
75.3108
65.2029
52.5171
36.7693
19.4554
-0.121927
-21.5955
-43.272
-63.9315
-83.3482
-101.058
-116.62
-130.267
-142.258
-152.77
-162.131
-170.612
-178.411
-185.735
-192.747
-199.558
-206.24
-212.825
-219.163
-224.827
-229.36
-232.45
-233.8
-233.106
-230.026
-224.198
-215.274
-202.935
-186.945
-167.192
-143.773
-117.125
-88.1777
-59.6001
77.687
85.5065
92.9752
99.0684
103.581
106.798
108.552
108.988
108.224
106.397
103.668
100.12
95.8558
90.9399
85.4105
79.317
72.6988
65.6085
58.1146
50.3112
42.3285
34.349
26.5823
19.2531
12.4537
6.0756
0.0869432
-5.35681
-10.0338
-13.7038
-16.0997
-16.9161
-15.8763
-12.7389
-7.33186
0.384635
10.2095
21.6127
33.0143
69.0171
59.4595
47.4714
32.6032
16.2729
-2.17347
-22.3817
-42.7463
-62.1155
-80.2781
-96.7989
-111.27
-123.917
-134.986
-144.651
-153.22
-160.949
-168.028
-174.652
-180.973
-187.102
-193.109
-199.028
-204.733
-209.832
-213.91
-216.692
-217.918
-217.317
-214.589
-209.411
-201.471
-190.481
-176.219
-158.573
-137.603
-113.66
-87.5068
-61.4942
71.4191
78.8307
85.9226
91.7243
96.0389
99.1441
100.881
101.384
100.77
99.168
96.7323
93.5426
89.6976
85.2603
80.2694
74.7723
68.8077
62.4257
55.6905
48.689
41.54
34.4096
27.4872
20.9744
14.9506
9.30984
4.01364
-0.806749
-4.96204
-8.24689
-10.4341
-11.2607
-10.4879
-7.90518
-3.35939
3.19321
11.5965
21.423
31.3315
63.2116
54.1737
42.8461
28.8102
13.4111
-3.96442
-22.9742
-42.0971
-60.2459
-77.2242
-92.6252
-106.072
-117.782
-127.993
-136.87
-144.707
-151.745
-158.164
-164.147
-169.839
-175.345
-180.735
-186.046
-191.167
-195.743
-199.398
-201.888
-202.988
-202.459
-200.037
-195.439
-188.385
-178.618
-165.933
-150.217
-131.498
-110.051
-86.4865
-62.8697
65.6312
72.6575
79.3934
84.9204
89.0489
92.0493
93.769
94.3351
93.8613
92.4692
90.3056
87.4482
83.9907
79.9949
75.4989
70.5492
65.1831
59.4484
53.405
47.1333
40.7421
34.3818
28.2235
22.4481
17.1233
12.1471
7.47611
3.22055
-0.458525
-3.38721
-5.37327
-6.19283
-5.64125
-3.53738
0.254075
5.77925
12.9199
21.3375
29.901
57.8609
49.3145
38.6116
25.3638
10.8463
-5.51534
-23.3903
-41.3371
-58.3331
-74.1938
-88.5406
-101.025
-111.86
-121.27
-129.418
-136.579
-142.982
-148.796
-154.194
-159.314
-164.253
-169.081
-173.838
-178.424
-182.519
-185.782
-187.999
-188.975
-188.501
-186.347
-182.265
-176.008
-167.346
-156.093
-142.135
-125.476
-106.319
-85.1451
-63.7602
60.2902
66.9522
73.3516
78.6195
82.5726
85.4737
87.177
87.8018
87.4585
86.2616
84.3503
81.8004
78.701
75.1119
71.0709
66.6229
61.8044
56.6605
51.2475
45.6395
39.9358
34.273
28.805
23.6937
18.9971
14.6174
10.5084
6.76199
3.51453
0.912562
-0.882761
-1.68218
-1.3123
0.381523
3.51735
8.14193
14.1688
21.3349
28.6926
52.9334
44.8522
34.7404
22.2391
8.55657
-6.84461
-23.6449
-40.4802
-56.3866
-71.1935
-84.5483
-96.1309
-106.147
-114.813
-122.284
-128.822
-134.642
-139.904
-144.769
-149.368
-153.794
-158.113
-162.365
-166.464
-170.118
-173.021
-174.986
-175.843
-175.412
-173.493
-169.87
-164.326
-156.66
-146.701
-134.338
-119.553
-102.489
-83.5135
-64.2006
55.3653
61.6825
67.7636
72.7863
76.5737
79.3805
81.0678
81.7467
81.5245
80.5086
78.8311
76.5655
73.7964
70.5815
66.9583
62.9701
58.652
54.0468
49.2075
44.2021
39.1215
34.089
29.2434
24.7289
20.595
16.7487
13.1427
9.8531
6.99466
4.69011
3.07353
2.30362
2.52588
3.87106
6.44125
10.2823
15.3333
21.3947
27.677
48.3998
40.7588
31.2069
19.4125
6.52049
-7.97162
-23.7547
-39.5386
-54.4164
-68.2301
-80.6522
-91.3896
-100.641
-108.615
-115.46
-121.424
-126.71
-131.467
-135.849
-139.975
-143.936
-147.794
-151.589
-155.245
-158.499
-161.073
-162.807
-163.553
-163.156
-161.443
-158.228
-153.323
-146.55
-137.755
-126.832
-113.744
-98.5842
-81.6228
-64.2282
50.8271
56.818
62.5975
67.3881
71.0184
73.7354
75.4066
76.1348
76.0245
75.1762
73.7148
71.7116
69.2467
66.3761
63.136
59.5684
55.7072
51.593
47.2749
42.8161
38.2989
33.8352
29.5492
25.5697
21.9384
18.5678
15.4103
12.5285
10.0188
7.98308
6.53224
5.79826
5.90207
6.95308
9.03881
12.2029
16.4052
21.497
26.8254
44.2323
37.0081
27.9864
16.8615
4.71828
-8.91278
-23.7337
-38.524
-52.4312
-65.3101
-76.8561
-86.8025
-95.3408
-102.672
-108.938
-114.375
-119.172
-123.469
-127.411
-131.111
-134.652
-138.094
-141.476
-144.73
-147.621
-149.898
-151.421
-152.064
-151.695
-150.165
-147.313
-142.978
-137.003
-129.253
-119.622
-108.064
-94.6296
-79.5069
-63.8813
46.6485
52.3301
57.8238
62.3943
65.8753
68.5066
70.1609
70.9338
70.9264
70.2326
68.9706
67.2091
65.0243
62.4695
59.5805
56.3973
52.9527
49.285
45.4402
41.476
37.4677
33.516
29.7324
26.2312
23.0478
20.0999
17.3406
14.8215
12.6228
10.8286
9.53
8.83594
8.84599
9.6509
11.3248
13.9084
17.3769
21.6233
26.1106
40.4048
33.5755
25.0559
14.5653
3.13105
-9.68545
-23.5959
-37.4478
-50.4399
-62.439
-73.1632
-82.3696
-90.2442
-96.9787
-102.711
-107.663
-112.012
-115.892
-119.435
-122.749
-125.911
-128.979
-131.989
-134.882
-137.445
-139.454
-140.788
-141.337
-140.991
-139.623
-137.094
-133.266
-128.004
-121.185
-112.712
-102.528
-90.6495
-77.1981
-63.1988
42.8039
48.1922
53.4145
57.7761
61.115
63.6638
65.3004
66.1133
66.1999
65.6484
64.5698
63.0306
61.1027
58.8375
56.2695
53.4372
50.3719
47.1099
43.6938
40.1768
36.6272
33.1357
29.8019
26.7274
23.9417
21.3684
18.9617
16.7638
14.8411
13.2628
12.1032
11.4511
11.3882
11.9889
13.3152
15.4043
18.2432
21.757
25.5068
36.893
30.4376
22.3939
12.5042
1.74089
-10.3047
-23.3547
-36.3204
-48.4502
-59.6222
-69.5764
-78.0916
-85.3485
-91.5305
-96.7705
-101.277
-105.218
-108.718
-111.901
-114.867
-117.689
-120.419
-123.095
-125.664
-127.933
-129.701
-130.865
-131.331
-131.005
-129.78
-127.539
-124.162
-119.532
-113.543
-106.102
-97.1469
-86.6668
-74.7293
-62.2191
39.2691
44.3791
49.3438
53.5065
56.7098
59.179
60.7969
61.6449
61.8172
61.3959
60.4856
59.1503
57.4579
55.4574
53.1826
50.67
47.9496
45.0555
42.0273
38.9138
35.7769
32.6982
29.7665
27.0715
24.6383
22.3957
20.3003
18.3858
16.7072
15.3209
14.2871
13.6779
13.5593
13.9919
15.0271
16.6981
19.0002
21.8831
24.9904
33.6737
27.5729
19.9801
10.6593
0.531329
-10.7852
-23.0222
-35.1516
-46.4696
-56.8649
-66.0978
-73.9681
-80.6509
-86.3218
-91.1084
-95.2071
-98.7758
-101.931
-104.789
-107.442
-109.957
-112.387
-114.763
-117.042
-119.047
-120.6
-121.612
-122.005
-121.698
-120.601
-118.614
-115.637
-111.569
-106.316
-99.7925
-91.9318
-82.7036
-72.1326
-60.9809
36.0216
40.8675
45.5872
49.5606
52.6341
55.0261
56.6239
57.5022
57.7521
57.4496
56.6932
55.5445
54.0672
52.3086
50.3009
48.0791
45.6717
43.1107
40.4328
37.6827
34.9164
32.2071
29.6339
27.276
25.1542
23.2032
21.3814
19.7163
18.2528
17.0365
16.1161
15.5495
15.3895
15.6851
16.4783
17.7982
19.6457
21.9888
24.54
30.7257
24.961
17.7953
9.01343
-0.513264
-11.1404
-22.6093
-33.9505
-44.5048
-54.1713
-62.7293
-69.9989
-76.1487
-81.3471
-85.7167
-89.4424
-92.6722
-95.5151
-98.0792
-100.451
-102.693
-104.852
-106.961
-108.979
-110.75
-112.113
-112.991
-113.319
-113.029
-112.046
-110.286
-107.664
-104.092
-99.4904
-93.7792
-86.8904
-78.7797
-69.4374
-59.5205
33.0405
37.6355
42.1221
45.9149
48.8638
51.1807
52.7569
53.661
53.9803
53.7856
53.1695
52.191
50.9101
49.3716
47.6069
45.6491
43.5251
41.2651
38.9031
36.4797
34.0455
31.6662
29.412
27.3526
25.5055
23.8106
22.2291
20.7825
19.5078
18.4417
17.6229
17.0978
16.9083
17.0934
17.6871
18.7143
20.1793
22.0636
24.1365
28.0287
22.5826
15.8218
7.55025
-1.40769
-11.383
-22.1268
-32.7252
-42.5618
-51.545
-59.4725
-66.1827
-71.8384
-76.6009
-80.5876
-83.9724
-86.8936
-89.454
-91.7536
-93.8726
-95.8694
-97.788
-99.6589
-101.445
-103.007
-104.201
-104.961
-105.233
-104.96
-104.08
-102.521
-100.212
-97.0793
-93.0519
-88.058
-82.0298
-74.9125
-66.6719
-57.8732
30.306
34.6625
38.9272
42.5473
45.3767
47.6201
49.1731
50.0982
50.4793
50.382
49.8933
49.0695
47.9671
46.6288
45.0845
43.3658
41.4981
39.5096
37.4317
35.3014
33.1644
31.0793
29.1083
27.3128
25.7072
24.2369
22.8655
21.6101
20.5008
19.5668
18.8389
18.3537
18.1442
18.241
18.6715
19.4565
20.602
22.0989
23.7633
25.5639
20.4199
14.0427
6.25456
-2.16534
-11.525
-21.5846
-31.4834
-40.6458
-48.989
-56.3279
-62.5181
-67.7165
-72.077
-75.7123
-78.7858
-81.4271
-83.7321
-85.794
-87.6865
-89.4645
-91.1684
-92.8269
-94.4074
-95.7836
-96.8286
-97.4857
-97.7094
-97.4534
-96.6644
-95.2842
-93.2522
-90.5067
-86.9852
-82.6231
-77.3547
-71.1184
-63.862
-56.0722
27.7997
31.9293
35.9826
39.4376
42.1518
44.3231
45.8512
46.7927
47.2283
47.2185
46.8449
46.1612
45.2206
44.0636
42.719
41.2163
39.5798
37.8358
36.013
34.1452
32.2734
30.45
28.7298
27.1671
25.7736
24.4997
23.3119
22.2233
21.2584
20.4404
19.7933
19.346
19.1242
19.1516
19.4497
20.0358
20.9163
22.0883
23.4062
23.3137
18.4561
12.4425
5.11194
-2.7992
-11.5771
-20.9916
-30.232
-38.7615
-46.5058
-53.2959
-59.003
-63.7783
-67.7688
-71.082
-73.8718
-76.2592
-78.3336
-80.1817
-81.8719
-83.4546
-84.9676
-86.4375
-87.8353
-89.0477
-89.9617
-90.5287
-90.7115
-90.4718
-89.7653
-88.5434
-86.7561
-84.351
-81.274
-77.4673
-72.8678
-67.4105
-61.031
-54.1485
25.5043
29.4181
33.2697
36.5665
39.1695
41.2701
42.7715
43.7249
44.2078
44.276
44.0058
43.4487
42.6544
41.6612
40.4968
39.189
37.7606
36.236
34.6418
33.0085
31.3731
29.7819
28.2837
26.9258
25.718
24.6157
23.5877
22.6444
21.8054
21.0889
20.5137
20.1023
19.8742
19.8478
20.0397
20.4635
21.1258
22.0272
23.0534
21.2615
16.6757
11.0067
4.10922
-3.32081
-11.5497
-20.3557
-28.9771
-36.913
-44.0973
-50.376
-55.6349
-60.0195
-63.6695
-66.6881
-69.2192
-71.3766
-73.2431
-74.8994
-76.4086
-77.8175
-79.1607
-80.4632
-81.6994
-82.7672
-83.5664
-84.0553
-84.2036
-83.9798
-83.3474
-82.2663
-80.6947
-78.5886
-75.9018
-72.5821
-68.5704
-63.8004
-58.1998
-52.1304
23.4038
27.1122
30.7713
33.9164
36.4119
38.4427
39.9155
40.8765
41.3999
41.5371
41.3595
40.9161
40.2534
39.4078
38.4056
37.273
36.0314
34.7036
33.3137
31.8896
30.4643
29.0789
27.7765
26.5985
25.5532
24.6003
23.7114
22.8943
22.1648
21.5371
21.0257
20.6478
20.4183
20.351
20.4584
20.7512
21.2352
21.9128
22.6953
19.3921
15.0641
9.72163
3.23404
-3.74136
-11.4518
-19.6846
-27.7241
-35.1037
-41.7648
-47.5675
-52.4109
-56.4347
-59.7719
-62.521
-64.8172
-66.7661
-68.4455
-69.9298
-71.2773
-72.5315
-73.7241
-74.8784
-75.9716
-76.9121
-77.6106
-78.0322
-78.1517
-77.9436
-77.3779
-76.4216
-75.0401
-73.1967
-70.8515
-67.9583
-64.462
-60.2969
-55.3865
-50.0435
21.4832
24.996
28.4712
31.4706
33.8621
35.824
37.2662
38.2307
38.788
38.9856
38.8902
38.5486
38.0039
37.2908
36.4342
35.4587
34.3845
33.2325
32.0249
30.7869
29.5479
28.3446
27.2147
26.1946
25.291
24.4681
23.7
22.9924
22.3581
21.8079
21.353
21.0063
20.7791
20.6815
20.7226
20.9105
21.2499
21.744
22.3245
17.6911
13.6077
8.57469
2.47493
-4.0708
-11.2923
-18.9851
-26.4778
-33.3361
-39.5087
-44.8689
-49.3275
-53.0185
-56.0688
-58.5717
-60.654
-62.4145
-63.9255
-65.2557
-66.4591
-67.5756
-68.6348
-69.6579
-70.625
-71.4534
-72.0642
-72.4277
-72.5235
-72.3307
-71.8251
-70.9795
-69.7654
-68.1524
-66.1062
-63.586
-60.5408
-56.9071
-52.607
-47.9111
19.7286
23.0551
26.3546
29.2138
31.5044
33.398
34.8079
35.7717
36.3567
36.6067
36.5838
36.3326
35.8933
35.2987
34.5724
33.7373
32.8126
31.8173
30.772
29.6993
28.6254
27.5827
26.6045
25.7225
24.9425
24.2325
23.5691
22.9565
22.4048
21.9222
21.5173
21.1997
20.9776
20.8582
20.848
20.9529
21.1761
21.5208
21.9354
16.1452
12.2939
7.55404
1.82129
-4.31848
-11.0788
-18.2632
-25.2424
-31.6127
-37.3295
-42.2783
-46.3809
-49.7654
-52.5523
-54.8305
-56.7187
-58.3089
-59.6683
-60.8606
-61.9356
-62.9299
-63.8708
-64.7781
-65.6338
-66.364
-66.8984
-67.2119
-67.2882
-67.1104
-66.659
-65.9116
-64.845
-63.4338
-61.6491
-59.4546
-56.8039
-53.6361
-49.8743
-45.7532
18.127
21.2759
24.4074
27.1318
29.3243
31.1502
32.5259
33.485
34.0919
34.3866
34.4272
34.2558
33.9101
33.4209
32.8107
32.1009
31.3092
30.4535
29.5522
28.6259
27.6978
26.7967
25.9516
25.1904
24.5179
23.9059
23.3332
22.8029
22.3228
21.8993
21.5386
21.2479
21.0329
20.8987
20.8496
20.8894
21.0203
21.2446
21.5241
14.742
11.1108
6.64877
1.26311
-4.49322
-10.8186
-17.5242
-24.0216
-29.935
-35.2266
-39.7935
-43.5669
-46.6692
-49.2146
-51.2879
-52.9999
-54.4364
-55.6595
-56.7284
-57.689
-58.5748
-59.4111
-60.2159
-60.9736
-61.6176
-62.0857
-62.3564
-62.4169
-62.2538
-61.851
-61.1908
-60.2541
-59.0199
-57.4634
-55.5532
-53.2468
-50.487
-47.1993
-43.5876
16.6663
19.6459
22.6167
25.2112
27.3084
29.067
30.4067
31.3574
31.9804
32.3127
32.4081
32.3067
32.0437
31.648
31.1408
30.5422
29.8687
29.1367
28.3631
27.5662
26.7668
25.9901
25.2617
24.6059
24.027
23.5
23.0058
22.5466
22.1287
21.7567
21.4352
21.1692
20.9629
20.8194
20.7414
20.731
20.7893
20.9175
21.0883
13.4699
10.0475
5.84868
0.791263
-4.60296
-10.5183
-16.7732
-22.8185
-28.3042
-33.1994
-37.412
-40.8812
-43.7237
-46.0479
-47.9344
-49.4866
-50.7841
-51.885
-52.8435
-53.7021
-54.4916
-55.2352
-55.9498
-56.6212
-57.1897
-57.6001
-57.8344
-57.8823
-57.7333
-57.3745
-56.7916
-55.9692
-54.89
-53.533
-51.8706
-49.8647
-47.4618
-44.5908
-41.4296
15.3353
18.1535
20.9706
23.4399
25.4441
27.1358
28.4377
29.3765
30.0102
30.3733
30.5155
30.4748
30.2843
29.9711
29.555
29.0547
28.4858
27.8633
27.2025
26.5198
25.8337
25.1663
24.5401
23.9762
23.4785
23.0251
22.5989
22.2014
21.8374
21.5103
21.2235
20.9804
20.7837
20.6353
20.5365
20.4882
20.4902
20.5425
20.6267
12.3182
9.09384
5.14425
0.39714
-4.65527
-10.1843
-16.0148
-21.6359
-26.7207
-31.2464
-35.1305
-38.319
-40.9226
-43.0442
-44.7604
-46.1675
-47.3396
-48.3306
-49.1905
-49.9583
-50.6624
-51.3241
-51.959
-52.5544
-53.0569
-53.4173
-53.6205
-53.6586
-53.5232
-53.2041
-52.6899
-51.9682
-51.0247
-49.842
-48.3957
-46.6517
-44.5607
-42.0556
-39.2917
14.1239
16.7883
19.4581
21.8064
23.7201
25.3452
26.6075
27.5308
28.1702
28.5578
28.739
28.7503
28.6231
28.3823
28.0463
27.6326
27.1559
26.63
26.0686
25.4864
24.8999
24.3284
23.7916
23.3079
22.8807
22.491
22.1237
21.7796
21.4624
21.1746
20.9185
20.6965
20.5101
20.3602
20.2472
20.1708
20.1298
20.1231
20.1393
11.2772
8.24065
4.52705
0.0731778
-4.65662
-9.82165
-15.2528
-20.4763
-25.1849
-29.3659
-32.946
-35.8755
-38.2591
-40.1952
-41.7562
-43.0319
-44.0908
-44.983
-45.7547
-46.4416
-47.0699
-47.6592
-48.2238
-48.7525
-49.1972
-49.5144
-49.6912
-49.7216
-49.5993
-49.3161
-48.8629
-48.23
-47.4056
-46.3749
-45.117
-43.6014
-41.7828
-39.5986
-37.1849
13.0227
15.5403
18.0692
20.3005
22.1256
23.6844
24.9053
25.8098
26.4498
26.856
27.069
27.1245
27.0522
26.8744
26.6082
26.2704
25.8747
25.4337
24.9597
24.466
23.9668
23.4794
23.0207
22.6068
22.2409
21.9065
21.5902
21.2923
21.0159
20.7625
20.5338
20.3311
20.1554
20.0067
19.8847
19.7882
19.7152
19.6633
19.6268
10.3379
7.47949
3.98941
-0.187367
-4.61261
-9.43474
-14.4898
-19.3408
-23.6964
-27.5567
-30.8557
-33.5459
-35.7269
-37.4929
-38.9125
-40.0688
-41.0256
-41.8291
-42.5219
-43.1368
-43.6978
-44.2231
-44.7256
-45.1956
-45.5898
-45.8696
-46.0242
-46.0489
-45.939
-45.6882
-45.2894
-44.7347
-44.0147
-43.117
-42.0234
-40.7069
-39.1261
-37.2231
-35.1175
12.0221
14.3997
16.7939
18.9122
20.651
22.1433
23.3211
24.2036
24.8395
25.2588
25.4963
25.5889
25.5642
25.4409
25.2349
24.9632
24.6385
24.2719
23.8746
23.4583
23.0358
22.6219
22.2315
21.8784
21.5659
21.2794
21.0073
20.7497
20.5088
20.2857
20.0814
19.8967
19.7318
19.5864
19.4595
19.3492
19.2531
19.1674
19.0909
9.49132
6.80171
3.52294
-0.391943
-4.52959
-9.02847
-13.7287
-18.2304
-22.2533
-25.8166
-28.8571
-31.3261
-33.3199
-34.9296
-36.2201
-37.2681
-38.1325
-38.8562
-39.4783
-40.0291
-40.5304
-40.9991
-41.4469
-41.8652
-42.2153
-42.4628
-42.5986
-42.6192
-42.5213
-42.3
-41.9496
-41.464
-40.8357
-40.0543
-39.1041
-37.9611
-36.5879
-34.9312
-33.0965
11.1128
13.3574
15.6228
17.6322
19.2868
20.7133
21.8464
22.7038
23.3309
23.7587
24.0126
24.1353
24.152
24.0752
23.9206
23.706
23.4432
23.1419
22.8117
22.4634
22.1081
21.7587
21.4279
21.128
20.8617
20.6169
20.3833
20.1608
19.951
19.7545
19.5721
19.404
19.25
19.1095
18.9809
18.8622
18.7499
18.6398
18.5338
8.72802
6.19793
3.1187
-0.5496
-4.41618
-8.61094
-12.9761
-17.1483
-20.8505
-24.139
-26.9448
-29.2102
-31.0308
-32.4971
-33.6699
-34.6198
-35.4006
-36.0524
-36.6112
-37.1047
-37.553
-37.9714
-38.3708
-38.7437
-39.0553
-39.2748
-39.3948
-39.4128
-39.3262
-39.1315
-38.8244
-38.4
-37.8523
-37.1727
-36.3478
-35.3563
-34.1644
-32.7235
-31.1268
10.2885
12.4068
14.5491
16.4531
18.0256
19.3863
20.4735
21.303
21.9174
22.3501
22.611
22.757
22.8091
22.7711
22.6594
22.4937
22.2849
22.0403
21.7689
21.4803
21.184
20.8912
20.6129
20.3596
20.134
19.9256
19.7257
19.5339
19.3514
19.1787
19.016
18.8633
18.7202
18.5856
18.458
18.3347
18.2122
18.085
17.9581
8.04209
5.66272
2.771
-0.665384
-4.27737
-8.18711
-12.2385
-16.1014
-19.4877
-22.5194
-25.1125
-27.1903
-28.8506
-30.1855
-31.2516
-32.1125
-32.818
-33.4052
-33.9073
-34.3498
-34.7509
-35.1248
-35.4816
-35.8147
-36.0924
-36.2881
-36.3951
-36.4115
-36.3359
-36.1656
-35.8973
-35.5271
-35.0504
-34.4602
-33.7448
-32.8855
-31.852
-30.6002
-29.2124
9.54918
11.5463
13.5694
15.3704
16.8614
18.155
19.1947
19.9918
20.5899
21.0223
21.2824
21.4509
21.534
21.5256
21.4483
21.3245
21.162
20.9664
20.7458
20.5092
20.2646
20.0215
19.7892
19.5767
19.3867
19.2104
19.0402
18.8756
18.7175
18.5661
18.4214
18.2831
18.1508
18.0233
17.8986
17.7741
17.6459
17.5078
17.3671
7.43444
5.19784
2.4848
-0.732176
-4.10405
-7.74596
-11.505
-15.0822
-18.1802
-20.9761
-23.3701
-25.2685
-26.7776
-27.9908
-28.9584
-29.7375
-30.3742
-30.9028
-31.354
-31.7508
-32.1098
-32.4441
-32.7634
-33.0613
-33.3095
-33.4848
-33.5808
-33.5968
-33.5316
-33.3835
-33.1501
-32.8281
-32.4145
-31.9028
-31.2835
-30.5401
-29.6454
-28.5592
-27.3547
8.88987
10.7706
12.6778
14.3776
15.7866
17.0105
17.9991
18.758
19.3369
19.76
20.0093
20.2111
20.3259
20.336
20.2842
20.1969
20.0752
19.9217
19.745
19.5537
19.3544
19.1547
18.9626
18.7858
18.6269
18.4786
18.3344
18.1936
18.0571
17.9247
17.7964
17.6717
17.55
17.4301
17.31
17.1867
17.0564
16.912
16.7631
6.90085
4.80039
2.25884
-0.748264
-3.89001
-7.27611
-10.7569
-14.0628
-16.914
-19.5228
-21.731
-23.4476
-24.8101
-25.9103
-26.7869
-27.4899
-28.0629
-28.5378
-28.9426
-29.298
-29.6192
-29.9182
-30.2037
-30.4704
-30.6931
-30.8507
-30.9383
-30.9549
-30.9
-30.7727
-30.5706
-30.292
-29.934
-29.4916
-28.9566
-28.3145
-27.5412
-26.6007
-25.5572
8.38197
10.1696
11.9806
13.5835
14.9042
16.0371
16.9381
17.6088
18.1108
18.4466
18.6242
18.925
19.1425
19.2056
19.2038
19.1751
19.1104
19.0086
18.8807
18.7358
18.5798
18.4195
18.262
18.1149
17.981
17.8545
17.7304
17.6076
17.4874
17.3693
17.252
17.1367
17.0226
16.9081
16.7911
16.6686
16.5367
16.3877
16.2328
6.48933
4.49374
2.07888
-0.761193
-3.70642
-6.85584
-10.0272
-12.9699
-15.408
-18.0385
-20.1866
-21.7918
-23.0705
-24.1157
-24.9476
-25.611
-26.1497
-26.5961
-26.9762
-27.3094
-27.6104
-27.8904
-28.1581
-28.4085
-28.6183
-28.7674
-28.8512
-28.8698
-28.8235
-28.7111
-28.5315
-28.2833
-27.9638
-27.5696
-27.0931
-26.5215
-25.8329
-24.9949
-24.0658
7.97901
9.68847
11.4122
12.9217
14.1482
15.1752
15.9654
16.5168
16.9017
17.0969
17.1496
17.6003
17.9664
18.1089
18.1759
18.2218
18.2267
18.1858
18.1124
18.0168
17.9049
17.7828
17.6579
17.5376
17.4254
17.3176
17.2101
17.1018
16.9946
16.8877
16.7778
16.6687
16.5597
16.4484
16.3325
16.2092
16.0741
15.9191
15.7566
6.16481
4.2534
1.94356
-0.753568
-3.51919
-6.43301
-9.27509
-11.8354
-13.802
-16.5518
-18.7217
-20.2631
-21.4966
-22.5217
-23.3385
-23.986
-24.5103
-24.9444
-25.3136
-25.637
-25.9289
-26.2007
-26.4608
-26.7048
-26.9103
-27.0574
-27.1417
-27.1643
-27.1253
-27.0242
-26.8605
-26.633
-26.3402
-25.9794
-25.5439
-25.0223
-24.3944
-23.6295
-22.7811
7.5866
9.21761
10.8544
12.2714
13.4057
14.3294
15.0133
15.4504
15.7241
15.785
15.7227
16.289
16.7857
17.0024
17.1309
17.2443
17.315
17.3329
17.3123
17.2649
17.1964
17.1122
17.0195
16.9257
16.8351
16.7458
16.6549
16.561
16.4669
16.371
16.2684
16.1657
16.0622
15.9547
15.841
15.7183
15.5822
15.4239
15.2588
5.85189
4.02596
1.82309
-0.728855
-3.31575
-5.99477
-8.52123
-10.7269
-12.2458
-15.0605
-17.2517
-18.7311
-19.9113
-20.9097
-21.7091
-22.3394
-22.8481
-23.2689
-23.627
-23.9403
-24.2228
-24.4861
-24.7389
-24.9769
-25.1786
-25.3247
-25.4111
-25.439
-25.4091
-25.3213
-25.1754
-24.9705
-24.7062
-24.3798
-23.9855
-23.5133
-22.9448
-22.252
-21.49
7.20702
8.76004
10.3105
11.6371
12.6815
13.5049
14.0872
14.4142
14.5827
14.5115
14.3448
14.9933
15.5996
15.8859
16.0703
16.2438
16.3755
16.4495
16.4799
16.4796
16.454
16.4077
16.3472
16.2797
16.2104
16.1393
16.0648
15.9855
15.9049
15.8206
15.7257
15.6296
15.5314
15.4272
15.3148
15.1916
15.0533
14.8896
14.7145
5.55213
3.81186
1.71672
-0.689392
-3.10007
-5.5455
-7.77349
-9.63913
-10.7585
-13.5695
-15.7716
-17.198
-18.3211
-19.2859
-20.0647
-20.6769
-21.1689
-21.5755
-21.9215
-22.2244
-22.4974
-22.7519
-22.9965
-23.2277
-23.4242
-23.567
-23.6529
-23.6833
-23.6593
-23.5816
-23.4498
-23.2642
-23.0249
-22.7299
-22.3742
-21.9493
-21.4378
-20.8117
-20.1146
6.84371
8.31983
9.78535
11.0241
11.9812
12.7076
13.1925
13.4121
13.48
13.2735
13.0123
13.7123
14.4053
14.7552
14.9916
15.2195
15.4077
15.5353
15.6148
15.6601
15.6766
15.6681
15.6405
15.6004
15.5533
15.5009
15.4425
15.3769
15.3092
15.2359
15.1495
15.0622
14.9729
14.877
14.772
14.6551
14.5223
14.3652
14.207
5.26817
3.61307
1.62511
-0.636079
-2.87505
-5.08988
-7.0384
-8.57277
-9.34804
-12.0896
-14.2804
-15.6615
-16.7279
-17.6534
-18.4076
-19.0004
-19.4745
-19.8659
-20.1992
-20.4915
-20.7557
-21.0028
-21.2412
-21.4688
-21.665
-21.8113
-21.904
-21.945
-21.9355
-21.8759
-21.7663
-21.6072
-21.3984
-21.1385
-20.8232
-20.4446
-19.9889
-19.4347
-18.8407
6.49989
7.90117
9.2841
10.4381
11.3106
11.9433
12.3352
12.4487
12.4186
12.0685
11.7188
12.4432
13.2002
13.6059
13.8901
14.1681
14.4101
14.5904
14.7189
14.8092
14.8667
14.8946
14.8983
14.8849
14.8609
14.8297
14.7906
14.7416
14.688
14.6247
14.5432
14.4574
14.3668
14.2673
14.1572
14.0342
13.8933
13.7194
13.5198
5.00205
3.43024
1.54779
-0.571678
-2.64457
-4.63417
-6.32289
-7.53228
-8.0162
-10.629
-12.7794
-14.1198
-15.1326
-16.0148
-16.7405
-17.3127
-17.7694
-18.1451
-18.4639
-18.7422
-18.9927
-19.2267
-19.4527
-19.6683
-19.8532
-19.9896
-20.0748
-20.1116
-20.1017
-20.0456
-19.9444
-19.7991
-19.6104
-19.3776
-19.0979
-18.7634
-18.3586
-17.8528
-17.267
6.1794
7.50978
8.81389
9.88634
10.6758
11.217
11.5168
11.5215
11.3926
10.8871
10.4516
11.1787
11.9817
12.4345
12.7596
13.0813
13.3733
13.6063
13.7862
13.9257
14.029
14.0972
14.1336
14.1439
14.1367
14.12
14.0963
14.0647
14.032
13.9907
13.9332
13.8747
13.8133
13.7426
13.6592
13.5605
13.4456
13.3135
13.2068
4.75521
3.26245
1.48132
-0.502215
-2.41526
-4.18552
-5.6321
-6.52121
-6.76059
-9.19435
-11.2718
-12.5714
-13.5348
-14.3716
-15.0645
-15.6122
-16.0503
-16.414
-16.7274
-17.0049
-17.2572
-17.4933
-17.7223
-17.9438
-18.1418
-18.2978
-18.4068
-18.4705
-18.4907
-18.4675
-18.4019
-18.2943
-18.1447
-17.952
-17.7138
-17.425
-17.0795
-16.6714
-16.2819
5.88631
7.15173
8.38275
9.37769
10.085
10.5347
10.7364
10.622
10.3902
9.71609
9.18921
9.9029
10.7429
11.2398
11.602
11.96
12.2926
12.5695
12.7956
12.9828
13.1352
13.2531
13.3386
13.3938
13.4208
13.4247
13.4095
13.3748
13.3295
13.2704
13.1869
13.095
12.9971
12.8905
12.7743
12.646
12.4946
12.2908
12.0124
4.52919
3.10843
1.42095
-0.436049
-2.19598
-3.75299
-4.97172
-5.54399
-5.57537
-7.788
-9.76035
-11.0141
-11.9309
-12.7236
-13.3849
-13.9067
-14.3141
-14.639
-14.9092
-15.145
-15.3607
-15.5673
-15.772
-15.9683
-16.134
-16.2548
-16.3321
-16.3691
-16.3673
-16.3274
-16.2516
-16.1417
-15.9997
-15.8259
-15.618
-15.3681
-15.0544
-14.6298
-14.062
5.62343
6.82945
7.99393
8.91813
9.54845
9.91173
10.0099
9.77048
9.43415
8.56313
7.91136
8.59303
9.46166
10.0037
10.4143
10.822
11.2025
11.5222
11.7857
12.0059
12.1861
12.3254
12.4291
12.5096
12.5806
12.6486
12.7105
12.7646
12.8153
12.8383
12.8432
12.8457
12.8389
12.8145
12.7703
12.708
12.6395
12.5883
12.6508
4.32766
2.97213
1.36973
-0.373559
-1.99114
-3.35085
-4.36128
-4.61426
-4.45415
-6.40923
-8.24639
-9.44772
-10.3184
-11.0598
-11.6855
-12.2029
-12.6388
-13.0142
-13.3402
-13.6238
-13.8742
-14.1024
-14.3227
-14.5452
-14.7625
-14.9516
-15.1005
-15.2104
-15.2829
-15.3186
-15.3172
-15.278
-15.2006
-15.0842
-14.9287
-14.7359
-14.5185
-14.3076
-14.2437
5.39276
6.54394
7.64839
8.51059
9.07523
9.36646
9.37
9.02671
8.58956
7.4503
6.60607
7.24615
8.11689
8.66823
9.11333
9.58749
10.0545
10.4674
10.8226
11.1296
11.3881
11.5877
11.7126
11.7523
11.7252
11.6691
11.6002
11.5155
11.4301
11.35
11.2494
11.1297
11.0129
10.9043
10.7978
10.6794
10.5137
10.2234
9.70172
4.15453
2.85993
1.33564
-0.307435
-1.79969
-2.99887
-3.83157
-3.74859
-3.39287
-5.05976
-6.72372
-7.86529
-8.70951
-9.40794
-9.95052
-10.3349
-10.598
-10.7927
-10.9615
-11.1272
-11.2985
-11.4788
-11.6661
-11.8406
-11.9702
-12.052
-12.0994
-12.1162
-12.1031
-12.0619
-11.9959
-11.9092
-11.8051
-11.6849
-11.5449
-11.3703
-11.1165
-10.691
-9.95633
5.20267
6.31526
7.3723
8.17809
8.67791
8.89179
8.79035
8.34862
7.76401
6.25468
5.21031
5.8831
6.77213
7.27332
7.64857
8.07417
8.53316
8.98079
9.40721
9.8179
10.2176
10.6158
11.0249
11.4419
11.8103
12.0987
12.3243
12.5257
12.711
12.7945
12.874
12.9396
12.9692
12.9616
12.9244
12.8767
12.8777
13.0326
13.5731
4.00431
2.75332
1.2881
-0.272575
-1.65351
-2.71664
-3.35635
-2.90419
-2.3802
-3.75472
-5.18963
-6.22487
-7.04185
-7.79177
-8.49522
-9.13959
-9.70857
-10.1813
-10.5554
-10.8455
-11.0747
-11.2668
-11.4532
-11.6745
-11.9479
-12.231
-12.4826
-12.698
-12.879
-13.0264
-13.1373
-13.2077
-13.2357
-13.222
-13.1732
-13.1067
-13.0773
-13.1913
-13.6967
5.07377
6.19192
7.2324
7.98547
8.39527
8.4691
8.1672
7.50121
6.55799
4.60357
3.53657
4.39987
5.51619
6.1777
6.6074
6.98048
7.32152
7.61955
7.87301
8.07698
8.2046
8.20802
8.05552
7.77761
7.53298
7.41174
7.34063
7.26839
7.21525
7.13709
7.02839
6.93125
6.89132
6.87674
6.86037
6.81734
6.66362
6.21218
5.22576
3.86217
2.59893
1.1355
-0.382917
-1.65635
-2.53366
-2.82002
-1.95493
-1.38366
-2.4946
-3.69664
-4.59859
-5.22124
-5.58698
-5.71915
-5.7059
-5.6441
-5.61658
-5.65532
-5.75873
-5.91079
-6.0972
-6.29309
-6.44038
-6.48148
-6.45224
-6.40679
-6.35156
-6.28433
-6.20401
-6.11729
-6.0316
-5.95184
-5.87881
-5.80428
-5.69921
-5.47381
-4.96213
-3.87356
5.01676
6.17981
7.23761
7.95544
8.27054
8.16996
7.60432
6.59311
5.10473
2.71402
1.52362
2.33734
3.62509
4.76003
5.81537
6.83709
7.838
8.82431
9.81352
10.8312
11.9078
13.0493
14.1843
15.1617
15.7507
15.965
16.2075
16.3253
16.6238
17.504
17.0463
16.8421
16.8731
16.8547
16.7472
16.6513
16.7047
17.14
18.1726
3.74433
2.41471
0.893227
-0.636032
-1.82794
-2.48505
-2.29464
-1.03509
-0.408718
-1.13015
-2.1228
-3.27683
-4.54304
-5.86404
-7.07883
-8.0709
-8.8176
-9.31498
-9.61196
-9.77521
-9.86498
-9.932
-10.0486
-10.3322
-10.8355
-11.4012
-11.8954
-12.3234
-12.7099
-13.0576
-13.3562
-13.5977
-13.782
-13.915
-14.0183
-14.1378
-14.397
-14.9869
-16.2508
707.217
683.987
658.358
630.866
602.062
572.603
543.117
513.986
485.405
457.486
430.309
403.947
378.468
353.932
330.391
307.885
286.445
266.089
246.823
228.646
211.541
195.489
180.458
166.416
153.323
141.138
129.818
119.32
109.606
100.633
92.3656
84.7675
77.804
71.4432
65.6541
60.4059
55.6689
51.4126
47.6068
44.221
41.224
38.5842
36.2701
34.2504
32.4936
30.9691
29.6475
28.5006
27.5016
26.6256
25.8498
25.1535
24.5185
23.9286
23.3701
22.8312
22.3026
21.7765
21.2473
20.7108
20.1642
19.6057
19.0348
18.4517
17.857
17.253
16.6406
16.1047
15.6214
15.1235
14.5674
14.0818
13.3492
13.1297
11.7791
12.6968
9.31063
13.8874
4.61227
18.9823
708.587
688.324
663.848
637.949
609.408
578.5
546.08
513.053
480.229
448.151
417.064
387.053
358.143
330.352
303.702
278.21
253.881
230.716
208.703
187.82
168.041
149.336
131.671
115.011
99.3181
84.5615
70.7087
57.7292
45.5931
34.2733
23.7474
13.9947
4.99726
-3.25944
-10.7899
-17.6094
-23.7337
-29.1806
-33.9696
-38.1232
-41.666
-44.6249
-47.0305
-48.9146
-50.3111
-51.256
-51.7864
-51.9397
-51.7537
-51.2657
-50.5123
-49.5292
-48.3497
-47.0058
-45.5269
-43.9404
-42.2708
-40.5404
-38.7687
-36.9728
-35.1677
-33.3659
-31.5781
-29.8127
-28.0775
-26.3766
-24.7163
-23.3262
-22.1075
-20.894
-19.5617
-18.3909
-16.7925
-16.01
-13.5883
-14.2256
-9.37981
-14.0202
-3.19222
-16.7882
255.606
254.533
255.649
256.434
256.818
256.632
255.763
254.132
251.712
248.512
244.55
239.857
234.468
228.43
221.796
214.625
206.986
198.956
190.61
182.027
173.292
164.481
155.671
146.933
138.332
129.926
121.764
113.888
106.332
99.1228
92.2782
85.8126
79.7328
74.0423
68.7404
63.823
59.2834
55.112
51.2973
47.8257
44.6816
41.8471
39.3035
37.0308
35.0073
33.2111
31.62
30.2114
28.9633
27.8543
26.864
25.9732
25.1641
24.4208
23.7289
23.0757
22.4505
21.8443
21.2497
20.6607
20.073
19.4833
18.8895
18.2905
17.6861
17.0772
16.4639
15.9301
15.45
14.9584
14.4076
13.9311
13.2077
12.9909
11.6757
12.5465
9.29981
13.6487
4.81147
18.5822
256.807
256.63
257.718
259.435
260.735
261.486
261.551
260.64
258.532
255.115
250.349
244.277
237.01
228.668
219.376
209.262
198.455
187.084
175.282
163.175
150.883
138.52
126.189
113.985
101.989
90.2707
78.8884
67.8918
57.3249
47.2252
37.6236
28.5413
19.9941
11.9937
4.54824
-2.3379
-8.66288
-14.4281
-19.6369
-24.2966
-28.4169
-32.0103
-35.0933
-37.6848
-39.8066
-41.4833
-42.742
-43.6114
-44.1216
-44.3038
-44.1897
-43.811
-43.1986
-42.3827
-41.3923
-40.2548
-38.9954
-37.6377
-36.2032
-34.7109
-33.1779
-31.6192
-30.0479
-28.4747
-26.9095
-25.3589
-23.8302
-22.5422
-21.4044
-20.2731
-19.0094
-17.9174
-16.3724
-15.663
-13.2942
-13.9594
-9.25305
-13.7235
-3.36598
-16.3117
123.175
123.115
123.154
123.037
123.056
123.169
123.375
123.656
123.989
124.345
124.683
124.964
125.144
125.181
125.032
124.654
124.012
123.075
121.815
120.213
118.26
115.954
113.302
110.322
107.039
103.486
99.7004
95.7261
91.6096
87.3984
83.1389
78.8772
74.6553
70.5118
66.4807
62.5913
58.8676
55.3291
51.9902
48.8608
45.9464
43.2487
40.7657
38.4926
36.4213
34.5416
32.8416
31.3075
29.9247
28.6778
27.5514
26.5301
25.5989
24.7437
23.9513
23.2098
22.5084
21.8378
21.1898
20.5577
19.9361
19.3207
18.7084
18.0973
17.486
16.8745
16.2625
15.7324
15.2574
14.7727
14.2304
13.7604
13.0569
12.8271
11.5791
12.3551
9.32437
13.336
5.069
17.9996
122.935
121.955
120.942
119.934
118.851
117.802
116.842
115.966
115.186
114.516
113.939
113.395
112.797
112.049
111.063
109.757
108.06
105.915
103.278
100.122
96.435
92.2223
87.5044
82.3177
76.7105
70.7413
64.4764
57.9868
51.3435
44.6173
37.8782
31.192
24.6198
18.2186
12.0384
6.12327
0.511043
-4.76691
-9.68451
-14.2219
-18.3644
-22.1023
-25.4314
-28.3519
-30.8686
-32.9905
-34.7303
-36.1042
-37.1314
-37.8332
-38.2332
-38.3561
-38.2275
-37.8732
-37.3191
-36.5903
-35.711
-34.7042
-33.5916
-32.3929
-31.1263
-29.8081
-28.4531
-27.0735
-25.681
-24.2845
-22.8914
-21.7093
-20.6568
-19.6101
-18.4233
-17.4058
-15.9366
-15.2711
-13.0171
-13.6218
-9.19311
-13.3156
-3.62851
-15.7437
126.692
126.808
126.738
126.508
126.135
125.583
124.866
123.988
122.958
121.785
120.476
119.045
117.502
115.86
114.128
112.315
110.429
108.476
106.456
104.369
102.214
99.9853
97.6763
95.2811
92.7933
90.2087
87.5251
84.7435
81.8691
78.9104
75.8802
72.7953
69.6749
66.5409
63.4166
60.3256
57.291
54.3346
51.4759
48.7324
46.1181
43.6438
41.3172
39.143
37.1224
35.254
33.5339
31.9559
30.5119
29.1924
27.9868
26.8838
25.8719
24.9396
24.0755
23.2689
22.51
21.7896
21.0997
20.4333
19.7845
19.1485
18.5215
17.9008
17.2843
16.6714
16.0611
15.5347
15.0638
14.585
14.0501
13.5866
12.8986
12.6647
11.4609
12.1859
9.28266
13.1102
5.15728
17.623
126.389
125.838
125.116
124.221
123.091
121.683
119.966
117.93
115.602
113.036
110.295
107.422
104.446
101.389
98.2662
95.092
91.8734
88.6102
85.2962
81.9201
78.4658
74.9137
71.2432
67.4355
63.474
59.3473
55.05
50.5847
45.9607
41.1954
36.3143
31.3485
26.3341
21.312
16.3243
11.4143
6.62422
1.99404
-2.43892
-6.64136
-10.5846
-14.244
-17.6004
-20.6396
-23.3522
-25.7336
-27.7838
-29.5072
-30.9121
-32.0101
-32.8158
-33.3462
-33.6206
-33.6594
-33.484
-33.1162
-32.5778
-31.8902
-31.0738
-30.1484
-29.1322
-28.0421
-26.8937
-25.7005
-24.4753
-23.2291
-21.969
-20.8902
-19.9194
-18.9533
-17.8406
-16.8957
-15.4972
-14.8825
-12.721
-13.3092
-9.06971
-13
-3.72153
-15.3713
110.837
110.809
110.761
110.693
110.573
110.391
110.143
109.815
109.398
108.879
108.249
107.499
106.619
105.604
104.448
103.15
101.709
100.127
98.4103
96.5648
94.5995
92.5241
90.3499
88.0882
85.7498
83.3457
80.8857
78.3791
75.8341
73.2583
70.6592
68.0447
65.4222
62.8006
60.1897
57.5999
55.0427
52.5302
50.0747
47.6883
45.3825
43.1675
41.0522
39.0439
37.1476
35.3662
33.7008
32.1501
30.7112
29.3793
28.1483
27.011
25.9591
24.9842
24.0773
23.2297
22.4327
21.6783
20.959
20.2681
19.5998
18.9491
18.3118
17.6849
17.0658
16.4533
15.8462
15.3241
14.858
14.3853
13.858
13.4018
12.7274
12.4946
11.3237
12.0194
9.20283
12.9139
5.16682
17.3428
110.652
110.205
109.72
109.234
108.702
108.087
107.364
106.502
105.467
104.236
102.798
101.154
99.2978
97.2234
94.9268
92.4085
89.6743
86.734
83.6007
80.2902
76.8201
73.2084
69.4726
65.6292
61.6926
57.6753
53.5875
49.438
45.2346
40.9851
36.699
32.3865
28.0601
23.7357
19.4321
15.1706
10.9755
6.87248
2.88848
-0.949557
-4.61547
-8.08431
-11.3337
-14.3446
-17.1008
-19.5901
-21.8039
-23.7382
-25.3924
-26.7696
-27.8764
-28.7223
-29.3198
-29.6833
-29.829
-29.7744
-29.5378
-29.1379
-28.5932
-27.9219
-27.1418
-26.2694
-25.3203
-24.3088
-23.2481
-22.1508
-21.0236
-20.048
-19.159
-18.2738
-17.2357
-16.365
-15.0355
-14.4799
-12.3963
-12.9994
-8.89592
-12.7225
-3.72284
-15.0657
84.222
84.1515
84.1059
84.0486
83.9758
83.8905
83.7915
83.6758
83.5411
83.383
83.1976
82.9793
82.7215
82.4173
82.0588
81.6376
81.1447
80.5716
79.9098
79.1513
78.2896
77.3191
76.2365
75.04
73.7303
72.3101
70.7844
69.1598
67.4445
65.6481
63.7812
61.8551
59.8809
57.8702
55.8347
53.7855
51.7339
49.691
47.6677
45.6746
43.7219
41.819
39.9749
38.1976
36.4937
34.8685
33.326
31.8686
30.4968
29.2099
28.0055
26.8801
25.8291
24.8468
23.9273
23.0639
22.25
21.4789
20.7444
20.0405
19.3619
18.7038
18.0621
17.4335
16.8156
16.2065
15.6051
15.0892
14.6294
14.1642
13.6462
13.1982
12.5393
12.3076
11.1724
11.8354
9.11457
12.6933
5.17758
17.0294
84.0794
83.6387
83.1785
82.7436
82.2884
81.7947
81.2591
80.675
80.0288
79.3078
78.5058
77.6234
76.6598
75.6076
74.4549
73.1879
71.7922
70.2543
68.5622
66.7054
64.6757
62.468
60.0805
57.5154
54.7778
51.8769
48.824
45.6334
42.3207
38.9031
35.3988
31.8259
28.2024
24.5475
20.8798
17.2188
13.5841
9.99624
6.47623
3.04547
-0.274509
-3.46207
-6.49657
-9.35863
-12.0306
-14.4968
-16.7444
-18.7636
-20.5477
-22.0932
-23.3998
-24.4704
-25.3107
-25.9293
-26.3366
-26.5453
-26.5694
-26.4239
-26.1245
-25.6872
-25.128
-24.4623
-23.7053
-22.8711
-21.9726
-21.0237
-20.0301
-19.1595
-18.3545
-17.5527
-16.5924
-15.7985
-14.5418
-14.0475
-12.0464
-12.6647
-8.7038
-12.4199
-3.7162
-14.7214
66.6455
66.6518
66.6775
66.6857
66.6826
66.6672
66.6377
66.5927
66.5309
66.4504
66.3502
66.2284
66.0832
65.913
65.7155
65.4884
65.2288
64.9342
64.6003
64.2231
63.7984
63.321
62.7853
62.1861
61.5183
60.777
59.9581
59.0588
58.0772
57.013
55.8679
54.6452
53.3496
51.9876
50.5668
49.096
47.5849
46.0437
44.4829
42.913
41.3446
39.7874
38.2511
36.7447
35.276
33.8522
32.4792
31.1618
29.9032
28.7056
27.5699
26.4954
25.4806
24.5229
23.6187
22.7639
21.9539
21.1839
20.449
19.7443
19.0653
18.4079
17.7683
17.1436
16.531
15.9289
15.3361
14.8285
14.3769
13.9208
13.4136
12.9749
12.3335
12.1023
11.0069
11.632
9.01807
12.4471
5.18722
16.6777
66.507
66.1605
65.7957
65.4429
65.067
64.658
64.2112
63.7182
63.1695
62.5548
61.8681
61.111
60.2913
59.4148
58.482
57.49
56.4339
55.3086
54.1091
52.8294
51.4622
50
48.4348
46.7592
44.9663
43.05
41.0063
38.8335
36.5322
34.1057
31.5609
28.9067
26.1546
23.3192
20.4165
17.4641
14.4811
11.4872
8.50299
5.54926
2.64695
-0.183015
-2.92015
-5.54484
-8.03843
-10.3836
-12.5649
-14.569
-16.3849
-18.0043
-19.4216
-20.6342
-21.642
-22.448
-23.0573
-23.4775
-23.7181
-23.79
-23.7053
-23.4774
-23.1197
-22.6461
-22.0702
-21.4054
-20.6641
-19.8604
-18.9992
-18.2335
-17.5135
-16.7961
-15.9158
-15.1999
-14.0199
-13.5865
-11.675
-12.3031
-8.49854
-12.0885
-3.7043
-14.3446
55.8708
55.9211
55.9832
56.0346
56.081
56.1194
56.1487
56.1675
56.1739
56.1662
56.1425
56.1007
56.0386
55.9541
55.8451
55.7092
55.5444
55.3488
55.1202
54.8566
54.5564
54.2177
53.8385
53.417
52.9515
52.4397
51.8797
51.2694
50.6067
49.8899
49.1176
48.2889
47.4037
46.4626
45.4676
44.4216
43.3285
42.1936
41.0229
39.8234
38.6026
37.3684
36.1288
34.892
33.6656
32.4569
31.2724
30.1181
28.9987
27.9182
26.8793
25.8837
24.9321
24.0242
23.1586
22.3335
21.5463
20.7936
20.0724
19.3788
18.7096
18.0612
17.4307
16.8153
16.2127
15.6213
15.0401
14.543
14.1012
13.6555
13.1607
12.732
12.1097
11.8792
10.8254
11.4121
8.90591
12.1863
5.17661
16.3186
55.7381
55.4685
55.1821
54.9016
54.6048
54.2873
53.9475
53.5773
53.1677
52.7097
52.1933
51.6112
50.9641
50.2576
49.4951
48.6755
47.7957
46.8521
45.8425
44.7648
43.6169
42.397
41.103
39.7328
38.2846
36.7556
35.1437
33.4468
31.6627
29.7901
27.829
25.7804
23.6466
21.4324
19.1445
16.7917
14.3849
11.9372
9.46311
6.97901
4.50216
2.05084
-0.356379
-2.70099
-4.96465
-7.12974
-9.17968
-11.0994
-12.8755
-14.4963
-15.9529
-17.2381
-18.3478
-19.28
-20.0353
-20.6167
-21.0292
-21.2799
-21.3771
-21.3308
-21.1519
-20.8519
-20.4426
-19.9362
-19.3437
-18.6795
-17.9468
-17.284
-16.648
-16.0141
-15.2142
-14.5761
-13.4747
-13.1019
-11.2833
-11.9206
-8.27449
-11.7413
-3.66861
-13.9624
47.1485
47.2031
47.2677
47.3274
47.3861
47.4416
47.4935
47.5409
47.5829
47.6183
47.6457
47.6638
47.671
47.6655
47.6455
47.609
47.5536
47.4772
47.3772
47.2513
47.0969
46.9117
46.6933
46.4396
46.1485
45.8182
45.4471
45.0341
44.5779
44.0777
43.5331
42.9436
42.3093
41.6304
40.9076
40.142
39.3353
38.4897
37.6081
36.6942
35.7521
34.7868
33.8034
32.8078
31.8058
30.8034
29.8063
28.8202
27.85
26.9001
25.9743
25.0754
24.2056
23.366
22.5573
21.7789
21.0301
20.3091
19.6141
18.9428
18.2928
17.6616
17.0469
16.4466
15.8587
15.2819
14.7154
14.2311
13.8008
13.3669
12.8862
12.4685
11.8666
11.6374
10.626
11.1754
8.77502
11.9132
5.14196
15.9605
47.0306
46.8078
46.5695
46.3356
46.0899
45.8298
45.5571
45.2679
44.9553
44.613
44.234
43.8096
43.3341
42.8083
42.2363
41.6199
40.9567
40.2429
39.4742
38.6472
37.7587
36.8055
35.7851
34.6951
33.5334
32.2987
30.9899
29.6065
28.1483
26.6158
25.01
23.3323
21.5846
19.7699
17.892
15.9556
13.9669
11.9334
9.86396
7.76917
5.66083
3.55226
1.45774
-0.607755
-2.62852
-4.58881
-6.47302
-8.26631
-9.95461
-11.5251
-12.9666
-14.2696
-15.4268
-16.4327
-17.2844
-17.9809
-18.5234
-18.9151
-19.1611
-19.2679
-19.2436
-19.097
-18.8378
-18.4766
-18.0228
-17.4903
-16.8806
-16.3173
-15.7632
-15.211
-14.4911
-13.9297
-12.9079
-12.5951
-10.8711
-11.5189
-8.02891
-11.3825
-3.60531
-13.5797
39.6994
39.7527
39.8153
39.8756
39.9364
39.9962
40.0549
40.1119
40.1668
40.2186
40.2669
40.3108
40.3493
40.3815
40.4062
40.4223
40.4282
40.4227
40.4039
40.3702
40.3195
40.2499
40.1591
40.045
39.9051
39.7371
39.5389
39.3083
39.0432
38.7418
38.4028
38.025
37.6076
37.1503
36.6529
36.1161
35.5405
34.9276
34.279
33.597
32.8842
32.1436
31.3787
30.5934
29.792
28.9788
28.1584
27.3354
26.5141
25.6988
24.8932
24.1007
23.3241
22.5655
21.8264
21.1077
20.4098
19.7322
19.0744
18.4351
17.813
17.2066
16.6143
16.0346
15.4661
14.9078
14.3594
13.8902
13.4734
13.0529
12.5878
12.1823
11.6024
11.3751
10.4071
10.9203
8.62495
11.625
5.08707
15.5973
39.5966
39.41
39.2096
39.012
38.8041
38.5836
38.3534
38.1129
37.858
37.5834
37.2843
36.9548
36.588
36.1796
35.7314
35.2476
34.7295
34.1755
33.5824
32.9468
32.2657
31.5363
30.7555
29.9205
29.0283
28.0762
27.0616
25.9826
24.8374
23.6252
22.3456
20.9989
19.5863
18.1096
16.5719
14.9766
13.3284
11.6329
9.89666
8.12718
6.3332
4.52449
2.71186
0.906944
-0.877739
-2.62911
-4.3337
-5.97814
-7.54921
-9.03427
-10.4215
-11.7004
-12.8618
-13.898
-14.8035
-15.5744
-16.2086
-16.7064
-17.0693
-17.3011
-17.4068
-17.3926
-17.266
-17.0357
-16.709
-16.2992
-15.8056
-15.3374
-14.8624
-14.3895
-13.7483
-13.2622
-12.3203
-12.0668
-10.4383
-11.0976
-7.76215
-11.0095
-3.51877
-13.1911
33.6982
33.7517
33.8134
33.8741
33.936
33.9981
34.0604
34.1224
34.1838
34.2441
34.3028
34.3595
34.4134
34.4638
34.5102
34.5515
34.5869
34.6154
34.6359
34.6473
34.6484
34.6376
34.6137
34.575
34.5198
34.4466
34.3533
34.2383
34.0995
33.9349
33.7429
33.5215
33.2693
32.9849
32.6671
32.3153
31.929
31.5082
31.0536
30.566
30.0467
29.4975
28.9206
28.3187
27.6946
27.0515
26.3928
25.7223
25.0433
24.3596
23.6746
22.9916
22.3134
21.6427
20.9814
20.3312
19.6932
19.0681
18.4561
17.857
17.2703
16.6954
16.1315
15.5776
15.0331
14.497
13.97
13.5184
13.1169
12.7117
12.2638
11.8717
11.3153
11.0908
10.1673
10.6452
8.45513
11.3197
5.0137
15.2235
33.6074
33.4515
33.2839
33.1173
32.9414
32.754
32.5579
32.3538
32.1401
31.9136
31.6701
31.4053
31.1139
30.79
30.4303
30.0371
29.6142
29.1627
28.6813
28.1674
27.6185
27.0324
26.407
25.7403
25.0299
24.2738
23.4696
22.6151
21.7085
20.7478
19.7316
18.659
17.5292
16.3425
15.0995
13.802
12.4524
11.0542
9.61175
8.13051
6.61688
5.07828
3.52304
1.96036
0.400301
-1.14637
-2.66831
-4.15391
-5.59138
-6.96897
-8.27534
-9.4997
-10.6323
-11.6643
-12.5884
-13.3987
-14.091
-14.6627
-15.113
-15.4427
-15.6542
-15.7513
-15.739
-15.6241
-15.4117
-15.1142
-14.7286
-14.3501
-13.9505
-13.5537
-12.9892
-12.5761
-11.7139
-11.5183
-9.98611
-10.6569
-7.47531
-10.6212
-3.4122
-12.7932
28.8743
28.9265
28.9855
29.0446
29.1053
29.1671
29.2298
29.2933
29.3572
29.4214
29.4854
29.549
29.6116
29.6728
29.7321
29.7888
29.8423
29.8919
29.9366
29.9757
30.0082
30.033
30.049
30.0551
30.05
30.0324
30.001
29.9543
29.8908
29.8091
29.7077
29.585
29.4395
29.2699
29.0747
28.8528
28.6031
28.3249
28.0176
27.6811
27.3155
26.9213
26.4996
26.0516
25.579
25.0838
24.5683
24.0352
23.487
22.9267
22.3572
21.7812
21.2015
20.6206
20.0407
19.4638
18.8914
18.3248
17.7649
17.2122
16.667
16.1292
15.5987
15.0753
14.5588
14.0488
13.5462
13.1145
12.7303
12.3418
11.9129
11.5355
11.004
10.7833
9.90539
10.3489
8.26457
10.9962
4.92152
14.838
28.7939
28.6628
28.5221
28.3814
28.2324
28.073
27.9056
27.7311
27.5493
27.3592
27.158
26.9422
26.7079
26.4505
26.1647
25.8481
25.5029
25.1324
24.7377
24.3172
23.8686
23.3897
22.8788
22.3343
21.7543
21.1372
20.4811
19.7845
19.0457
18.2632
17.4357
16.5621
15.6414
14.6731
13.657
12.5935
11.4836
10.3288
9.13166
7.89527
6.6238
5.32237
3.99694
2.65438
1.30249
-0.0501604
-1.39429
-2.72013
-4.01748
-5.27588
-6.4849
-7.63428
-8.71429
-9.71581
-10.6307
-11.4518
-12.1733
-12.7909
-13.3016
-13.7039
-13.998
-14.1855
-14.2689
-14.2533
-14.1415
-13.9449
-13.6581
-13.3628
-13.0341
-12.7092
-12.2185
-11.8754
-11.0916
-10.952
-9.51599
-10.1981
-7.16955
-10.2176
-3.28703
-12.3851
24.8833
24.9324
24.9872
25.0427
25.1001
25.1589
25.2193
25.2809
25.3438
25.4076
25.4723
25.5376
25.6032
25.6689
25.7342
25.7987
25.862
25.9236
25.9828
26.039
26.0916
26.1397
26.1824
26.2189
26.2481
26.2689
26.2803
26.281
26.2698
26.2454
26.2065
26.1517
26.0799
25.9896
25.8797
25.7489
25.596
25.4202
25.2206
24.9964
24.7472
24.4728
24.1732
23.8489
23.5004
23.1288
22.7353
22.3214
21.889
21.4401
20.9768
20.5013
20.0159
19.5227
19.024
18.5215
18.0172
17.5124
17.0085
16.5063
16.0068
15.5104
15.0176
14.5285
14.0435
13.5626
13.0873
12.6775
12.3123
11.9422
11.5338
11.1723
10.667
10.4511
9.61984
10.0304
8.05219
10.6538
4.81098
14.4401
24.8123
24.7013
24.5821
24.4627
24.3361
24.2003
24.057
23.9069
23.7504
23.5876
23.4176
23.238
23.0456
22.8374
22.6091
22.356
22.0763
21.7722
21.4468
21.1008
20.7327
20.3406
19.9224
19.4766
19.0018
18.4965
17.9591
17.3881
16.7819
16.1393
15.4589
14.7397
13.9806
13.1811
12.3406
11.4592
10.5372
9.57532
8.5749
7.53784
6.46672
5.36487
4.23638
3.08609
1.91973
0.743774
-0.434513
-1.60725
-2.76598
-3.90178
-5.00549
-6.06781
-7.07956
-8.0319
-8.91653
-9.72577
-10.4529
-11.0924
-11.6398
-12.092
-12.4471
-12.7049
-12.866
-12.9334
-12.9081
-12.8002
-12.6021
-12.3826
-12.1195
-11.8615
-11.4409
-11.1639
-10.4566
-10.3703
-9.02982
-9.7223
-6.84593
-9.79903
-3.14518
-11.9656
21.5333
21.5786
21.6289
21.68
21.7332
21.7881
21.8446
21.9027
21.9625
22.0236
22.0862
22.1499
22.2147
22.2803
22.3466
22.4133
22.48
22.5464
22.6121
22.6767
22.7396
22.8003
22.8582
22.9126
22.9627
23.0078
23.0468
23.0789
23.1031
23.1182
23.1232
23.1168
23.0979
23.0652
23.0175
22.9537
22.8726
22.7731
22.6541
22.5149
22.3546
22.1726
21.9685
21.7421
21.4935
21.2227
20.9305
20.6174
20.2845
19.933
19.5643
19.18
18.7817
18.3712
17.9503
17.5207
17.0839
16.6417
16.1953
15.7459
15.2947
14.8426
14.3902
13.9384
13.4877
13.0384
12.5927
12.2068
11.8621
11.5118
11.1253
10.781
10.3031
10.093
9.30925
9.68805
7.81687
10.2907
4.68251
14.0264
21.4708
21.3761
21.2746
21.1727
21.0648
20.9489
20.8261
20.6969
20.5615
20.4204
20.2738
20.1207
19.9591
19.7866
19.6001
19.3959
19.1699
18.9208
18.6507
18.3624
18.0566
17.7318
17.3862
17.0182
16.6265
16.2099
15.767
15.2966
14.7973
14.2677
13.7067
13.1131
12.4858
11.824
11.127
10.3944
9.6262
8.82255
7.98411
7.11201
6.20785
5.27383
4.31278
3.32809
2.32391
1.3051
0.277176
-0.753685
-1.7807
-2.7965
-3.79331
-4.76304
-5.69748
-6.5884
-7.42784
-8.20816
-8.92235
-9.56415
-10.1282
-10.6102
-11.0069
-11.3165
-11.5379
-11.6726
-11.7197
-11.6879
-11.5678
-11.4162
-11.2128
-11.0162
-10.661
-10.4458
-9.81205
-9.77588
-8.52967
-9.23088
-6.50618
-9.36471
-2.98934
-11.5309
18.7086
18.7501
18.7957
18.8425
18.8913
18.9418
18.994
19.0481
19.1038
19.1612
19.2202
19.2808
19.3429
19.4062
19.4708
19.5365
19.6029
19.67
19.7373
19.8047
19.8718
19.9381
20.0033
20.0668
20.128
20.1865
20.2414
20.2921
20.3377
20.3775
20.4104
20.4356
20.452
20.4586
20.4543
20.4378
20.4082
20.3644
20.3052
20.2296
20.1367
20.0257
19.8958
19.7464
19.5772
19.3878
19.1783
18.9488
18.6997
18.4315
18.145
17.8413
17.5213
17.1863
16.8377
16.4768
16.1051
15.7239
15.3346
14.9384
14.5365
14.13
13.7199
13.3071
12.8926
12.477
12.0627
11.7021
11.3792
11.0498
10.6864
10.3603
9.91084
9.7077
8.97244
9.32038
7.55812
9.90458
4.53771
13.5918
18.6535
18.5724
18.4855
18.3982
18.3058
18.2068
18.1016
17.9906
17.8735
17.7509
17.6231
17.4905
17.3522
17.2063
17.0508
16.883
16.6995
16.4965
16.2732
16.0317
15.7746
15.5022
15.2133
14.9064
14.5799
14.2329
13.8644
13.4731
13.058
12.6178
12.1516
11.6583
11.1368
10.5862
10.0058
9.39488
8.75314
8.08039
7.37678
6.6428
5.87934
5.08777
4.26995
3.42822
2.56556
1.68553
0.792307
-0.109351
-1.01406
-1.91589
-2.8084
-3.68474
-4.53778
-5.36019
-6.14463
-6.88387
-7.57101
-8.1996
-8.7638
-9.25863
-9.6799
-10.0247
-10.2904
-10.4774
-10.583
-10.6149
-10.5617
-10.4697
-10.3197
-10.1783
-9.8836
-9.72515
-9.16148
-9.17144
-8.01823
-8.7249
-6.15358
-8.91371
-2.82438
-11.0743
16.3132
16.3509
16.3922
16.4347
16.4791
16.5251
16.573
16.6226
16.6739
16.727
16.7819
16.8385
16.8967
16.9566
17.018
17.0808
17.1449
17.2101
17.2763
17.3433
17.4108
17.4785
17.5461
17.6133
17.6797
17.7447
17.8079
17.8687
17.9266
17.9808
18.0306
18.0753
18.114
18.1458
18.1698
18.1851
18.1906
18.1854
18.1684
18.1385
18.0949
18.0366
17.9626
17.8722
17.7646
17.6394
17.4961
17.3345
17.1543
16.9558
16.7391
16.5048
16.2534
15.9856
15.7024
15.4048
15.0937
14.7704
14.436
14.0917
13.7385
13.3777
13.0103
12.6374
12.2602
11.8793
11.4976
11.1635
10.8632
10.5557
10.2162
9.90939
9.48917
9.29375
8.60827
8.92527
7.27591
9.49189
4.37836
13.1287
16.2647
16.195
16.1203
16.045
15.9656
15.8806
15.7903
15.6948
15.5939
15.4874
15.3759
15.2597
15.1392
15.0135
14.8812
14.7403
14.5887
14.4231
14.2402
14.0395
13.823
13.5931
13.3497
13.0919
12.8181
12.5272
12.2182
11.8903
11.5426
11.174
10.7837
10.3706
9.93381
9.47255
8.98602
8.47356
7.93465
7.36893
6.77627
6.15676
5.51083
4.83923
4.14309
3.42398
2.68391
1.92547
1.15172
0.366274
-0.426699
-1.22249
-2.01588
-2.80119
-3.57238
-4.32308
-5.04678
-5.73685
-6.38681
-6.99037
-7.54163
-8.03528
-8.46653
-8.83172
-9.12736
-9.35272
-9.5037
-9.58716
-9.59002
-9.54902
-9.44577
-9.35314
-9.11332
-9.00592
-8.50871
-8.55956
-7.49855
-8.20437
-5.79226
-8.44071
-2.65717
-10.5859
14.2604
14.2945
14.3317
14.3701
14.4103
14.4521
14.4956
14.5409
14.5879
14.6366
14.6871
14.7393
14.7933
14.849
14.9064
14.9654
15.026
15.088
15.1514
15.2159
15.2815
15.3479
15.415
15.4825
15.55
15.6172
15.6838
15.7494
15.8134
15.8753
15.9346
15.9907
16.0428
16.0904
16.1324
16.1683
16.1971
16.2179
16.2298
16.2319
16.2232
16.2028
16.1698
16.1232
16.0624
15.9864
15.8948
15.7868
15.6621
15.5205
15.3618
15.186
14.9932
14.7838
14.5583
14.3172
14.0614
13.7916
13.5086
13.2135
12.9073
12.591
12.2657
11.9325
11.5927
11.247
10.8985
10.5913
10.3142
10.0292
9.71428
9.42721
9.03729
8.84938
8.21658
8.49946
6.97239
9.04491
4.21018
12.6247
14.2176
14.1575
14.0931
14.0281
13.9595
13.8862
13.8084
13.7262
13.6392
13.547
13.4498
13.348
13.2421
13.1323
13.0179
12.8977
12.7698
12.6321
12.4816
12.3159
12.1348
11.9403
11.7345
11.5173
11.2872
11.0427
10.7828
10.5071
10.2147
9.90477
9.5765
9.22903
8.86154
8.47328
8.06353
7.63163
7.17705
6.69935
6.19824
5.67361
5.1256
4.55457
3.96121
3.34648
2.71175
2.05884
1.38996
0.707786
0.0154879
-0.683264
-1.38432
-2.08308
-2.77449
-3.45321
-4.11358
-4.74969
-5.3557
-5.9257
-6.45393
-6.93519
-7.36444
-7.73752
-8.05032
-8.30146
-8.48572
-8.60911
-8.65738
-8.65895
-8.59582
-8.54511
-8.35473
-8.29151
-7.85821
-7.94131
-6.97686
-7.66602
-5.43244
-7.93647
-2.50712
-10.0458
12.5106
12.5412
12.5744
12.6087
12.6446
12.682
12.721
12.7616
12.8039
12.8478
12.8934
12.9407
12.9897
13.0404
13.0928
13.1468
13.2025
13.2598
13.3186
13.3788
13.4404
13.5032
13.567
13.6318
13.6971
13.7629
13.8289
13.8948
13.9601
14.0245
14.0876
14.1488
14.2076
14.2635
14.3158
14.3639
14.407
14.4443
14.475
14.4984
14.5136
14.5195
14.5155
14.5005
14.4738
14.4346
14.382
14.3154
14.2341
14.1377
14.0258
13.8978
13.7538
13.5938
13.4179
13.2262
13.0192
12.7974
12.5614
12.3118
12.0496
11.7756
11.4908
11.1961
10.8929
10.582
10.2664
9.98621
9.73249
9.47015
9.18021
8.91265
8.55474
8.37201
7.79804
8.03745
6.65089
8.55558
4.04251
12.0705
12.4731
12.4212
12.3657
12.3094
12.2502
12.1869
12.1199
12.0491
11.9738
11.8925
11.8031
11.7042
11.5956
11.4791
11.3579
11.236
11.1178
11.0067
10.9016
10.7949
10.675
10.5318
10.3622
10.1717
9.96897
9.75798
9.53711
9.30326
9.05479
8.79125
8.51234
8.21744
7.90575
7.57658
7.22928
6.86315
6.47769
6.07245
5.64706
5.20126
4.73497
4.24834
3.74171
3.21567
2.67113
2.10931
1.53183
0.94061
0.338046
-0.273034
-0.889396
-1.50737
-2.1228
-2.73129
-3.32806
-3.90796
-4.46581
-4.99636
-5.49412
-5.95421
-6.37161
-6.742
-7.06086
-7.32647
-7.53288
-7.68515
-7.76875
-7.80424
-7.77495
-7.75846
-7.61307
-7.58449
-7.21606
-7.31577
-6.46186
-7.10313
-5.08777
-7.38691
-2.39334
-9.43603
10.5105
10.5369
10.5654
10.5949
10.6259
10.6583
10.6921
10.7275
10.7643
10.8028
10.8429
10.8846
10.9279
10.973
11.0198
11.0682
11.1184
11.1703
11.2239
11.2791
11.3359
11.3943
11.4541
11.5153
11.5777
11.6412
11.7056
11.7708
11.8364
11.9021
11.9679
12.0331
12.0976
12.1607
12.222
12.2811
12.3375
12.3903
12.439
12.483
12.5214
12.5535
12.5784
12.5953
12.6036
12.6022
12.5902
12.5671
12.5318
12.4839
12.4225
12.3471
12.2572
12.1525
12.0328
11.8977
11.7474
11.5819
11.4016
11.2068
10.998
10.7759
10.5414
10.2952
10.0384
9.77205
9.49889
9.25376
9.03091
8.79798
8.54213
8.29891
7.98694
7.80658
7.31853
7.49324
6.30116
7.98717
3.88365
11.4412
10.4789
10.4363
10.3905
10.3439
10.295
10.2429
10.1876
10.1291
10.0674
10.0022
9.93369
9.86152
9.78518
9.70474
9.62082
9.53376
9.44314
9.34806
9.24779
9.14098
9.02503
8.89835
8.76099
8.61296
8.45411
8.28508
8.10647
7.91783
7.71819
7.50678
7.28303
7.04628
6.79599
6.53164
6.25262
5.95828
5.64813
5.32174
4.97869
4.61858
4.24121
3.84648
3.43444
3.00535
2.55963
2.09795
1.62132
1.13094
0.628395
0.115657
-0.405005
-0.93091
-1.45893
-1.98563
-2.50733
-3.01981
-3.51863
-3.99939
-4.45717
-4.88738
-5.2853
-5.6466
-5.96665
-6.24291
-6.46964
-6.64945
-6.77031
-6.83938
-6.84967
-6.86485
-6.77839
-6.77334
-6.50147
-6.58475
-5.90801
-6.42596
-4.75391
-6.70517
-2.3493
-8.68216
8.53466
8.55639
8.57972
8.60407
8.62962
8.6564
8.6844
8.71373
8.74446
8.77664
8.81017
8.84517
8.88177
8.91987
8.95964
9.00102
9.04399
9.08865
9.13499
9.18306
9.23281
9.2842
9.33731
9.39207
9.44832
9.50614
9.56538
9.62589
9.6876
9.75032
9.81394
9.8782
9.9429
10.0077
10.0721
10.1361
10.1992
10.2608
10.3205
10.3778
10.4321
10.4827
10.5289
10.5702
10.6057
10.6346
10.6561
10.6695
10.6739
10.6683
10.6522
10.6246
10.585
10.5326
10.4669
10.3873
10.2936
10.1854
10.0627
9.92548
9.77386
9.60827
9.42923
9.23733
9.03348
8.81848
8.5951
8.39178
8.20537
8.00893
7.79221
7.58424
7.3175
7.16325
6.73971
6.91057
5.83659
7.4481
3.58102
10.9741
8.50939
8.47638
8.44088
8.4047
8.36676
8.32637
8.28352
8.2384
8.19111
8.1421
8.0923
8.04246
7.99252
7.94127
7.88666
7.82631
7.75813
7.68009
7.59132
7.49344
7.38955
7.28233
7.17279
7.0597
6.94005
6.81123
6.67313
6.52698
6.37303
6.21051
6.03859
5.85665
5.6642
5.46093
5.24629
5.01972
4.78078
4.52903
4.26404
3.98539
3.69277
3.38595
3.06477
2.72919
2.37926
2.01531
1.6377
1.24715
0.844466
0.430879
0.00782094
-0.42298
-0.859398
-1.29898
-1.73901
-2.17639
-2.6076
-3.02905
-3.4367
-3.8265
-4.19422
-4.53584
-4.84675
-5.12418
-5.36215
-5.56247
-5.71292
-5.81346
-5.85681
-5.90784
-5.86768
-5.90534
-5.69763
-5.82079
-5.23773
-5.77139
-4.24728
-6.15782
-2.0404
-8.3066
6.98575
7.00393
7.02341
7.04382
7.06523
7.08762
7.11107
7.13568
7.16147
7.18847
7.21667
7.24616
7.27704
7.30922
7.34285
7.37792
7.41438
7.45239
7.49193
7.53305
7.57573
7.61997
7.66586
7.7133
7.7623
7.81288
7.86489
7.91838
7.97325
8.02942
8.08683
8.14529
8.20469
8.26484
8.32548
8.3864
8.44734
8.50806
8.5681
8.62707
8.6847
8.74031
8.7934
8.84359
8.89014
8.93237
8.96961
9.00127
9.02646
9.04437
9.05427
9.05553
9.04721
9.02853
8.99896
8.95768
8.90419
8.83801
8.75876
8.66618
8.5601
8.44067
8.30807
8.16262
8.00501
7.83582
7.65761
7.49295
7.34064
7.17887
6.99943
6.82611
6.60251
6.47682
6.11242
6.29014
5.31852
6.88772
3.21985
10.5085
6.96515
6.93908
6.91106
6.88237
6.85226
6.82024
6.78634
6.75049
6.71258
6.67254
6.63023
6.58565
6.53886
6.48972
6.43756
6.3817
6.32217
6.25957
6.19459
6.12733
6.05745
5.98442
5.9066
5.82185
5.72935
5.62912
5.52131
5.40645
5.28517
5.15748
5.02278
4.88034
4.72958
4.57026
4.40198
4.22432
4.03689
3.83932
3.63118
3.41213
3.18185
2.94007
2.68656
2.42116
2.14379
1.85455
1.55356
1.24114
0.917782
0.584142
0.241185
-0.110024
-0.468057
-0.831194
-1.19753
-1.56478
-1.9303
-2.29133
-2.64467
-2.98699
-3.31477
-3.62448
-3.91195
-4.17465
-4.40672
-4.60973
-4.77159
-4.8883
-4.95128
-5.02504
-5.01688
-5.08588
-4.92644
-5.08496
-4.57316
-5.13664
-3.71908
-5.64876
-1.68758
-8.00103
5.68379
5.69878
5.71483
5.73165
5.74929
5.7678
5.78718
5.80754
5.82892
5.85132
5.87476
5.89934
5.92509
5.95196
5.98008
6.00947
6.04014
6.07217
6.10554
6.1403
6.17648
6.21412
6.25325
6.2938
6.33586
6.37943
6.42438
6.47081
6.51864
6.56786
6.61841
6.67017
6.72304
6.77695
6.83174
6.8872
6.94319
6.99953
7.05591
7.11199
7.16764
7.22236
7.2757
7.32736
7.37679
7.42351
7.4669
7.50648
7.54151
7.57133
7.59527
7.61276
7.6229
7.62496
7.61846
7.60245
7.57641
7.5398
7.49209
7.43284
7.36167
7.27855
7.18342
7.0764
6.95791
6.82831
6.68983
6.55993
6.43871
6.30896
6.16432
6.02383
5.84153
5.74339
5.43767
5.6202
4.75554
6.27341
2.82324
9.95292
5.66712
5.64642
5.62423
5.60146
5.57753
5.55213
5.52526
5.49685
5.4668
5.43507
5.40156
5.36614
5.32881
5.28967
5.24858
5.20521
5.15895
5.10936
5.05688
5.00225
4.94584
4.88756
4.82696
4.76273
4.69306
4.61697
4.53439
4.44544
4.35033
4.24961
4.14368
4.03213
3.91422
3.78952
3.65764
3.51832
3.3713
3.21621
3.0527
2.88048
2.69923
2.50869
2.30862
2.09884
1.87922
1.6497
1.41032
1.16119
0.902587
0.634872
0.358649
0.0746223
-0.216271
-0.512851
-0.813755
-1.11735
-1.42168
-1.72467
-2.02386
-2.31664
-2.60012
-2.87148
-3.12709
-3.36489
-3.57944
-3.77228
-3.93195
-4.0526
-4.12451
-4.2097
-4.22231
-4.31066
-4.18918
-4.37066
-3.9242
-4.50319
-3.19692
-5.12105
-1.34913
-7.60831
4.55036
4.56238
4.57524
4.58869
4.60282
4.61769
4.63327
4.64964
4.66685
4.68489
4.70382
4.72367
4.74446
4.76619
4.78898
4.81285
4.8378
4.86389
4.89114
4.91956
4.94919
4.98012
5.01235
5.04582
5.08063
5.1168
5.15427
5.19309
5.23324
5.2747
5.31749
5.36151
5.40668
5.45304
5.50041
5.54872
5.59785
5.64762
5.69789
5.74838
5.79901
5.84944
5.89933
5.94837
5.99621
6.04249
6.08667
6.12835
6.16698
6.20198
6.2328
6.2589
6.27953
6.29408
6.30199
6.30244
6.29494
6.2789
6.25376
6.21903
6.17426
6.11927
6.05389
5.97808
5.89208
5.79605
5.69187
5.59258
5.49918
5.39841
5.28556
5.17566
5.03187
4.95987
4.70996
4.89616
4.13636
5.59765
2.37055
9.29832
4.53716
4.52102
4.50375
4.486
4.46734
4.44753
4.42656
4.40443
4.38101
4.35628
4.33017
4.30258
4.27344
4.24273
4.21048
4.1767
4.14122
4.10342
4.06274
4.01919
3.97344
3.92618
3.87759
3.82748
3.77503
3.7187
3.65719
3.59015
3.5176
3.43974
3.35718
3.2704
3.17919
3.08298
2.98121
2.87357
2.7599
2.63994
2.51339
2.38001
2.23951
2.09165
1.93623
1.77302
1.60188
1.42269
1.23541
1.04004
0.836703
0.625578
0.407015
0.181464
-0.0504842
-0.288024
-0.530218
-0.775928
-1.02373
-1.27207
-1.51915
-1.76293
-2.00115
-2.23161
-2.45123
-2.6585
-2.84854
-3.02301
-3.17125
-3.28721
-3.36016
-3.44831
-3.47264
-3.57105
-3.47797
-3.67294
-3.28269
-3.86771
-2.66668
-4.57011
-1.00022
-7.15061
3.56062
3.56998
3.57995
3.5904
3.6014
3.61297
3.62509
3.63783
3.65123
3.66527
3.68002
3.69549
3.71168
3.72865
3.74646
3.76513
3.78462
3.80501
3.82637
3.84866
3.87192
3.89622
3.92157
3.94797
3.97545
4.00405
4.03374
4.06456
4.09651
4.1296
4.16384
4.19916
4.23555
4.27304
4.31151
4.35092
4.39122
4.43226
4.47398
4.51621
4.55886
4.60171
4.64454
4.68711
4.72915
4.77046
4.81057
4.84917
4.8859
4.92025
4.95182
4.98009
5.00449
5.02452
5.03964
5.04922
5.05276
5.04967
5.03947
5.0217
4.9959
4.96179
4.91915
4.86786
4.80803
4.73975
4.66451
4.59164
4.5225
4.44737
4.36288
4.28072
4.17185
4.12379
3.92514
4.11328
3.45051
4.85254
1.84155
8.5285
3.55041
3.53811
3.52493
3.51136
3.49709
3.48195
3.46593
3.449
3.4311
3.4122
3.39223
3.37112
3.3488
3.32523
3.30039
3.27429
3.24697
3.21835
3.18804
3.15542
3.12015
3.08265
3.0437
3.00377
2.96286
2.92055
2.87556
2.82661
2.77306
2.71482
2.65209
2.58536
2.51524
2.44178
2.36444
2.28274
2.19647
2.10541
2.00939
1.90819
1.80156
1.68929
1.57123
1.44714
1.31689
1.18036
1.03745
0.888122
0.732381
0.570318
0.402104
0.228002
0.0483715
-0.136271
-0.3253
-0.517939
-0.713209
-0.909993
-1.10697
-1.30269
-1.49538
-1.68343
-1.86435
-2.0371
-2.19746
-2.34728
-2.47685
-2.5812
-2.6487
-2.73268
-2.7608
-2.86109
-2.78725
-2.98725
-2.64279
-3.22667
-2.11851
-3.9933
-0.617397
-6.64347
2.62505
2.63199
2.63937
2.64712
2.6553
2.6639
2.67294
2.68246
2.69247
2.70298
2.71403
2.72564
2.73783
2.75064
2.7641
2.77821
2.79298
2.80847
2.82471
2.84169
2.85946
2.87806
2.89747
2.91775
2.93893
2.96098
2.98392
3.0078
3.03261
3.05836
3.08505
3.11264
3.14114
3.17057
3.20083
3.23189
3.26373
3.29628
3.32947
3.36321
3.39737
3.43184
3.46648
3.50108
3.53551
3.56959
3.60296
3.63545
3.6668
3.6966
3.72455
3.75031
3.77341
3.79352
3.81018
3.82295
3.83136
3.83493
3.8333
3.82608
3.81285
3.79332
3.7673
3.73467
3.69541
3.64953
3.59829
3.5478
3.49951
3.44675
3.38725
3.32976
3.25188
3.225
3.07201
3.25918
2.68198
4.01613
1.21459
7.55251
2.61756
2.60864
2.59909
2.58924
2.57888
2.56791
2.55633
2.5441
2.53117
2.51753
2.50312
2.48789
2.47182
2.45487
2.43698
2.41815
2.39836
2.37769
2.35617
2.33358
2.30931
2.28284
2.25434
2.22451
2.19401
2.16321
2.13195
2.09941
2.06437
2.02589
1.98363
1.93759
1.88823
1.83618
1.78145
1.72358
1.6621
1.59678
1.52755
1.45438
1.37713
1.2956
1.20969
1.11922
1.0241
0.92424
0.819567
0.710045
0.59566
0.476462
0.352541
0.224061
0.0912515
-0.04558
-0.186008
-0.329542
-0.475518
-0.623202
-0.771654
-0.919908
-1.06667
-1.21083
-1.35053
-1.48514
-1.61115
-1.73066
-1.83502
-1.92146
-1.97759
-2.05087
-2.07538
-2.16977
-2.10636
-2.30277
-1.99347
-2.56661
-1.53924
-3.37051
-0.188038
-6.01953
1.84965
1.85421
1.85908
1.86417
1.86951
1.87512
1.88102
1.88722
1.89369
1.90047
1.90761
1.91506
1.92287
1.93109
1.93967
1.94862
1.958
1.96782
1.97806
1.98876
1.99995
2.01163
2.0238
2.03651
2.04976
2.06354
2.0779
2.09285
2.10838
2.12451
2.14125
2.15859
2.17656
2.19513
2.2143
2.23409
2.25442
2.27528
2.2967
2.31858
2.34086
2.36348
2.38635
2.40935
2.43245
2.45546
2.47818
2.50053
2.52231
2.54323
2.5631
2.58169
2.59871
2.61388
2.62688
2.63746
2.64525
2.64986
2.65108
2.64862
2.64213
2.6314
2.61631
2.59675
2.57264
2.54395
2.51171
2.47971
2.4487
2.41462
2.37607
2.33937
2.28765
2.27785
2.16295
2.34424
1.83842
3.08596
0.514028
6.2782
1.84466
1.83861
1.83214
1.82547
1.81845
1.81099
1.80308
1.79471
1.78586
1.77651
1.76661
1.75611
1.74499
1.73325
1.72081
1.70764
1.69371
1.67906
1.66374
1.64775
1.631
1.61304
1.59328
1.57154
1.54829
1.52423
1.49962
1.4743
1.44765
1.41879
1.38722
1.35296
1.3162
1.27744
1.23742
1.19643
1.15404
1.10953
1.06248
1.01282
0.960509
0.905439
0.847515
0.786608
0.722617
0.655447
0.585026
0.511302
0.434249
0.353863
0.27019
0.183318
0.0933778
0.000551991
-0.0948948
-0.192646
-0.292291
-0.393359
-0.495242
-0.597327
-0.698747
-0.798831
-0.896233
-0.990796
-1.07967
-1.16522
-1.23988
-1.30397
-1.34421
-1.40169
-1.41653
-1.49878
-1.43754
-1.62358
-1.33737
-1.89272
-0.928869
-2.69518
0.289832
-5.20798
0.766677
0.77073
0.77506
0.779603
0.784377
0.789416
0.794738
0.800341
0.80621
0.812383
0.81888
0.825701
0.832874
0.840408
0.848291
0.85654
0.865191
0.87424
0.883672
0.893525
0.903815
0.914522
0.925672
0.93725
0.949244
0.961676
0.974539
0.987812
1.00149
1.01557
1.03
1.0448
1.05992
1.07533
1.09103
1.10698
1.12309
1.13936
1.15574
1.17216
1.18862
1.20503
1.22129
1.23735
1.25324
1.2688
1.28393
1.29863
1.31277
1.32625
1.33899
1.35087
1.3618
1.37164
1.38021
1.38744
1.39313
1.39709
1.39923
1.3994
1.39743
1.39323
1.3868
1.37803
1.36685
1.35326
1.33802
1.32238
1.30725
1.29058
1.27147
1.25425
1.22616
1.23201
1.15066
1.3198
0.889158
1.94357
-0.205042
4.21801
0.7625
0.757743
0.75263
0.747313
0.741723
0.735799
0.729502
0.722842
0.71582
0.708401
0.700538
0.692195
0.683365
0.674024
0.664128
0.653634
0.642513
0.630767
0.618355
0.605201
0.591234
0.576377
0.560727
0.545109
0.532257
0.527566
0.53758
0.566826
0.615095
0.676363
0.738933
0.789023
0.816229
0.817418
0.797038
0.764088
0.727143
0.690599
0.654869
0.618882
0.581874
0.543741
0.504653
0.4647
0.42386
0.382085
0.339334
0.295557
0.250727
0.204806
0.157773
0.109616
0.0603446
0.00999394
-0.0413706
-0.0936483
-0.146678
-0.200291
-0.254207
-0.308175
-0.361748
-0.414698
-0.466175
-0.516465
-0.563413
-0.609628
-0.648761
-0.684997
-0.70445
-0.74085
-0.740214
-0.803259
-0.738407
-0.90171
-0.639966
-1.13902
-0.286859
-1.82262
0.699728
-3.74429
0.643517
0.641801
0.63999
0.638056
0.635988
0.63379
0.631459
0.628982
0.626338
0.623525
0.620543
0.617389
0.614051
0.610513
0.606773
0.602827
0.598675
0.59431
0.58972
0.584918
0.579904
0.574671
0.569239
0.563601
0.557771
0.551775
0.545609
0.539303
0.532893
0.526383
0.519807
0.513212
0.506614
0.500057
0.493598
0.487252
0.481072
0.475099
0.469353
0.463876
0.458736
0.453932
0.449445
0.445334
0.441629
0.438267
0.435261
0.432616
0.430254
0.42815
0.426257
0.424513
0.422865
0.421248
0.419578
0.417826
0.415948
0.413855
0.411512
0.408823
0.405728
0.402159
0.398136
0.39362
0.388612
0.383107
0.377636
0.373535
0.368409
0.3624
0.355418
0.349733
0.338114
0.345434
0.298455
0.398313
0.14805
0.728051
-0.377859
1.71292
0.645112
0.646694
0.648407
0.650222
0.652131
0.654144
0.656256
0.6585
0.660886
0.663414
0.666102
0.668969
0.672046
0.675345
0.678896
0.682716
0.686794
0.691086
0.695541
0.700364
0.706371
0.71531
0.729575
0.750429
0.774946
0.793642
0.791365
0.752147
0.665962
0.534787
0.375304
0.215833
0.0865529
0.00711565
-0.0215539
-0.0152091
0.00520441
0.0251658
0.0399881
0.0507827
0.0594975
0.0668458
0.0726363
0.0765324
0.0784068
0.0782945
0.0762676
0.0723993
0.0667865
0.0595391
0.0507936
0.0406843
0.0293646
0.0169848
0.00370495
-0.0103254
-0.0249434
-0.0400203
-0.055383
-0.0709251
-0.086425
-0.101908
-0.11692
-0.131998
-0.145702
-0.160394
-0.171335
-0.184925
-0.187581
-0.204367
-0.193039
-0.23302
-0.17637
-0.29256
-0.100147
-0.443317
0.12439
-0.825977
0.683807
-1.77544
)
;

boundaryField
{
    inlet
    {
        type            freestreamPressure;
        freestreamValue uniform 0;
        value           nonuniform List<scalar> 
134
(
5.01065
6.17229
7.22879
7.94575
8.26046
8.16001
7.59506
6.58507
5.09851
2.71072
0.81474
1.24967
1.93776
2.54382
3.10705
3.65205
4.18569
4.71128
5.2382
5.78011
3.73977
6.35327
6.96091
7.56505
8.08518
8.39826
8.45291
8.69348
8.55405
8.51479
9.87013
9.08392
8.97443
8.99032
8.97988
8.92205
8.87035
8.89815
9.12947
9.35186
2.41177
0.89214
-0.635257
-1.82571
-2.48202
-2.29184
-1.03383
10.1092
9.89622
9.58599
9.38547
9.23624
9.06935
8.88199
8.69074
8.50003
8.30657
8.10748
7.90221
7.69031
7.46998
7.23854
6.99197
6.72365
6.42856
6.09355
5.84492
5.59713
5.30143
4.95305
4.54331
4.02375
3.34523
2.24777
0.912996
-0.190142
-0.525895
-0.988112
-1.52581
-2.11613
-2.73232
-3.2993
-3.76265
-4.1117
-4.34452
-4.48389
-4.56087
-4.6036
-4.63576
-4.69116
-4.82469
-5.06102
-5.32657
-5.55881
-5.7602
-5.94218
-6.10608
-6.24702
-6.36123
-6.44862
-6.51205
-6.56152
-6.61862
-6.74114
-7.01873
-7.61185
-7.86427
-7.64133
-7.37548
-7.20132
-7.05846
-6.89749
-6.72128
-6.54252
-6.36354
-6.18175
-5.99565
-5.8047
-5.60837
-5.4049
-5.19113
-4.96243
-4.7094
-4.42372
-4.07045
-3.89452
-3.75136
-3.56728
-3.35268
-3.11484
-2.82218
-2.44151
-1.75516
-0.832106
)
;
    }
    outlet
    {
        type            freestreamPressure;
        freestreamValue uniform 0;
        value           nonuniform List<scalar> 
160
(
0.000576786
0.000578181
0.000575284
0.000579563
0.000573701
0.000581058
0.000572009
0.000582641
0.0005702
0.000584306
0.000568278
0.00058606
0.000566239
0.000587899
0.000564072
0.000589852
0.000561759
0.000591928
0.000559298
0.000594127
0.000556689
0.000596464
0.00055393
0.000598955
0.00055101
0.000601627
0.000547914
0.000604493
0.000544643
0.000607577
0.000541192
0.000610902
0.00053756
0.000614459
0.000533743
0.000618211
0.000529729
0.000622088
0.000525531
0.000626212
0.000521149
0.000631219
0.000516575
0.000638594
0.00051183
0.000650514
0.000506907
0.000668335
0.000501818
0.00068988
0.000496587
0.000707169
0.000491211
0.000706872
0.000485716
0.000674269
0.000480136
0.000599287
0.000474474
0.000482613
0.00046876
0.00033901
0.000463038
0.000194723
0.000457324
7.78587e-05
0.000451654
6.37715e-06
0.000446084
-1.92492e-05
0.000440626
-1.35475e-05
0.000435328
4.62894e-06
0.000430231
2.23693e-05
0.000425351
3.55378e-05
0.000420727
4.51266e-05
0.000416423
5.28626e-05
0.000412441
5.9379e-05
0.000408763
6.45076e-05
0.000405445
6.79515e-05
0.000402518
6.95992e-05
0.000399927
6.94829e-05
0.000397682
6.76679e-05
0.000395797
6.42208e-05
0.000394199
5.92289e-05
0.000392869
5.27909e-05
0.000391768
4.50287e-05
0.000390842
3.60617e-05
0.000390044
2.60256e-05
0.000389318
1.50528e-05
0.00038859
3.28359e-06
0.000387832
-9.15208e-06
0.000387008
-2.21132e-05
0.000386035
-3.54899e-05
0.000384883
-4.91342e-05
0.000383459
-6.29574e-05
0.000381711
-7.67708e-05
0.000379569
-9.06025e-05
0.000377049
-0.000104062
0.000374113
-0.000117625
0.000370755
-0.000130039
0.000366969
-0.000143379
0.000363255
-0.000153498
0.000360693
-0.000165929
0.00035699
-0.000168724
0.000352531
-0.000183982
0.000347209
-0.000174593
0.000343233
-0.000210477
0.000333606
-0.000160961
0.000342498
-0.000264601
0.000298388
-9.29257e-05
0.000398745
-0.000398323
0.000151362
0.000119416
0.000727482
-0.000720232
-0.000408305
0.000707595
0.00163484
-0.00141204
)
;
    }
    walls
    {
        type            zeroGradient;
    }
    frontAndBack
    {
        type            empty;
    }
}


// ************************************************************************* //
