/*--------------------------------*- C++ -*----------------------------------*\
| =========                 |                                                 |
| \\      /  F ield         | OpenFOAM: The Open Source CFD Toolbox           |
|  \\    /   O peration     | Version:  v1806                                 |
|   \\  /    A nd           | Web:      www.OpenFOAM.com                      |
|    \\/     M anipulation  |                                                 |
\*---------------------------------------------------------------------------*/
FoamFile
{
    version     2.0;
    format      ascii;
    class       volScalarField;
    location    "263";
    object      p;
}
// * * * * * * * * * * * * * * * * * * * * * * * * * * * * * * * * * * * * * //

dimensions      [0 2 -2 0 0 0 0];


internalField   nonuniform List<scalar> 
10720
(
976.334
1250.36
1507.26
1713.14
1851.07
1912.95
1918.86
1872.83
1762.48
1606.61
1421.24
1214.93
995.794
771.703
549.699
336.045
134.035
-49.6503
-213.113
-349.987
-458.983
-534.914
-580.925
-598.2
-597.66
-597.385
-596.738
-585.313
-563.003
-531.425
-490.925
-441.96
-384.92
-319.789
-246.239
-160.954
-60.0559
82.3266
285.349
662.175
322.781
-107.804
-591.511
-1098.22
-1618.04
-2106.27
-2490.27
-2725.14
-2850.59
-2881.45
-2830.01
-2733.01
-2610.94
-2471.8
-2337.49
-2209.43
-2093.96
-1992.71
-1911.87
-1849.3
-1804.11
-1770.08
-1739.29
-1689.62
-1612.61
-1522.94
-1425.64
-1320.79
-1208.12
-1088.72
-963.544
-833.102
-696.824
-553.748
-399.327
-228.469
-13.6414
253.039
1147.49
1343.98
1524.08
1676.24
1786.07
1846.44
1857.34
1817.16
1727.26
1598.43
1439.87
1258.3
1060.7
854.251
645.614
440.769
244.252
61.8522
-102.935
-244.716
-360.81
-447.083
-504.987
-535.935
-548.591
-557.321
-562.591
-556.502
-538.877
-511.376
-474.468
-428.599
-374.181
-311.224
-239.401
-155.438
-55.5639
86.2015
282.773
933.174
685.242
387.438
43.9437
-330.865
-725.21
-1112.34
-1456.67
-1737.81
-1954.29
-2097.95
-2169.48
-2193.07
-2183.58
-2147.42
-2095.75
-2032.52
-1964.72
-1898.28
-1840.53
-1792.5
-1755.06
-1724.4
-1693.93
-1646.6
-1575.12
-1490.69
-1398.15
-1297.66
-1189
-1073.17
-951.098
-823.257
-689.123
-547.744
-394.634
-224.836
-10.5706
250.366
1135.22
1309.7
1468.67
1601.75
1697.81
1754.39
1769.81
1741.29
1669.62
1560.5
1420.21
1254.96
1071.41
876.315
676.251
477.308
284.809
104.23
-60.0214
-203.117
-321.69
-412.317
-475.278
-512.19
-530.055
-540.798
-546.746
-542.082
-526.061
-500.119
-464.763
-420.355
-367.266
-305.475
-234.612
-151.412
-52.1351
88.6644
279.157
946.674
730.95
472.935
168.571
-167.402
-525.746
-889.508
-1232.5
-1529.01
-1761
-1924.42
-2024.15
-2073.45
-2083.83
-2063.79
-2023.1
-1969.41
-1909.89
-1850.65
-1797.25
-1751.92
-1715.52
-1685.08
-1654.59
-1610.45
-1544.93
-1465.57
-1377.18
-1280.24
-1174.69
-1061.51
-941.669
-815.676
-683.069
-542.906
-390.768
-221.792
-8.651
247.282
1115.76
1261.82
1397.15
1512.4
1597.46
1650.99
1669.92
1650.94
1594.36
1503.62
1383.11
1237.68
1072.94
894.658
708.801
521.216
337.287
162.352
1.1969
-141.489
-261.929
-356.865
-425.738
-469.972
-495.178
-511.148
-520.96
-520.227
-507.763
-484.863
-452.164
-410.04
-358.881
-298.693
-229.114
-146.935
-48.5192
90.793
275.243
958.625
779.677
564.038
309.798
28.5578
-275.163
-588.116
-888.587
-1157.32
-1382.4
-1559.09
-1689.7
-1778.31
-1830.23
-1851.16
-1847.91
-1827.32
-1795.79
-1759.13
-1722.69
-1689.72
-1661.46
-1636.01
-1608.46
-1568.44
-1508.93
-1434.98
-1351.29
-1258.59
-1156.87
-1047.03
-930.061
-806.475
-675.86
-537.298
-386.465
-218.657
-7.29297
243.228
1068.56
1196.59
1316.17
1418.41
1494.85
1545.44
1566.67
1555.31
1511.28
1436.44
1333.58
1206.21
1058.91
896.55
724.456
548.113
372.868
204.001
46.5098
-94.9494
-216.281
-314.262
-387.745
-437.792
-468.82
-488.713
-500.951
-502.563
-492.322
-471.419
-440.59
-400.199
-350.607
-291.808
-223.413
-142.242
-44.7804
92.7969
270.929
930.767
774.961
586.878
364.033
117.277
-151.653
-432.874
-708.498
-963.102
-1186.66
-1372.86
-1518.87
-1624.84
-1695.01
-1734.48
-1749.01
-1744.61
-1726.99
-1701.54
-1673.24
-1645.59
-1620.13
-1595.72
-1568.45
-1530.26
-1474.87
-1405.25
-1325.52
-1236.53
-1138.3
-1031.65
-917.49
-796.348
-667.831
-531.019
-381.687
-215.331
-6.23556
237.972
1014.76
1127.49
1233.78
1325.2
1394.49
1442.18
1464.61
1458.99
1424.89
1363.3
1275.94
1165.23
1034.79
888.582
731.151
567.462
402.602
241.639
89.5665
-48.9409
-169.684
-269.366
-346.38
-401.322
-437.616
-461.57
-476.755
-481.308
-473.997
-455.773
-427.39
-389.194
-341.526
-284.378
-217.356
-137.347
-40.9974
94.5221
266.131
893.656
757.507
592.711
397.013
180.542
-56.7321
-306.954
-554.557
-786.752
-995.647
-1175.04
-1321.63
-1435.9
-1520.5
-1578.21
-1612.42
-1627.32
-1627.42
-1617.34
-1601.52
-1583.4
-1564.75
-1545.04
-1521.22
-1487.13
-1437.26
-1373.06
-1298.05
-1213.27
-1118.84
-1015.54
-904.319
-785.699
-659.346
-524.374
-376.67
-211.991
-5.6589
231.556
956.825
1057.45
1152.98
1235.42
1298.64
1343.46
1366.3
1364.91
1338.64
1287.95
1213.86
1117.94
1002.93
871.969
728.833
577.904
423.836
271.434
125.581
-9.10278
-128.373
-228.839
-308.531
-367.551
-408.461
-436.215
-454.179
-461.372
-456.657
-440.795
-414.571
-378.353
-332.461
-276.879
-211.203
-132.385
-37.2443
95.9236
260.913
848.804
727.948
581.428
407.002
214.275
2.14008
-223.171
-447.913
-661.285
-857.198
-1030.24
-1176.87
-1296.76
-1390.51
-1459.64
-1506.47
-1534.35
-1546.92
-1548.07
-1541.56
-1530.56
-1516.87
-1500.39
-1478.82
-1447.45
-1401.65
-1341.86
-1270.9
-1189.92
-1099.06
-999.028
-890.712
-774.637
-650.502
-517.44
-371.485
-208.692
-5.60793
224.125
898.654
989.124
1075.56
1150.35
1208.28
1250.3
1273.01
1274.64
1254.47
1212.66
1149.76
1066.77
965.682
848.923
719.56
581.336
438.416
295.258
156.507
26.6394
-90.1074
-190.273
-271.615
-333.768
-378.534
-409.739
-430.403
-440.192
-438.128
-424.763
-400.859
-366.784
-322.826
-268.951
-204.752
-127.264
-33.4982
97.0013
255.326
801.586
693.461
562.183
405.604
232.819
42.0917
-161.477
-365.523
-560.724
-742.288
-905.485
-1046.88
-1165.94
-1262.94
-1338.89
-1395.23
-1434.09
-1458.02
-1469.94
-1472.88
-1469.56
-1461.74
-1449.61
-1431.51
-1403.87
-1362.82
-1308.06
-1241.74
-1164.99
-1078.06
-981.575
-876.388
-763.036
-641.259
-510.237
-366.167
-205.449
-6.03289
215.877
841.658
923.59
1002.24
1070.47
1123.73
1163.01
1185.24
1188.99
1173.57
1138.96
1085.45
1013.61
924.885
821.09
704.65
578.705
446.898
313.261
182.116
57.7435
-55.6923
-154.702
-236.839
-301.315
-349.271
-383.582
-406.829
-419.092
-419.57
-408.624
-386.978
-355.007
-312.969
-260.816
-198.136
-122.063
-29.8109
97.7292
249.368
753.786
656.254
537.701
396.049
239.963
67.2577
-117.78
-303.962
-483.003
-651.165
-804.392
-939.535
-1056.18
-1154.39
-1234.51
-1297.33
-1344.16
-1376.73
-1397.27
-1408.11
-1411.5
-1408.98
-1400.91
-1386.07
-1361.77
-1324.85
-1274.57
-1212.52
-1139.77
-1056.61
-963.613
-861.564
-750.99
-631.659
-502.79
-360.752
-202.29
-6.90726
206.997
786.812
861.42
933.324
995.818
1044.91
1081.61
1103.11
1108.31
1096.58
1067.8
1022.13
959.851
881.994
789.884
685.397
571.126
450.172
326.118
202.918
84.6113
-24.8025
-121.851
-203.934
-269.909
-320.352
-357.338
-382.975
-397.572
-400.503
-391.96
-372.593
-342.77
-302.717
-252.364
-191.294
-116.755
-26.1803
98.1078
243.053
706.801
618.294
510.589
381.686
239.851
82.6436
-86.3245
-256.742
-421.19
-576.696
-719.774
-847.534
-959.776
-1056.52
-1137.85
-1204.29
-1256.6
-1295.84
-1323.51
-1341.3
-1350.91
-1353.6
-1349.76
-1338.52
-1317.84
-1285.18
-1239.54
-1181.95
-1113.38
-1034.17
-944.815
-846.052
-738.394
-621.646
-495.073
-355.239
-199.234
-8.23499
197.603
734.545
802.807
868.804
926.263
971.6
1005.84
1026.5
1032.66
1023.78
999.735
960.613
906.505
838.133
756.451
662.888
559.532
448.987
334.381
219.278
107.411
2.5669
-91.844
-173.132
-239.86
-292.129
-331.356
-359.165
-375.943
-381.21
-375.004
-357.887
-330.207
-292.16
-243.651
-184.26
-111.364
-22.6273
98.1394
236.4
661.336
580.58
482.22
364.311
234.742
90.93
-64.0194
-220.577
-372.003
-515.905
-649.232
-769.405
-876.437
-970.419
-1051.35
-1119.53
-1175.42
-1219.52
-1252.77
-1276.29
-1291.31
-1298.75
-1298.95
-1291.26
-1274.1
-1245.43
-1204.15
-1150.86
-1086.39
-1011.08
-925.386
-829.963
-725.306
-611.247
-487.101
-349.64
-196.305
-10.0209
187.751
685.07
747.771
808.561
861.557
903.502
935.435
955.169
961.931
955.264
935.078
901.421
854.277
794.158
721.729
638.05
544.79
444.097
338.657
231.63
126.42
26.5715
-64.6231
-144.442
-211.228
-264.687
-305.692
-335.408
-354.185
-361.651
-357.711
-342.815
-317.283
-281.272
-234.663
-177.032
-105.896
-19.1622
97.8276
229.44
617.803
543.794
453.559
345.244
226.347
94.2382
-48.3785
-192.671
-332.422
-465.69
-589.795
-702.417
-803.735
-893.953
-973.089
-1041.37
-1099.07
-1146.37
-1183.76
-1211.9
-1231.54
-1243.29
-1247.36
-1243.21
-1229.6
-1204.85
-1167.86
-1118.86
-1058.53
-987.184
-905.227
-813.243
-711.697
-600.452
-478.875
-343.967
-193.522
-12.2602
177.469
638.43
696.231
752.388
801.399
840.267
870.057
888.825
895.912
890.978
873.95
844.868
803.668
750.708
686.444
611.651
527.644
436.164
339.493
240.393
141.925
47.3615
-40.1564
-117.931
-184.146
-238.194
-280.51
-311.842
-332.42
-341.928
-340.16
-327.439
-304.041
-270.083
-225.419
-169.623
-100.365
-15.7964
97.1846
222.198
576.414
508.311
425.221
325.335
215.816
93.993
-37.7229
-171.088
-300.372
-423.955
-539.462
-644.783
-740.245
-826.184
-902.656
-969.922
-1028.14
-1077.3
-1117.58
-1149.27
-1172.73
-1188.27
-1195.92
-1195.16
-1184.97
-1163.97
-1131.07
-1086.25
-1029.99
-962.596
-884.402
-795.92
-697.579
-589.265
-470.401
-338.229
-190.898
-14.9489
166.795
594.594
648.045
700.053
745.476
781.551
809.359
827.151
834.377
830.799
816.362
791.122
754.993
708.24
651.167
584.32
508.723
425.784
337.41
245.988
154.24
65.1427
-18.345
-93.5905
-158.676
-212.757
-255.927
-288.56
-310.719
-322.094
-322.388
-311.783
-290.496
-258.605
-215.93
-162.045
-94.7821
-12.5432
96.2245
214.706
537.237
474.369
397.588
305.183
203.953
91.257
-30.7462
-154.356
-274.222
-389.002
-496.536
-594.909
-684.557
-765.927
-839.148
-904.533
-962.222
-1012.1
-1054.16
-1088.4
-1114.88
-1133.63
-1144.51
-1146.96
-1140.07
-1122.67
-1093.71
-1052.97
-1000.75
-937.304
-862.908
-777.995
-682.953
-577.688
-461.684
-332.434
-188.44
-18.0604
155.776
553.479
603.031
651.311
693.49
727.033
753.003
769.828
777.065
774.541
762.238
740.244
708.461
667.091
616.332
556.563
488.58
413.502
332.907
248.831
163.669
80.1146
0.914203
-71.4057
-134.876
-188.486
-232.063
-265.669
-289.175
-302.227
-304.457
-295.892
-276.683
-246.86
-206.212
-154.312
-89.1606
-9.41018
94.9618
207.001
500.282
442.071
370.921
285.188
191.347
86.795
-26.5173
-141.357
-252.735
-359.489
-459.666
-551.496
-635.509
-712.231
-781.855
-844.782
-901.161
-950.862
-993.763
-1029.68
-1058.44
-1079.83
-1093.54
-1098.95
-1095.17
-1081.17
-1055.95
-1019.15
-970.898
-911.368
-840.779
-759.487
-667.83
-565.73
-452.731
-326.59
-186.156
-21.5716
144.469
514.961
561.003
605.922
645.163
676.396
700.661
716.549
723.702
722.005
711.475
692.231
664.179
627.482
582.269
528.798
467.675
399.785
326.424
249.313
170.538
92.5093
17.7527
-51.3333
-112.782
-165.469
-209.034
-243.278
-267.878
-282.404
-286.425
-279.812
-262.635
-234.875
-196.285
-146.439
-83.5137
-6.40732
93.4186
199.119
465.509
411.468
345.361
265.621
178.403
81.1639
-24.3281
-131.254
-234.943
-334.381
-427.781
-513.491
-592.105
-664.209
-730.07
-790.15
-844.664
-893.477
-936.442
-973.256
-1003.59
-1027.04
-1043.17
-1051.23
-1050.34
-1039.54
-1017.87
-984.862
-940.481
-884.824
-818.044
-740.414
-652.221
-553.398
-443.55
-320.704
-184.045
-25.4441
132.918
478.913
521.782
563.655
600.222
629.34
652.035
667.026
674.025
672.977
663.933
647.027
622.188
589.559
549.22
501.339
446.378
385.03
318.351
247.791
175.149
102.559
32.3237
-33.3031
-92.392
-143.764
-186.926
-221.478
-246.914
-262.705
-268.359
-263.593
-248.391
-222.678
-186.172
-138.445
-77.8555
-3.53885
91.6179
191.098
432.846
382.559
320.999
246.671
165.416
74.7809
-23.6331
-123.394
-220.092
-312.853
-400.006
-480.012
-553.504
-621.117
-683.157
-740.172
-792.422
-839.823
-882.223
-919.277
-950.551
-975.523
-993.623
-1004.02
-1005.77
-997.925
-979.59
-950.198
-909.578
-857.732
-794.742
-720.803
-636.144
-540.706
-434.153
-314.784
-182.106
-29.6411
121.171
445.2
485.189
524.286
558.419
585.593
606.848
620.982
627.786
627.25
619.451
604.547
582.49
553.407
517.352
474.43
424.993
369.579
309.046
244.604
177.797
110.498
44.7928
-17.2228
-73.6919
-123.415
-165.823
-200.366
-226.374
-243.211
-250.326
-247.292
-233.996
-210.304
-175.898
-130.352
-72.199
-0.809782
89.587
182.982
402.205
355.315
297.875
228.456
152.604
67.9538
-24.0238
-117.257
-207.589
-294.231
-375.628
-450.332
-519.003
-582.295
-640.557
-694.391
-744.125
-789.725
-831.067
-867.811
-899.476
-925.455
-945.091
-957.478
-961.579
-956.452
-941.22
-915.256
-878.265
-830.152
-770.92
-700.686
-619.622
-527.668
-424.55
-308.834
-180.336
-34.1178
109.29
413.686
451.051
487.619
519.52
544.918
564.837
578.162
584.742
584.616
577.869
564.687
545.045
519.064
486.781
448.262
403.771
353.726
298.82
240.058
178.758
116.556
55.3301
-2.99505
-56.648
-104.446
-145.79
-180.023
-206.342
-224.003
-232.399
-230.968
-219.497
-197.79
-165.492
-122.178
-66.5592
1.77827
87.3551
174.813
373.489
329.688
275.998
211.049
140.119
60.9209
-25.181
-112.45
-196.952
-277.975
-354.061
-423.845
-487.993
-547.167
-601.752
-652.386
-699.456
-742.988
-782.905
-818.893
-850.471
-876.997
-897.753
-911.771
-917.926
-915.255
-902.885
-880.145
-846.633
-802.152
-746.629
-680.103
-602.681
-514.303
-414.753
-302.859
-178.723
-38.8309
97.331
384.24
419.21
453.461
483.317
507.083
525.768
538.331
544.676
544.872
539.022
527.328
509.793
486.534
457.582
422.972
382.909
337.71
287.937
234.422
178.289
120.957
64.1054
9.49308
-41.2105
-86.865
-126.874
-160.52
-186.898
-205.162
-214.65
-214.684
-204.948
-185.178
-154.988
-113.951
-60.9495
4.22573
84.9533
166.636
346.603
305.622
255.357
194.496
128.061
53.8561
-26.8617
-108.657
-187.805
-263.657
-334.842
-400.056
-459.962
-515.239
-566.281
-613.76
-658.101
-699.393
-737.615
-772.508
-803.606
-830.265
-851.743
-867.041
-874.951
-874.461
-864.705
-844.973
-814.773
-773.81
-721.93
-659.096
-585.353
-500.634
-404.776
-296.862
-177.256
-43.7311
85.3524
356.741
389.512
421.633
449.612
471.879
489.422
501.274
507.378
507.831
502.749
492.352
476.661
455.797
429.788
398.654
362.551
321.724
276.624
227.943
176.63
123.917
71.2971
20.3703
-27.3075
-70.6575
-109.107
-141.919
-168.114
-186.765
-197.153
-198.505
-190.402
-172.512
-144.418
-105.694
-55.3834
6.53633
82.4157
158.496
321.45
283.05
235.925
178.818
116.508
46.884
-28.8799
-105.64
-179.858
-250.933
-317.578
-378.553
-434.501
-486.102
-533.759
-578.16
-619.77
-658.727
-695.073
-728.609
-758.905
-785.351
-807.193
-823.429
-832.787
-834.202
-826.803
-809.853
-782.783
-745.207
-696.889
-637.717
-567.675
-486.685
-394.634
-290.843
-175.916
-48.766
73.4165
331.066
361.815
391.975
418.226
439.112
455.602
466.79
472.653
473.308
468.892
459.63
445.562
426.812
403.412
375.373
342.815
305.927
265.076
220.829
173.992
125.633
77.0731
29.7617
-14.8617
-55.7942
-92.5069
-124.266
-150.056
-168.886
-179.98
-182.5
-175.919
-159.842
-133.823
-97.4356
-49.8749
8.71419
79.7775
150.441
297.932
261.906
217.668
164.018
105.507
40.1032
-31.0911
-103.197
-172.858
-239.515
-301.953
-358.984
-411.239
-459.379
-503.82
-545.256
-584.177
-620.769
-655.133
-687.121
-716.366
-742.298
-764.192
-781.045
-791.554
-794.598
-789.3
-774.9
-750.766
-716.43
-671.576
-616.021
-549.687
-472.484
-384.341
-284.802
-174.683
-53.885
61.5884
307.099
335.989
364.337
388.995
408.612
424.123
434.695
440.321
441.142
437.301
429.037
416.404
399.53
378.449
353.168
323.786
290.448
253.447
213.26
170.565
126.289
81.5987
37.7983
-3.78788
-42.2365
-77.0739
-107.598
-132.78
-151.592
-163.203
-166.736
-161.559
-147.219
-123.242
-89.2034
-44.4365
10.7661
77.0709
142.514
275.96
242.118
200.541
150.088
95.0832
33.5808
-33.3808
-101.175
-166.608
-229.169
-287.696
-341.058
-389.867
-434.769
-476.168
-514.768
-551.076
-585.318
-617.642
-647.957
-675.961
-701.14
-722.814
-739.991
-751.368
-755.77
-752.312
-740.228
-718.827
-687.571
-646.071
-594.071
-531.436
-458.062
-373.914
-278.739
-173.532
-59.0331
49.9282
284.737
311.908
338.581
361.768
380.212
394.822
404.818
410.215
411.172
407.837
400.456
389.095
373.886
354.872
332.057
305.523
275.382
241.875
205.397
166.525
126.057
85.0299
44.6088
6.00736
-29.9301
-62.7973
-91.9382
-116.336
-134.945
-146.893
-151.279
-147.384
-134.696
-112.718
-81.0269
-39.0819
12.7014
74.3324
134.759
255.441
223.62
184.505
137.011
85.2519
27.3686
-35.6635
-99.4487
-160.959
-219.71
-274.597
-324.54
-370.131
-411.995
-450.532
-486.438
-520.23
-552.167
-582.438
-611.009
-637.635
-661.872
-683.094
-700.338
-712.317
-717.82
-715.952
-705.947
-687.073
-658.726
-620.453
-571.934
-512.974
-443.453
-363.371
-272.648
-172.435
-64.1557
38.5001
263.879
289.457
314.58
336.404
353.763
367.541
377.001
382.18
383.25
380.362
373.764
363.538
349.816
332.65
312.042
288.065
260.807
230.466
197.372
162.017
125.09
87.508
50.3182
14.6235
-18.8119
-49.6502
-77.2937
-100.756
-118.996
-131.113
-136.195
-133.455
-122.328
-102.294
-72.9365
-33.8219
14.529
71.5955
127.218
236.292
206.341
169.51
124.766
76.0205
21.5025
-37.8734
-97.9288
-155.782
-210.979
-262.471
-309.227
-351.813
-390.831
-426.675
-460.036
-491.427
-521.132
-549.371
-576.166
-601.332
-624.485
-645.063
-662.145
-674.485
-680.842
-680.327
-672.164
-655.605
-629.991
-594.807
-549.676
-494.354
-428.697
-352.728
-266.528
-171.362
-69.1984
27.3663
244.43
268.53
292.216
312.778
329.133
342.14
351.102
356.075
357.239
354.747
348.851
339.639
327.249
311.738
293.112
271.434
246.777
219.305
189.295
157.167
123.522
89.1682
55.0449
22.1548
-8.81955
-37.6033
-63.6677
-86.0688
-103.791
-115.92
-121.549
-119.834
-110.168
-92.0159
-64.961
-28.6705
16.2615
68.8931
119.931
218.432
190.216
155.506
113.324
67.3837
16.0008
-39.9604
-96.5334
-150.973
-202.851
-251.17
-294.948
-334.728
-371.087
-404.407
-435.365
-464.476
-492.035
-518.293
-543.312
-566.969
-588.935
-608.72
-625.456
-637.937
-644.922
-645.53
-638.988
-624.53
-601.463
-569.223
-527.374
-475.63
-413.828
-342.005
-260.371
-170.282
-74.1071
16.5877
226.303
249.031
271.378
290.77
306.195
318.486
326.988
331.766
333.01
330.872
325.606
317.307
306.114
292.09
275.245
255.638
233.329
208.458
181.257
152.088
121.475
90.1338
58.9053
28.6977
0.122366
-26.6143
-51.0466
-72.2915
-89.3667
-101.366
-107.398
-106.58
-98.2723
-81.9264
-57.1344
-23.6382
17.9085
66.2519
112.932
201.781
175.181
142.449
102.653
59.3321
10.8765
-41.8918
-95.2041
-146.45
-195.222
-240.572
-281.563
-318.717
-352.588
-383.547
-412.247
-439.2
-464.716
-489.058
-512.333
-534.46
-555.174
-574.055
-590.289
-602.721
-610.131
-611.648
-606.51
-593.948
-573.242
-543.787
-505.105
-456.866
-398.887
-331.221
-254.173
-169.16
-78.8341
6.21905
209.414
230.863
251.964
270.268
284.832
296.459
304.535
309.133
310.444
308.626
303.928
296.452
286.337
273.653
258.415
240.675
220.489
197.975
173.333
146.873
119.053
90.5131
62.0025
34.3468
8.08492
-16.6331
-39.4105
-59.4278
-75.753
-87.4981
-93.7969
-93.7503
-86.6941
-72.0719
-49.4838
-18.7374
19.4796
63.7021
106.251
186.27
161.175
130.288
92.7246
51.8509
6.13404
-43.6411
-93.8966
-142.146
-188.007
-230.575
-268.957
-303.655
-335.195
-363.942
-390.527
-415.452
-439.029
-461.54
-483.115
-503.721
-523.152
-541.045
-556.653
-568.875
-576.528
-578.758
-574.819
-563.95
-545.418
-518.589
-482.944
-438.12
-383.92
-320.393
-247.928
-167.968
-83.324
-3.6879
193.686
213.942
233.881
251.173
264.938
275.949
283.629
288.058
289.43
287.9
283.716
276.986
267.847
256.374
242.585
226.535
208.27
187.894
165.58
141.598
116.35
90.4036
64.435
39.1876
15.1395
-7.61087
-28.7338
-47.4776
-62.9693
-74.3527
-80.7954
-81.3976
-75.4833
-62.4955
-42.0404
-13.9786
20.9897
61.2657
99.9148
171.828
148.139
118.976
83.5043
44.9228
1.77509
-45.1919
-92.5742
-138.01
-181.136
-221.092
-257.031
-289.429
-318.793
-345.469
-370.073
-393.09
-414.839
-435.606
-455.546
-474.662
-492.798
-509.649
-524.538
-536.417
-544.157
-546.922
-543.996
-534.628
-518.085
-493.711
-460.969
-419.459
-368.965
-309.545
-241.63
-166.665
-87.5361
-13.0863
179.046
198.187
217.041
233.391
246.412
256.851
264.165
268.436
269.862
268.596
264.879
258.825
250.572
240.196
227.72
213.198
196.674
178.239
158.044
136.325
113.439
89.8923
66.2897
43.306
21.3622
0.509932
-18.98
-36.4283
-51.0255
-61.957
-68.4329
-69.569
-64.6884
-53.2369
-34.8326
-9.37253
22.4443
58.9652
93.946
158.39
136.017
108.469
74.9579
38.5266
-2.20729
-46.5338
-91.2122
-134.001
-174.555
-212.057
-245.702
-275.943
-303.272
-328.015
-350.766
-371.999
-392.026
-411.143
-429.522
-447.193
-464.043
-479.825
-493.929
-505.358
-513.049
-516.193
-514.105
-506.057
-491.323
-469.242
-439.253
-400.942
-354.071
-298.695
-235.274
-165.228
-91.426
-21.9363
165.425
183.524
201.362
216.833
229.162
239.07
246.044
250.17
251.644
250.619
247.33
241.892
234.444
225.063
213.778
200.643
185.698
169.025
150.758
131.108
110.388
89.0534
67.648
46.7796
26.8215
7.78712
-10.1113
-26.263
-39.9244
-50.3329
-56.7452
-58.3078
-54.3529
-44.3362
-27.8868
-4.93063
23.8527
56.8157
88.3587
145.896
124.754
98.7214
67.0526
32.6422
-5.82204
-47.66
-89.7938
-130.089
-168.22
-203.411
-234.901
-263.123
-288.543
-311.481
-332.504
-352.07
-370.486
-388.049
-404.944
-421.227
-436.82
-451.526
-464.8
-475.698
-483.227
-486.615
-485.208
-478.31
-465.213
-445.256
-417.872
-382.629
-339.281
-287.865
-228.856
-163.626
-94.9574
-30.2014
152.759
169.881
186.769
201.419
213.104
222.518
229.176
233.167
234.687
233.882
230.983
226.108
219.394
210.919
200.717
188.84
175.329
160.259
143.75
125.987
107.252
87.9516
68.5777
49.6798
31.5849
14.2755
-2.08599
-16.9565
-29.6611
-39.4928
-45.7589
-47.6499
-44.5155
-35.8274
-21.2285
-0.663771
25.2214
54.83
83.1622
134.287
114.3
89.69
59.7551
27.2458
-9.0802
-48.572
-88.3054
-126.248
-162.097
-195.112
-224.576
-250.902
-274.538
-295.788
-315.198
-333.208
-350.12
-366.227
-381.722
-396.679
-411.055
-424.695
-437.112
-447.423
-454.701
-458.217
-457.353
-451.451
-439.826
-421.829
-396.894
-364.581
-324.634
-277.078
-222.375
-161.831
-98.096
-37.8512
140.987
157.192
173.19
187.073
198.156
207.109
213.475
217.341
218.902
218.301
215.762
211.403
205.359
197.71
188.493
177.761
165.555
151.943
137.032
120.993
104.073
86.6411
69.1413
52.0696
35.7142
20.0312
5.14021
-8.48042
-20.2231
-29.4414
-35.4928
-37.6241
-35.2094
-27.7417
-14.8805
3.41924
26.5536
53.0169
78.362
123.508
104.607
81.3343
53.0317
22.3138
-11.9956
-49.2744
-86.7379
-122.461
-156.157
-187.122
-214.679
-239.227
-261.192
-280.866
-298.773
-315.334
-330.842
-345.59
-359.77
-373.473
-386.682
-399.278
-410.83
-420.513
-427.47
-431.018
-430.578
-425.531
-415.224
-399.026
-376.384
-346.855
-310.175
-266.354
-215.83
-159.826
-100.817
-44.8633
130.053
145.398
160.559
173.724
184.245
192.769
198.862
202.613
204.212
203.799
201.591
197.705
192.275
185.38
177.062
167.374
156.354
144.068
130.615
116.146
100.887
85.1695
69.3935
54.0094
39.269
25.1094
11.6131
-0.801978
-11.5928
-20.1754
-25.9586
-28.2521
-26.4613
-20.1058
-8.86295
7.30682
27.8522
51.3803
73.9555
113.507
95.6269
73.6143
46.8506
17.8224
-14.5837
-49.7695
-85.0902
-118.716
-150.377
-179.407
-205.171
-228.047
-248.449
-266.653
-283.16
-298.373
-312.578
-326.058
-339.008
-351.53
-363.628
-375.215
-385.908
-394.945
-401.53
-405.028
-404.909
-400.59
-391.458
-376.908
-356.401
-329.504
-295.944
-255.715
-209.225
-157.594
-103.098
-51.2242
119.902
134.438
148.813
161.305
171.301
179.425
185.265
188.909
190.544
190.304
188.4
184.951
180.083
173.879
166.38
157.643
147.705
136.627
124.502
111.466
97.7231
83.574
69.3804
55.5495
42.3028
29.5617
17.3779
6.11445
-3.74748
-11.6848
-17.1602
-19.5483
-18.2921
-12.9415
-3.19327
10.9907
29.1155
49.919
69.9365
104.236
87.3167
66.4915
41.1807
13.7478
-16.8598
-50.0669
-83.3597
-115.003
-144.74
-171.947
-196.02
-217.33
-236.267
-253.1
-268.303
-282.265
-295.26
-307.561
-319.367
-330.782
-341.831
-352.449
-362.302
-370.684
-376.862
-380.251
-380.362
-376.661
-368.573
-355.524
-336.999
-312.575
-281.979
-245.186
-202.562
-155.124
-104.924
-56.9225
110.485
124.261
137.896
149.756
159.26
167.01
172.614
176.158
177.827
177.748
176.126
173.077
168.725
163.153
156.405
148.535
139.583
129.607
118.691
106.961
94.6022
81.8863
69.1418
56.7366
44.8647
33.4375
22.4807
12.3074
3.3411
-3.95401
-9.09445
-11.5196
-10.7155
-6.26501
2.11417
14.4618
30.3407
48.6297
66.2933
95.6472
79.6341
59.9293
35.9907
10.0652
-18.8415
-50.1762
-81.5485
-111.317
-139.237
-164.722
-187.205
-207.043
-224.609
-240.162
-254.154
-266.955
-278.829
-290.039
-300.781
-311.164
-321.225
-330.924
-339.964
-347.695
-353.446
-356.679
-356.949
-353.769
-346.603
-334.917
-318.223
-296.111
-268.313
-234.787
-195.85
-152.408
-106.29
-61.956
101.756
114.814
127.753
139.019
148.061
155.461
160.846
164.297
165.996
166.066
164.704
162.025
158.147
153.155
147.093
140.016
131.963
122.99
113.177
102.637
91.5404
80.133
68.7121
57.6112
47.0004
36.7838
26.9661
17.8161
9.70402
3.03775
-1.7511
-4.16578
-3.73845
-0.0871152
7.04903
17.7121
31.5241
47.5041
63.01
87.6984
72.5401
53.8929
31.2517
6.75164
-20.5451
-50.107
-79.6626
-107.655
-133.858
-157.717
-178.703
-197.159
-213.442
-227.802
-240.668
-252.393
-263.23
-273.432
-283.189
-292.613
-301.752
-310.582
-318.844
-325.938
-331.252
-334.296
-334.667
-331.923
-325.572
-315.121
-300.11
-280.15
-254.98
-224.541
-189.098
-149.446
-107.189
-66.3285
93.6674
106.05
118.333
129.04
137.649
144.72
149.899
153.263
154.991
155.2
154.077
151.738
148.297
143.837
138.404
132.051
124.818
116.761
107.951
98.4964
88.5488
78.3335
68.1196
58.2083
48.7499
39.6433
30.8771
22.6805
15.3752
9.31664
4.88623
2.51974
2.63805
5.58665
11.6036
20.7345
32.6583
46.5313
60.0674
80.348
65.9962
48.3493
26.9352
3.78392
-21.9893
-49.8711
-77.7059
-104.018
-128.597
-150.921
-170.497
-187.656
-202.74
-215.987
-227.808
-238.538
-248.416
-257.688
-266.535
-275.074
-283.354
-291.37
-298.893
-305.372
-310.25
-313.082
-313.508
-311.129
-305.497
-296.16
-282.691
-264.725
-242.009
-214.468
-182.319
-146.244
-107.629
-70.0509
86.1792
97.9239
109.587
119.769
127.971
134.733
139.718
143.001
144.755
145.092
144.191
142.166
139.126
135.154
130.296
124.605
118.123
110.899
103.004
94.5359
85.6344
76.5038
67.3884
58.5599
50.1501
42.0567
34.2556
26.9409
20.3906
14.9121
10.839
8.55028
8.41949
10.7557
15.7743
23.5235
33.7359
45.697
57.4423
73.5565
59.9675
43.2659
23.0138
1.13943
-23.1899
-49.4806
-75.6847
-100.407
-123.451
-144.326
-162.575
-178.516
-192.478
-204.69
-215.541
-225.35
-234.346
-242.762
-250.772
-258.492
-265.979
-273.236
-280.061
-285.954
-290.404
-293.012
-293.458
-291.383
-286.384
-278.05
-265.989
-249.861
-229.423
-204.589
-175.527
-142.811
-107.619
-73.1376
79.2517
90.3935
101.471
111.157
118.976
125.447
130.251
133.457
135.234
135.689
134.993
133.257
130.587
127.063
122.732
117.647
111.848
105.384
98.3219
90.7516
82.8013
74.6565
66.5384
58.6922
51.2338
44.0614
37.1412
30.6371
24.7874
19.8564
16.1331
13.9442
13.6171
15.4249
19.5607
26.0746
34.7479
44.9852
55.1099
67.2877
54.4196
38.6128
19.4609
-1.20374
-24.1658
-48.948
-73.6069
-96.8247
-118.417
-137.925
-154.925
-169.724
-182.638
-193.886
-203.839
-212.798
-220.981
-228.609
-235.852
-242.82
-249.574
-256.128
-262.301
-267.638
-271.675
-274.055
-274.494
-272.673
-268.232
-260.799
-250.018
-235.577
-217.245
-194.924
-168.738
-139.161
-107.175
-75.6106
72.8475
83.4192
93.9442
103.162
110.619
116.816
121.449
124.582
126.38
126.943
126.437
124.966
122.635
119.522
115.674
111.143
105.967
100.197
93.8923
87.1379
80.0508
72.8002
65.5858
58.6289
52.031
45.6924
39.5722
33.8086
28.6043
24.1851
20.799
18.725
18.2471
19.6038
22.966
28.3849
35.6851
44.3782
53.0435
61.5066
49.3211
34.361
16.2519
-3.26696
-24.9325
-48.2853
-71.481
-93.2746
-113.495
-131.714
-147.54
-161.268
-173.202
-183.555
-192.675
-200.85
-208.287
-215.194
-221.733
-228.012
-234.094
-239.997
-245.565
-250.38
-254.023
-256.177
-256.59
-254.982
-251.032
-244.407
-234.788
-221.888
-205.49
-185.49
-161.971
-135.311
-106.318
-77.4948
66.9317
76.9636
86.9655
95.7409
102.857
108.795
113.266
116.329
118.145
118.808
118.475
117.249
115.23
112.494
109.088
105.062
100.456
95.3159
89.7004
83.6868
77.3828
70.9418
64.5448
58.3907
52.5683
46.9815
41.5847
36.4934
31.8797
27.9346
24.8691
22.9199
22.33
23.3057
25.9966
30.4531
36.5383
43.8573
51.2147
56.1806
44.641
30.4836
13.3624
-5.07035
-25.5074
-47.5054
-69.315
-89.761
-108.686
-125.689
-140.411
-153.137
-164.158
-173.677
-182.028
-189.481
-196.232
-202.48
-208.376
-214.024
-219.49
-224.796
-229.804
-234.135
-237.406
-239.34
-239.716
-238.286
-234.769
-228.868
-220.299
-208.801
-194.173
-176.305
-155.244
-131.284
-105.074
-78.8196
61.4709
70.992
80.4981
88.8552
95.6477
101.342
105.658
108.654
110.485
111.239
111.065
110.065
108.332
105.941
102.939
99.375
95.2875
90.7218
85.7318
80.3903
74.7953
69.0864
63.4267
57.9954
52.8699
47.9585
43.2129
38.7289
34.652
31.1425
28.3788
26.5592
25.8903
26.5478
28.6614
32.2802
37.2988
43.4031
49.5953
51.2789
40.351
26.9541
10.7695
-6.63393
-25.9066
-46.6205
-67.1165
-86.2886
-103.99
-119.849
-133.533
-145.322
-155.49
-164.237
-171.877
-178.665
-184.788
-190.432
-195.742
-200.818
-205.721
-210.48
-214.973
-218.855
-221.781
-223.505
-223.836
-222.557
-219.421
-214.169
-206.546
-196.319
-183.302
-167.383
-148.577
-127.104
-103.472
-79.6195
56.4343
65.4712
74.5076
82.4684
88.9551
94.4167
98.5871
101.518
103.36
104.196
104.168
103.374
101.904
99.8287
97.1961
94.0533
90.4382
86.3941
81.9721
77.2391
72.2852
67.237
62.2415
57.4592
52.9581
48.6513
44.4893
40.5512
36.9592
33.8472
31.3644
29.6759
28.9551
29.3504
30.9727
33.8683
37.9584
42.9967
48.157
46.772
36.424
23.748
8.45172
-7.97578
-26.1443
-45.6413
-64.8949
-82.8622
-99.4091
-114.19
-126.902
-137.813
-147.188
-155.219
-162.202
-168.38
-173.928
-179.022
-183.798
-188.352
-192.745
-197.006
-201.028
-204.498
-207.103
-208.63
-208.914
-207.763
-204.965
-200.29
-193.518
-184.44
-172.882
-158.736
-141.989
-122.796
-101.544
-79.9296
51.7927
60.3705
68.9613
76.5462
82.7429
87.9835
92.0142
94.8818
96.7319
97.6422
97.7471
97.1416
95.9111
94.1247
91.8292
89.0701
85.8846
82.314
78.4065
74.2241
69.8491
65.396
60.9972
56.7963
52.8529
49.0854
45.4443
41.9947
38.8385
36.0868
33.8632
32.3043
31.5541
31.7361
32.9445
35.2218
38.5102
42.6201
46.8723
42.6326
32.8346
20.842
6.3883
-9.11416
-26.2366
-44.5806
-62.6579
-79.4871
-94.9453
-108.712
-120.512
-130.603
-139.24
-146.607
-152.986
-158.604
-163.626
-168.22
-172.512
-176.593
-180.523
-184.331
-187.923
-191.016
-193.328
-194.674
-194.908
-193.868
-191.368
-187.211
-181.202
-173.156
-162.917
-150.375
-135.499
-118.387
-99.3233
-79.7886
47.5185
55.6605
63.8285
71.0565
76.9776
82.0077
85.9046
88.71
90.5648
91.5412
91.7667
91.3331
90.3214
88.7986
86.81
84.4
81.6047
78.4634
75.0214
71.3362
67.4828
63.5646
59.7008
56.0195
52.5728
49.2849
46.1072
43.0926
40.3261
37.8989
35.9129
34.4799
33.7182
33.7297
34.5931
36.3465
38.949
42.2562
45.7148
38.835
29.5584
18.2143
4.55946
-10.0657
-26.1962
-43.4486
-60.4134
-76.1676
-90.6004
-103.414
-114.36
-123.686
-131.637
-138.39
-144.212
-149.317
-153.86
-157.998
-161.851
-165.505
-169.016
-172.414
-175.617
-178.368
-180.413
-181.591
-181.778
-180.834
-178.6
-174.904
-169.577
-162.457
-153.403
-142.308
-129.125
-113.904
-96.8458
-79.2364
43.5859
51.3142
59.0805
65.9693
71.6282
76.4576
80.2255
82.9696
84.8254
85.8603
86.1946
85.9171
85.1047
83.8217
82.1123
80.0194
77.5777
74.825
71.8036
68.5666
65.1822
61.744
58.3586
55.1405
52.1351
49.2722
46.505
43.8764
41.4567
39.3203
37.5506
36.2382
35.4793
35.357
35.9361
37.2502
39.2707
41.8896
44.6597
35.3547
26.5729
15.8439
2.94702
-10.8464
-26.0375
-42.2558
-58.1689
-72.909
-86.3758
-98.295
-108.441
-117.054
-124.368
-130.554
-135.864
-140.499
-144.606
-148.331
-151.787
-155.054
-158.188
-161.217
-164.067
-166.508
-168.312
-169.338
-169.482
-168.622
-166.624
-163.339
-158.622
-152.33
-144.338
-134.542
-122.883
-109.376
-94.1465
-78.3138
39.9707
47.306
54.6902
61.2564
66.6654
71.3029
74.9465
77.6296
79.4827
80.5686
81.0007
80.8645
80.2328
79.1675
77.7114
75.9058
73.7843
71.3826
68.7404
65.9066
62.9433
59.9347
56.9764
54.17
51.5554
49.0682
46.6636
44.3762
42.2638
40.3868
38.8128
37.6145
36.8695
36.6447
36.9926
37.9419
39.4731
41.5067
43.6842
32.1689
23.8565
13.7114
1.53366
-11.4717
-25.7725
-41.0125
-55.9315
-69.7148
-82.2729
-93.3531
-102.751
-110.7
-117.424
-123.087
-127.926
-132.132
-135.842
-139.193
-142.291
-145.21
-148.004
-150.7
-153.234
-155.396
-156.983
-157.873
-157.976
-157.192
-155.403
-152.485
-148.311
-142.758
-135.713
-127.08
-116.789
-104.827
-91.2608
-77.0611
36.6498
43.6117
50.6324
56.8913
62.0619
66.5153
70.0387
72.6609
74.5079
75.6374
76.1567
76.1477
75.6794
74.811
73.5842
72.0385
70.2061
68.1209
65.82
63.3483
60.7622
58.1375
55.5593
53.1181
50.8487
48.6924
46.607
44.6202
42.7791
41.1326
39.7348
38.6436
37.9208
37.6197
37.7821
38.4319
39.5559
41.096
42.7677
29.2561
21.3894
11.7985
0.302444
-11.9555
-25.4133
-39.7278
-53.7076
-66.5894
-78.2932
-88.5867
-97.2864
-104.618
-110.796
-115.976
-120.384
-124.198
-127.547
-130.56
-133.335
-135.941
-138.43
-140.828
-143.077
-144.989
-146.381
-147.15
-147.218
-146.502
-144.9
-142.308
-138.618
-133.722
-127.521
-119.924
-110.856
-100.282
-88.2239
-75.5197
33.602
40.2087
46.8835
52.8495
57.7922
62.0688
65.4753
68.0367
69.8739
71.0402
71.6363
71.7413
71.4201
70.7295
69.7097
68.3984
66.8265
65.026
63.0315
60.8842
58.6353
56.3526
54.1121
51.9941
50.0288
48.1632
46.3581
44.6351
43.0329
41.5902
40.3503
39.3589
38.6646
38.3089
38.3248
38.7316
39.5201
40.648
41.892
26.5962
19.1527
10.0875
-0.761551
-12.3113
-24.9709
-38.4097
-51.5033
-63.5361
-74.4374
-83.9943
-92.0429
-98.8002
-104.472
-109.209
-113.222
-116.678
-119.701
-122.408
-124.892
-127.218
-129.433
-131.564
-133.559
-135.248
-136.467
-137.128
-137.166
-136.511
-135.077
-132.775
-129.514
-125.201
-119.749
-113.073
-105.096
-95.766
-85.0679
-73.7285
30.8074
37.0762
43.4213
49.1077
53.8324
57.9388
61.2316
63.7319
65.5556
66.7517
67.4152
67.6218
67.4325
66.9016
66.068
64.9675
63.6298
62.0847
60.3647
58.5075
56.5592
54.5807
52.6395
50.8065
49.1086
47.4979
45.9381
44.4462
43.0534
41.7906
40.6917
39.7926
39.1309
38.7387
38.6412
38.8533
39.3683
40.1554
41.0412
24.17
17.1285
8.56248
-1.67294
-12.5517
-24.4555
-37.0667
-49.3239
-60.5579
-70.706
-79.5737
-87.0155
-93.2403
-98.4451
-102.773
-106.425
-109.556
-112.283
-114.714
-116.937
-119.012
-120.983
-122.875
-124.643
-126.132
-127.199
-127.765
-127.778
-127.178
-125.894
-123.851
-120.97
-117.175
-112.386
-106.525
-99.517
-91.2976
-81.8242
-71.7255
28.247
34.1942
40.2251
45.6444
50.1602
54.1026
57.2844
59.723
61.5296
62.7491
63.4709
63.7671
63.6955
63.3076
62.6409
61.7295
60.6015
59.2853
57.8106
56.212
54.5312
52.8225
51.1458
49.5639
48.1004
46.7125
45.3669
44.0767
42.8672
41.7625
40.7893
39.9751
39.3487
38.9345
38.7512
38.8098
39.1047
39.613
40.2019
21.9602
15.3003
7.20805
-2.44517
-12.6881
-23.877
-35.7062
-47.1746
-57.657
-67.0988
-75.3224
-82.1993
-87.9306
-92.7042
-96.6575
-99.9788
-102.815
-105.273
-107.457
-109.445
-111.295
-113.048
-114.728
-116.293
-117.606
-118.537
-119.021
-119.013
-118.464
-117.315
-115.501
-112.958
-109.619
-105.416
-100.276
-94.1274
-86.8965
-78.5214
-69.5467
25.9034
31.5443
37.2754
42.4394
46.7548
50.5389
53.612
55.9883
57.7743
59.011
59.7822
60.1571
60.1897
59.9292
59.4117
58.6693
57.7287
56.6167
55.3607
53.9921
52.5487
51.0788
49.6354
48.2741
47.0155
45.822
44.6629
43.5486
42.499
41.5331
40.6714
39.935
39.3455
38.9209
38.6747
38.6143
38.7344
39.0174
39.3634
19.9498
13.6526
6.0102
-3.0911
-12.7319
-23.244
-34.3345
-45.0595
-54.8356
-63.6153
-71.2376
-77.5892
-82.8633
-87.2395
-90.8487
-93.8684
-96.4359
-98.6522
-100.612
-102.391
-104.04
-105.599
-107.089
-108.475
-109.632
-110.445
-110.857
-110.832
-110.33
-109.301
-107.691
-105.447
-102.511
-98.8247
-94.3218
-88.9319
-82.5785
-75.1861
-67.2261
23.76
29.1091
34.5543
39.4738
43.5967
47.2275
50.1942
52.5075
54.2696
55.5174
56.3299
56.7729
56.8973
56.7499
56.3649
55.7729
54.9993
54.069
53.0073
51.8429
50.6097
49.3505
48.1125
46.9443
45.8647
44.8403
43.8435
42.8819
41.9718
41.1274
40.3646
39.6991
39.147
38.7212
38.4307
38.2801
38.2637
38.3672
38.5168
18.1235
12.1708
4.95549
-3.62236
-12.6926
-22.565
-32.9577
-42.9826
-52.095
-60.2549
-67.3161
-73.1795
-78.0308
-82.0407
-85.3348
-88.0794
-90.4035
-92.4009
-94.1606
-95.7511
-97.2218
-98.6074
-99.9298
-101.156
-102.175
-102.884
-103.234
-103.197
-102.738
-101.817
-100.389
-98.4089
-95.8287
-92.5967
-88.6542
-83.9338
-78.3577
-71.8418
-64.7947
21.8016
26.8726
32.0447
36.7301
40.6679
44.1503
47.0123
49.2618
50.9964
52.2499
53.0959
53.5974
53.8019
53.754
53.4863
53.0277
52.4023
51.6331
50.7436
49.76
48.7123
47.6387
46.5809
45.5818
44.658
43.7804
42.9244
42.0955
41.3064
40.5683
39.893
39.2922
38.7774
38.3573
38.0378
37.8206
37.6996
37.6622
37.6559
16.4668
10.8415
4.03158
-4.04995
-12.5801
-21.8473
-31.5813
-40.9469
-49.4364
-57.0161
-63.5542
-68.9644
-73.4247
-77.0978
-80.1032
-82.5973
-84.7006
-86.5008
-88.0805
-89.5029
-90.8141
-92.046
-93.2195
-94.3049
-95.2021
-95.8199
-96.1173
-96.0705
-95.6518
-94.8275
-93.5611
-91.8147
-89.5476
-86.7154
-83.2653
-79.1343
-74.2454
-68.5091
-62.2811
20.0138
24.8197
29.7309
34.1918
37.9514
41.2898
44.0488
46.2338
47.9377
49.1913
50.0635
50.6144
50.8882
50.9274
50.763
50.4221
49.9275
49.3009
48.5635
47.7393
46.855
45.9445
45.0446
44.1929
43.4046
42.6544
41.9202
41.2063
40.5225
39.8772
39.2793
38.7371
38.2587
37.8498
37.5133
37.2489
37.0497
36.904
36.7759
14.966
9.65196
3.22696
-4.38404
-12.4028
-21.098
-30.2103
-38.9553
-46.8598
-53.8969
-59.9478
-64.9376
-69.0369
-72.4002
-75.1416
-77.4075
-79.3108
-80.9333
-82.3514
-83.6238
-84.7929
-85.8887
-86.9301
-87.8909
-88.6812
-89.2198
-89.472
-89.4186
-89.0371
-88.2998
-87.1769
-85.6366
-83.6452
-81.1641
-78.1464
-74.5334
-70.2504
-65.2064
-59.7111
18.3832
22.9364
27.5983
31.8438
35.4317
38.6301
41.2876
43.4071
45.0774
46.3259
47.2175
47.8091
48.1423
48.2569
48.1828
47.9454
47.566
47.0648
46.4615
45.7774
45.0366
44.2691
43.5071
42.7839
42.1131
41.4731
40.8445
40.23
39.6375
39.0733
38.5437
38.0547
37.6116
37.2176
36.8737
36.5777
36.322
36.095
35.8742
13.6088
8.59038
2.53083
-4.63402
-12.1685
-20.3232
-28.849
-37.0098
-44.3657
-50.8954
-56.4926
-61.0928
-64.8588
-67.9375
-70.4374
-72.4959
-74.2182
-75.6805
-76.9537
-78.0922
-79.135
-80.1098
-81.0345
-81.8855
-82.5819
-83.0516
-83.2653
-83.2078
-82.8608
-82.2019
-81.2063
-79.8482
-78.0992
-75.9262
-73.2876
-70.1294
-66.3799
-61.9492
-57.1072
16.8975
21.2096
25.6331
29.672
33.0941
36.1564
38.7137
40.7669
42.4003
43.6391
44.5437
45.168
45.5511
45.7307
45.735
45.5878
45.3093
44.9182
44.4324
43.8713
43.2563
42.6138
41.972
41.3605
40.7915
40.2468
39.7093
39.1809
38.6677
38.1741
37.7049
37.264
36.8547
36.4784
36.1345
35.8193
35.5247
35.2387
34.9493
12.3832
7.64588
1.9332
-4.80882
-11.885
-19.5286
-27.5008
-35.1123
-41.9533
-48.0089
-53.184
-57.4232
-60.8817
-63.699
-65.9783
-67.8482
-69.4067
-70.7249
-71.8683
-72.8873
-73.8178
-74.6855
-75.5068
-76.261
-76.875
-77.2852
-77.4663
-77.4067
-77.0918
-76.5032
-75.6209
-74.4237
-72.8878
-70.985
-68.6785
-65.919
-62.6387
-58.7503
-54.4899
15.5451
19.6271
23.8227
27.663
30.9251
33.8549
36.3131
38.299
39.8928
41.1173
42.0288
42.6784
43.1028
43.3376
43.4093
43.3404
43.1499
42.8549
42.4719
42.0183
41.5132
40.9796
40.4427
39.928
39.4472
38.9848
38.526
38.072
37.6275
37.1956
36.7798
36.3824
36.0052
35.6484
35.31
34.9855
34.6661
34.3392
34.0013
11.2784
6.80806
1.42476
-4.91653
-11.5588
-18.7197
-26.1693
-33.2641
-39.622
-45.2344
-50.0171
-53.9221
-57.097
-59.6744
-61.7521
-63.4506
-64.861
-66.0494
-67.0765
-67.9889
-68.8195
-69.5922
-70.3223
-70.9912
-71.5332
-71.8916
-72.0455
-71.9856
-71.7005
-71.1752
-70.3936
-69.3384
-67.9899
-66.324
-64.3083
-61.8981
-59.0299
-55.6204
-51.8762
14.3152
18.1778
22.1553
25.8048
28.9122
31.7128
34.0731
35.9908
37.5421
38.7481
39.6606
40.3286
40.7863
41.0674
41.1966
41.1951
41.0807
40.8693
40.5758
40.216
39.8066
39.368
38.922
38.4914
38.0867
37.6955
37.3046
36.9149
36.53
36.1521
35.7834
35.4254
35.0786
34.7423
34.4137
34.0875
33.7543
33.4012
33.031
10.2842
6.06762
0.996756
-4.96482
-11.1966
-17.9013
-24.8578
-31.4665
-37.3703
-42.5685
-46.9866
-50.5824
-53.4959
-55.8529
-57.7467
-59.2892
-60.5656
-61.6373
-62.5603
-63.3774
-64.1194
-64.8081
-65.4576
-66.0512
-66.5302
-66.8442
-66.9752
-66.9164
-66.6588
-66.1906
-65.4986
-64.569
-63.3852
-61.9271
-60.1659
-58.0616
-55.5552
-52.5677
-49.281
13.1981
16.8514
20.6202
24.086
27.0439
29.7183
31.9816
33.8303
35.3364
36.52
37.428
38.1076
38.5916
38.9108
39.0884
39.1443
39.0954
38.9563
38.7405
38.4621
38.136
37.7799
37.413
37.0551
36.7163
36.3864
36.0542
35.7202
35.3871
35.0564
34.7294
34.407
34.0888
33.7735
33.4577
33.1356
32.7974
32.4298
32.0404
9.39148
5.41591
0.641528
-4.96034
-10.8037
-17.0775
-23.5684
-29.7203
-35.1966
-40.0073
-44.0873
-47.3972
-50.0695
-52.2242
-53.9498
-55.3507
-56.5058
-57.4724
-58.302
-59.0343
-59.6975
-60.3117
-60.89
-61.4176
-61.8415
-62.1171
-62.2291
-62.1726
-61.9407
-61.5239
-60.9117
-60.093
-59.0543
-57.7783
-56.2401
-54.4035
-52.2143
-49.5988
-46.7169
12.1847
15.6383
19.2075
22.4963
25.3094
27.8605
30.0275
31.8063
33.2645
34.422
35.3203
36.0057
36.5096
36.8595
37.0768
37.181
37.188
37.111
36.9623
36.7545
36.5006
36.2162
35.9179
35.6231
35.3413
35.0644
34.783
34.4972
34.2092
33.9198
33.63
33.3398
33.0485
32.7543
32.4534
32.1397
31.8032
31.4302
31.032
8.59163
4.84512
0.352165
-4.90896
-10.3846
-16.2512
-22.3025
-28.0252
-33.0987
-37.5479
-41.3145
-44.3596
-46.809
-48.7778
-50.3497
-51.6218
-52.6672
-53.5391
-54.2851
-54.9417
-55.5348
-56.083
-56.5984
-57.0678
-57.4437
-57.6862
-57.7827
-57.7294
-57.5213
-57.1509
-56.6099
-55.8894
-54.9784
-53.8622
-52.5193
-50.9171
-49.0062
-46.718
-44.1939
11.2661
14.529
17.9074
21.0259
23.6989
26.1292
28.2004
29.9084
31.3158
32.444
33.327
34.0133
34.5319
34.9055
35.1546
35.2989
35.3532
35.3294
35.2383
35.0914
34.9002
34.6779
34.439
34.1989
33.9663
33.7353
33.498
33.2542
33.0056
32.7526
32.4958
32.2349
31.9689
31.6955
31.4109
31.1088
30.7793
30.4079
30.0092
7.87617
4.34708
0.120725
-4.81745
-9.9449
-15.4265
-21.0615
-26.3803
-31.0727
-35.1862
-38.6643
-41.4638
-43.7064
-45.5037
-46.935
-48.0897
-49.0358
-49.8223
-50.4933
-51.0822
-51.613
-52.1028
-52.5626
-52.9809
-53.3148
-53.529
-53.6127
-53.5635
-53.3776
-53.0492
-52.5719
-51.9384
-51.1399
-50.1642
-48.9924
-47.5955
-45.9286
-43.9284
-41.7203
10.4329
13.5147
16.7111
19.6661
22.2034
24.5158
26.4922
28.128
29.4821
30.5783
31.4389
32.1204
32.6494
33.0407
33.3141
33.491
33.5852
33.6067
33.5651
33.4709
33.3339
33.1655
32.9784
32.7857
32.5959
32.4047
32.2057
31.9985
31.7845
31.5637
31.3365
31.1023
30.8599
30.6069
30.3395
30.0514
29.7325
29.3683
28.9755
7.23599
3.91276
-0.0613378
-4.69469
-9.49306
-14.6112
-19.8516
-24.7883
-29.1107
-32.9132
-36.1292
-38.702
-40.7523
-42.3916
-43.6944
-44.7425
-45.5983
-46.3077
-46.9113
-47.4398
-47.9149
-48.3527
-48.7635
-49.1367
-49.434
-49.6238
-49.6972
-49.6527
-49.4875
-49.1972
-48.7768
-48.2206
-47.5216
-46.6694
-45.6478
-44.4309
-42.9782
-41.2314
-39.3022
9.67941
12.5891
15.6116
18.4092
20.8155
23.0127
24.8949
26.4579
27.7566
28.8193
29.6482
30.3192
30.8547
31.2571
31.5477
31.7504
31.8779
31.9377
31.9385
31.8898
31.8001
31.6789
31.5371
31.386
31.2338
31.0775
30.912
30.7371
30.5536
30.3616
30.1609
29.9512
29.731
29.4979
29.2481
28.9754
28.6699
28.317
27.935
6.66549
3.53716
-0.199358
-4.54515
-9.03352
-13.8099
-18.6795
-23.2561
-27.2111
-30.722
-33.7005
-36.0637
-37.9352
-39.4293
-40.6151
-41.5664
-42.3406
-42.9805
-43.5236
-43.9981
-44.4238
-44.8155
-45.1829
-45.5167
-45.7819
-45.9512
-46.0166
-45.9772
-45.8314
-45.5758
-45.2067
-44.7193
-44.1083
-43.3649
-42.4752
-41.4162
-40.1514
-38.6278
-36.9447
9.0053
11.7499
14.6045
17.2493
19.5272
21.6099
23.3987
24.8867
26.1288
27.1538
27.9452
28.6089
29.1481
29.553
29.853
30.0757
30.23
30.3211
30.3573
30.3475
30.2985
30.2184
30.1161
30.0015
29.8821
29.7566
29.6209
29.4747
29.3185
29.1524
28.9761
28.789
28.5897
28.376
28.144
27.8878
27.5978
27.2592
26.8916
6.16594
3.22276
-0.286632
-4.35926
-8.55407
-13.0076
-17.5305
-21.7735
-25.39
-28.6335
-31.3894
-33.5504
-35.252
-36.6109
-37.6884
-38.5502
-39.2497
-39.8263
-40.3148
-40.7408
-41.1223
-41.4731
-41.8022
-42.1012
-42.3385
-42.4904
-42.5495
-42.5159
-42.3881
-42.1644
-41.8415
-41.4156
-40.8829
-40.2358
-39.4624
-38.5426
-37.4432
-36.1161
-34.6498
8.40609
10.9922
13.6836
16.1792
18.3299
20.2967
21.99
23.3988
24.5832
25.5615
26.3089
26.9837
27.5306
27.9259
28.2263
28.465
28.6417
28.7582
28.8238
28.847
28.8334
28.7888
28.7208
28.638
28.5474
28.4489
28.3395
28.2186
28.0867
27.944
27.7898
27.6236
27.4441
27.2491
27.0349
26.7958
26.5225
26.2002
25.8498
5.73355
2.96735
-0.323312
-4.13341
-8.04553
-12.1886
-16.3804
-20.3044
-23.6279
-26.6645
-29.213
-31.1656
-32.7005
-33.9336
-34.9106
-35.6887
-36.3184
-36.8366
-37.2753
-37.6571
-37.9988
-38.3126
-38.6073
-38.8753
-39.0887
-39.2259
-39.2808
-39.2535
-39.1433
-38.9489
-38.6675
-38.2972
-37.8341
-37.2722
-36.6013
-35.8039
-34.85
-33.6966
-32.4217
7.9453
10.4054
12.9644
15.3231
17.346
19.1782
20.7361
22.0081
23.062
23.9039
24.5141
25.2835
25.9357
26.3721
26.7125
27.0049
27.2344
27.3984
27.509
27.5758
27.6032
27.5962
27.5616
27.5077
27.4418
27.3653
27.2766
27.175
27.0617
26.9364
26.7962
26.6437
26.4777
26.2953
26.0929
25.8648
25.6025
25.2906
24.9512
5.40112
2.77279
-0.353155
-3.94861
-7.61151
-11.4551
-15.2625
-18.7349
-21.5614
-24.6645
-27.1672
-28.9985
-30.4431
-31.6207
-32.5532
-33.2912
-33.8859
-34.3755
-34.7894
-35.1493
-35.4712
-35.7671
-36.0451
-36.2986
-36.5016
-36.6334
-36.6886
-36.6681
-36.5723
-36.3995
-36.1483
-35.8171
-35.4025
-34.9002
-34.3009
-33.5886
-32.7366
-31.7057
-30.5669
7.57981
9.93478
12.3762
14.6068
16.4994
18.1828
19.5809
20.6793
21.5529
22.1947
22.5947
23.5271
24.3489
24.8646
25.2741
25.6462
25.9509
26.18
26.3487
26.4681
26.5423
26.5759
26.5756
26.5498
26.5066
26.4497
26.3788
26.2929
26.1944
26.0828
25.9511
25.8075
25.6503
25.4757
25.2799
25.0577
24.8005
24.4926
24.1575
5.14061
2.62439
-0.362118
-3.76938
-7.19851
-10.7363
-14.1254
-17.1097
-19.361
-22.6603
-25.225
-26.9951
-28.3974
-29.5624
-30.4866
-31.2131
-31.7966
-32.2767
-32.6824
-33.0348
-33.3499
-33.6401
-33.9133
-34.1636
-34.366
-34.4996
-34.5593
-34.547
-34.4631
-34.3066
-34.077
-33.7728
-33.3921
-32.9314
-32.3823
-31.7307
-30.952
-30.0085
-28.966
7.22449
9.47378
11.7974
13.9007
15.6648
17.2017
18.4451
19.3758
20.0775
20.5268
20.7313
21.785
22.7553
23.3447
23.8141
24.2569
24.6319
24.9234
25.1482
25.3189
25.4396
25.5134
25.5472
25.5493
25.5289
25.4916
25.4389
25.3688
25.2855
25.1877
25.0647
24.93
24.7821
24.6159
24.4277
24.2125
23.9623
23.6608
23.3343
4.89164
2.48905
-0.355852
-3.57273
-6.76998
-10.0041
-12.993
-15.5236
-17.2283
-20.6489
-23.273
-24.9842
-26.333
-27.4765
-28.3892
-29.1024
-29.6732
-30.1425
-30.5394
-30.884
-31.192
-31.476
-31.7449
-31.9927
-32.1953
-32.3318
-32.398
-32.3958
-32.3259
-32.1884
-31.9826
-31.7077
-31.363
-30.945
-30.4465
-29.855
-29.1479
-28.2909
-27.3516
6.8813
9.02531
11.2316
13.2098
14.8476
16.2412
17.3357
18.1032
18.6422
18.8998
18.9268
20.061
21.1535
21.8121
22.3348
22.8391
23.2784
23.6291
23.9078
24.1287
24.2952
24.4096
24.4781
24.5085
24.5109
24.4932
24.4583
24.4042
24.3369
24.2535
24.1403
24.0155
23.8776
23.7199
23.5389
23.3302
23.0861
22.7891
22.4647
4.6552
2.36629
-0.336354
-3.36266
-6.33192
-9.26481
-11.8757
-13.9717
-15.1881
-18.6366
-21.3043
-22.968
-24.2581
-25.3708
-26.2673
-26.9661
-27.5226
-27.9798
-28.3666
-28.7027
-29.0029
-29.2799
-29.5427
-29.7863
-29.9868
-30.1232
-30.1925
-30.1968
-30.1374
-30.0148
-29.8287
-29.5795
-29.2671
-28.8887
-28.4382
-27.9049
-27.2673
-26.4911
-25.6304
6.55329
8.59339
10.6837
12.5398
14.0543
15.3083
16.2597
16.8671
17.2506
17.311
17.1777
18.3543
19.5401
20.2614
20.833
21.392
21.8906
22.2978
22.6283
22.8975
23.109
23.2641
23.3681
23.4286
23.4557
23.459
23.4427
23.4045
23.3523
23.2825
23.1792
23.0654
22.9394
22.7942
22.6258
22.43
22.1994
21.9185
21.6207
4.43332
2.25727
-0.304148
-3.1416
-5.88913
-8.52519
-10.7823
-12.4541
-13.2499
-16.6369
-19.3176
-20.9431
-22.1746
-23.2486
-24.1236
-24.8057
-25.3464
-25.7901
-26.1662
-26.4943
-26.7886
-27.0614
-27.3213
-27.5652
-27.7698
-27.9146
-27.9962
-28.0167
-27.9778
-27.8798
-27.7228
-27.5074
-27.2334
-26.8987
-26.498
-26.0213
-25.4515
-24.762
-24.0251
6.24341
8.18223
10.1596
11.8972
13.2918
14.4103
15.2243
15.6736
15.9068
15.758
15.4767
16.6618
17.9119
18.6865
19.3025
19.9111
20.4658
20.9293
21.3124
21.6304
21.8867
22.0813
22.219
22.3078
22.3597
22.3866
22.3929
22.3753
22.3422
22.288
22.1946
22.0882
21.9674
21.8246
21.6568
21.461
21.2293
20.9402
20.6124
4.22733
2.16152
-0.261083
-2.91423
-5.44757
-7.79388
-9.72177
-10.9758
-11.4154
-14.6606
-17.314
-18.9066
-20.0833
-21.1129
-21.9611
-22.625
-23.1496
-23.5779
-23.9391
-24.2522
-24.5322
-24.7917
-25.0405
-25.2745
-25.4695
-25.6062
-25.6824
-25.7014
-25.6655
-25.575
-25.4313
-25.2356
-24.9886
-24.6891
-24.3337
-23.9124
-23.4058
-22.7765
-22.0513
5.95516
7.79806
9.66763
11.2913
12.5681
13.5542
14.2325
14.5202
14.6038
14.2304
13.8082
14.9745
16.2659
17.0835
17.7355
18.3849
18.9907
19.5101
19.9493
20.3223
20.631
20.8732
21.0501
21.1673
21.2382
21.2797
21.3009
21.2998
21.2872
21.2552
21.1863
21.1089
21.0209
20.9129
20.7803
20.6196
20.4266
20.1934
19.9723
4.03759
2.07641
-0.212839
-2.68918
-5.01603
-7.07963
-8.69963
-9.53952
-9.67965
-12.7153
-15.2973
-16.8559
-17.9827
-18.9647
-19.7799
-20.421
-20.9307
-21.3525
-21.7149
-22.0341
-22.3213
-22.5871
-22.8423
-23.0869
-23.3023
-23.4674
-23.5762
-23.6313
-23.6345
-23.5864
-23.4879
-23.3395
-23.1412
-22.8916
-22.5872
-22.2217
-21.7874
-21.2765
-20.7892
5.69198
7.44705
9.21684
10.7327
11.8937
12.7486
13.2844
13.3978
13.3283
12.7126
12.1453
13.2718
14.5927
15.4513
16.1364
16.8187
17.4635
18.0271
18.5139
18.9373
19.2993
19.5972
19.8321
20.0066
20.1257
20.2015
20.243
20.2493
20.2334
20.1906
20.1015
19.9953
19.8738
19.7312
19.5662
19.3751
19.1443
18.8353
18.4334
3.86416
1.99845
-0.167108
-2.47827
-4.60603
-6.39306
-7.72121
-8.14876
-8.03277
-10.8033
-13.2707
-14.7874
-15.8682
-16.8045
-17.5865
-18.1975
-18.6681
-19.0399
-19.3484
-19.6177
-19.8638
-20.0986
-20.3293
-20.5474
-20.7268
-20.8522
-20.9262
-20.9525
-20.9328
-20.8681
-20.7609
-20.6134
-20.4278
-20.2046
-19.9406
-19.626
-19.2336
-18.7053
-18.0013
5.45584
7.13038
8.80906
10.2266
11.2797
12.0118
12.3998
12.3335
12.1119
11.217
10.4636
11.5242
12.8613
13.7623
14.4974
15.2344
15.9337
16.5467
17.0768
17.5375
17.929
18.2452
18.4889
18.6751
18.8279
18.9651
19.0868
19.1896
19.2821
19.3315
19.3458
19.3514
19.3402
19.3003
19.2281
19.1251
19.0056
18.8963
18.9206
3.71014
1.93093
-0.122063
-2.28443
-4.22565
-5.75509
-6.81393
-6.82144
-6.46352
-8.92273
-11.2352
-12.6993
-13.7335
-14.6169
-15.3682
-15.9903
-16.513
-16.9608
-17.3473
-17.6811
-17.9732
-18.2369
-18.4894
-18.7431
-18.9907
-19.2049
-19.3707
-19.4897
-19.564
-19.5943
-19.5803
-19.521
-19.4156
-19.2632
-19.0634
-18.8183
-18.5437
-18.2787
-18.2
5.24863
6.84868
8.44463
9.77497
10.7353
11.3642
11.6181
11.4037
11.0397
9.77382
8.7503
9.73082
11.0442
11.9342
12.6937
13.5
14.2996
15.0276
15.677
16.2574
16.7653
17.1837
17.4881
17.6592
17.7165
17.7144
17.6829
17.6208
17.549
17.4744
17.3597
17.213
17.0632
16.9167
16.7662
16.5934
16.3521
15.9332
15.2144
3.57984
1.88106
-0.0691293
-2.10101
-3.87765
-5.19794
-6.02456
-5.58062
-4.96338
-7.07549
-9.18278
-10.5849
-11.5954
-12.4254
-13.0634
-13.5053
-13.7991
-14.0132
-14.2003
-14.3877
-14.5849
-14.795
-15.0141
-15.2154
-15.3588
-15.4432
-15.4867
-15.4942
-15.4663
-15.4051
-15.3148
-15.2004
-15.066
-14.9133
-14.7376
-14.5203
-14.2047
-13.6735
-12.7501
5.08013
6.62891
8.16157
9.415
10.286
10.8071
10.915
10.5614
9.99464
8.22306
6.92469
7.9254
9.23904
10.0421
10.6859
11.3987
12.1535
12.8899
13.5936
14.2691
14.9187
15.552
16.1849
16.8162
17.3769
17.8288
18.1912
18.5135
18.8141
18.9697
19.1062
19.2227
19.2881
19.2982
19.262
19.2056
19.2067
19.4182
20.1303
3.46437
1.82351
-0.0479502
-1.97069
-3.59809
-4.73928
-5.30559
-4.35648
-3.51514
-5.27861
-7.10396
-8.38429
-9.38923
-10.3247
-11.209
-12.0175
-12.7276
-13.3127
-13.7698
-14.1182
-14.3874
-14.6079
-14.82
-15.0772
-15.4043
-15.747
-16.0518
-16.3124
-16.5315
-16.7103
-16.8447
-16.9295
-16.9621
-16.943
-16.8805
-16.7973
-16.7645
-16.9205
-17.587
4.9704
6.53065
8.0491
9.24194
10.0021
10.3429
10.1859
9.52857
8.47527
6.08458
4.74061
5.97318
7.57594
8.5961
9.32927
9.99772
10.626
11.1954
11.7006
12.1309
12.4449
12.5709
12.459
12.1461
11.8532
11.7114
11.6359
11.5529
11.4743
11.3855
11.241
11.1026
11.0394
11.009
10.9742
10.9004
10.6675
10.0064
8.57619
3.33664
1.68276
-0.17862
-2.03337
-3.50224
-4.38296
-4.45488
-2.94655
-2.06986
-3.53628
-5.06809
-6.15598
-6.8748
-7.27304
-7.38466
-7.32207
-7.20715
-7.14512
-7.17507
-7.29296
-7.47646
-7.70578
-7.9469
-8.12219
-8.15696
-8.10167
-8.02885
-7.94619
-7.85029
-7.7395
-7.6226
-7.50922
-7.40575
-7.31328
-7.22123
-7.09175
-6.80746
-6.15056
-4.73521
4.9224
6.54765
8.10076
9.26497
9.91903
10.0462
9.55117
8.4373
6.6532
3.64859
2.10177
3.23285
5.01806
6.62161
8.14682
9.65249
11.1522
12.6511
14.1702
15.7411
17.4013
19.1529
20.8891
22.3909
23.3308
23.7324
24.1705
24.4261
24.9315
26.2541
25.6619
25.4347
25.5367
25.5593
25.45
25.3558
25.4776
26.1546
27.6942
3.20807
1.47296
-0.450141
-2.29537
-3.62662
-4.18523
-3.58026
-1.54851
-0.623435
-1.64507
-2.9924
-4.51393
-6.16096
-7.87145
-9.44006
-10.7171
-11.675
-12.3081
-12.6794
-12.8757
-12.9755
-13.0448
-13.1779
-13.5297
-14.1714
-14.8972
-15.5323
-16.0842
-16.585
-17.0382
-17.43
-17.7496
-17.9965
-18.1784
-18.323
-18.4913
-18.8466
-19.645
-21.3436
704.607
681.392
656.022
628.906
600.639
571.849
543.108
514.75
486.944
459.795
433.382
407.778
383.049
359.256
336.448
314.666
293.939
274.283
255.705
238.201
221.755
206.345
191.939
178.503
165.995
154.373
143.593
133.61
124.382
115.868
108.027
100.823
94.218
88.1795
82.6742
77.67
73.1354
69.039
65.3498
62.0365
59.0678
56.4121
54.0385
51.9164
50.0156
48.3072
46.7637
45.3591
44.0691
42.8716
41.7468
40.677
39.647
38.6439
37.6568
36.6773
35.6987
34.7163
33.7269
32.7289
31.7217
30.7056
29.682
28.6526
27.6203
26.5877
25.5592
24.6702
23.8803
23.0667
22.197
21.3823
20.3405
19.804
18.1014
18.9294
14.6722
20.5554
7.665
28.877
706.297
687.247
664.223
639.725
612.303
582.077
549.811
516.409
482.83
449.818
417.762
386.812
357.023
328.417
301.004
274.794
249.787
225.982
203.363
181.903
161.575
142.346
124.181
107.042
90.8873
75.6791
61.3784
47.9524
35.3738
23.6203
12.6748
2.52069
-6.85622
-15.4673
-23.324
-30.4389
-36.8255
-42.4997
-47.479
-51.7847
-55.4401
-58.4718
-60.9097
-62.7859
-64.1348
-64.993
-65.399
-65.3918
-65.0111
-64.2961
-63.2861
-62.0191
-60.5312
-58.857
-57.0288
-55.0766
-53.0275
-50.9065
-48.7353
-46.5333
-44.3176
-42.1024
-39.9003
-37.7211
-35.5738
-33.4638
-31.3984
-29.6641
-28.1416
-26.6195
-24.9504
-23.4682
-21.4658
-20.4492
-17.4144
-18.1792
-12.0232
-18.0183
-3.84555
-22.0872
254.942
254.245
255.669
256.729
257.411
257.533
256.992
255.719
253.69
250.913
247.406
243.193
238.308
232.794
226.701
220.085
213.012
205.555
197.785
189.78
181.621
173.382
165.137
156.955
148.898
141.022
133.375
125.995
118.917
112.162
105.749
99.6891
93.9875
88.6457
83.6613
79.0283
74.7383
70.7803
67.1415
63.8071
60.7605
57.9837
55.4574
53.1618
51.0758
49.1784
47.4483
45.8646
44.4073
43.0569
41.7954
40.6062
39.4742
38.3863
37.3309
36.2983
35.2805
34.2713
33.2659
32.2609
31.2544
30.2452
29.2336
28.2202
27.2068
26.1954
25.1895
24.3211
23.5503
22.7579
21.9083
21.1158
20.0971
19.5744
17.9216
18.7065
14.6263
20.2224
7.93237
28.2722
255.916
255.568
256.283
257.578
258.532
259.053
259.023
258.135
256.139
252.907
248.373
242.513
235.37
227.04
217.658
207.367
196.305
184.614
172.435
159.903
147.147
134.287
121.432
108.681
96.1281
83.856
71.9352
60.4232
49.3652
38.7974
28.749
19.2407
10.2886
1.90555
-5.89883
-13.1183
-19.7492
-25.791
-31.2452
-36.1174
-40.4157
-44.1515
-47.3403
-50.0004
-52.1533
-53.8238
-55.0395
-55.8298
-56.2262
-56.2612
-55.9683
-55.3814
-54.5334
-53.4569
-52.1835
-50.7429
-49.1629
-47.4696
-45.6868
-43.8358
-41.936
-40.0041
-38.0553
-36.1018
-34.1552
-32.2233
-30.3145
-28.7021
-27.2767
-25.8535
-24.2679
-22.8809
-20.9447
-20.0169
-17.0484
-17.8473
-11.867
-17.6443
-4.07791
-21.4835
126.812
126.943
127.143
127.2
127.399
127.69
128.075
128.536
129.052
129.594
130.124
130.606
130.997
131.258
131.348
131.225
130.855
130.208
129.254
127.976
126.362
124.409
122.123
119.519
116.619
113.454
110.059
106.474
102.744
98.912
95.0226
91.1188
87.2399
83.4217
79.6958
76.0889
72.6229
69.315
66.1776
63.2188
60.4426
57.8493
55.4361
53.1974
51.1249
49.2084
47.4362
45.7955
44.2727
42.8538
41.525
40.2729
39.0848
37.9488
36.8542
35.7917
34.7531
33.7315
32.7215
31.7189
30.7205
29.7245
28.7301
27.7372
26.7468
25.7599
24.7801
23.9352
23.186
22.4166
21.5911
20.8199
19.8351
19.3127
17.743
18.4321
14.6195
19.7869
8.28896
27.4054
126.432
125.344
124.18
123.012
121.745
120.454
119.187
117.939
116.719
115.547
114.43
113.343
112.234
111.023
109.616
107.922
105.864
103.374
100.404
96.9204
92.9064
88.3636
83.3108
77.7833
71.8271
65.4979
58.8604
51.9862
44.9498
37.8267
30.6915
23.6139
16.6584
9.88522
3.34715
-2.90903
-8.84287
-14.4205
-19.6136
-24.4
-28.7632
-32.6916
-36.1795
-39.2259
-41.8347
-44.0143
-45.7773
-47.1401
-48.1222
-48.7458
-49.0357
-49.018
-48.7199
-48.1692
-47.3939
-46.4212
-45.2776
-43.9884
-42.5774
-41.0668
-39.4767
-37.8257
-36.1303
-34.4047
-32.662
-30.9129
-29.1657
-27.6799
-26.3571
-25.0356
-23.5435
-22.2467
-20.4034
-19.5294
-16.7027
-17.4263
-11.7953
-17.128
-4.4262
-20.7575
130.643
130.874
130.924
130.831
130.606
130.21
129.66
128.956
128.107
127.12
126.004
124.769
123.427
121.989
120.466
118.867
117.2
115.47
113.68
111.831
109.921
107.944
105.897
103.772
101.564
99.2666
96.8779
94.3973
91.8283
89.1776
86.4556
83.6766
80.8573
78.0168
75.1756
72.3544
69.5737
66.8525
64.2082
61.6555
59.2064
56.8699
54.6523
52.5566
50.5833
48.7302
46.9931
45.3658
43.8407
42.409
41.0611
39.7871
38.5772
37.4215
36.3109
35.2369
34.1919
33.1691
32.163
31.1689
30.1833
29.2037
28.2287
27.2576
26.2908
25.3287
24.3745
23.5519
22.8225
22.074
21.2704
20.5197
19.5638
19.0502
17.5379
18.1813
14.5255
19.4674
8.40327
26.8468
130.232
129.573
128.748
127.771
126.577
125.103
123.305
121.153
118.653
115.85
112.811
109.601
106.262
102.822
99.298
95.7045
92.0539
88.3508
84.593
80.7732
76.878
72.8902
68.7909
64.5621
60.1871
55.6533
50.9542
46.0909
41.0722
35.9156
30.6471
25.2987
19.9078
14.5173
9.17115
3.91482
-1.20719
-6.15259
-10.8818
-15.3593
-19.5544
-23.4402
-26.9959
-30.2057
-33.0589
-35.5499
-37.6778
-39.4467
-40.8647
-41.9437
-42.699
-43.1484
-43.3123
-43.2126
-42.8722
-42.3149
-41.5644
-40.6439
-39.5763
-38.3832
-37.0851
-35.7008
-34.2479
-32.7418
-31.1969
-29.626
-28.0375
-26.6751
-25.4504
-24.226
-22.8236
-21.6147
-19.8581
-19.0461
-16.3338
-17.0365
-11.6431
-16.7316
-4.55274
-20.2883
113.329
113.406
113.472
113.522
113.529
113.484
113.383
113.213
112.964
112.625
112.186
111.638
110.971
110.18
109.258
108.203
107.015
105.693
104.243
102.671
100.985
99.1923
97.3049
95.333
93.287
91.1771
89.0129
86.8027
84.5543
82.2744
79.9695
77.6464
75.3111
72.9709
70.6338
68.3083
66.0038
63.7301
61.4973
59.3155
57.1939
55.1408
53.1634
51.2671
49.4558
47.7311
46.0933
44.5409
43.0704
41.6774
40.3563
39.1006
37.9032
36.757
35.6546
34.5891
33.5538
32.5429
31.5509
30.5736
29.6072
28.6491
27.6975
26.7513
25.8105
24.8749
23.9479
23.1485
22.4394
21.712
20.9308
20.2014
19.273
18.773
17.3069
17.9281
14.3818
19.1839
8.40263
26.4284
113.038
112.466
111.854
111.252
110.614
109.899
109.08
108.124
106.992
105.652
104.087
102.295
100.28
98.0372
95.5609
92.8485
89.9035
86.7339
83.3518
79.7729
76.0147
72.0961
68.036
63.8526
59.5627
55.1817
50.7226
46.197
41.6152
36.9871
32.3239
27.6377
22.9421
18.2551
13.5967
8.99014
4.46123
0.0375101
-4.2521
-8.37878
-12.3144
-16.0322
-19.5078
-22.7205
-25.6525
-28.2904
-30.6242
-32.6492
-34.3641
-35.7719
-36.8791
-37.6956
-38.2345
-38.5112
-38.5429
-38.3487
-37.9484
-37.3625
-36.6112
-35.7148
-34.6929
-33.564
-32.3458
-31.0541
-29.7042
-28.3102
-26.8803
-25.6416
-24.5152
-23.3881
-22.0762
-20.9571
-19.2852
-18.545
-15.9296
-16.6501
-11.4277
-16.3846
-4.56088
-19.9067
86.499
86.5239
86.5793
86.6252
86.6624
86.6935
86.7164
86.7289
86.7287
86.7118
86.6747
86.6124
86.5187
86.3873
86.2105
85.9805
85.6885
85.3261
84.8849
84.3567
83.7346
83.0127
82.1867
81.2542
80.2149
79.0703
77.8242
76.4822
75.0511
73.5393
71.9561
70.3114
68.6151
66.8775
65.1087
63.3185
61.5165
59.7121
57.9145
56.1324
54.3744
52.648
50.9604
49.318
47.726
46.1883
44.7078
43.2859
41.9228
40.6172
39.3669
38.1686
37.0184
35.9114
34.8427
33.8072
32.7998
31.8156
30.8503
29.8999
28.9612
28.0315
27.109
26.1925
25.2818
24.3765
23.4799
22.7062
22.0198
21.3158
20.5595
19.8532
18.9548
18.4689
17.0536
17.6474
14.2251
18.8626
8.40219
25.9584
86.2693
85.7305
85.1644
84.6277
84.0744
83.4856
82.8533
82.1667
81.4106
80.5681
79.6275
78.5862
77.4473
76.2111
74.8707
73.4132
71.8235
70.0871
68.1913
66.1249
63.879
61.447
58.8263
56.0179
53.0264
49.8601
46.5309
43.053
39.4432
35.7196
31.9021
28.0106
24.065
20.0866
16.0963
12.1155
8.16622
4.27105
0.45323
-3.26373
-6.8562
-10.3005
-13.5739
-16.6552
-19.525
-22.166
-24.5638
-26.7074
-28.5892
-30.2048
-31.5537
-32.6383
-33.4648
-34.0419
-34.3809
-34.4953
-34.4004
-34.1126
-33.6489
-33.0272
-32.2652
-31.38
-30.3886
-29.307
-28.1498
-26.9327
-25.6627
-24.5497
-23.5247
-22.4981
-21.2808
-20.2546
-18.6723
-18.0066
-15.494
-16.2321
-11.1898
-16.0053
-4.56021
-19.4744
69.2095
69.2982
69.4101
69.5077
69.5999
69.6841
69.7588
69.8226
69.8741
69.9118
69.9347
69.9409
69.9288
69.897
69.8434
69.7658
69.6618
69.5287
69.3628
69.1603
68.9173
68.6287
68.2892
67.8934
67.4364
66.9129
66.3186
65.6499
64.9042
64.0804
63.179
62.202
61.153
60.0369
58.8597
57.6288
56.3521
55.0381
53.6956
52.3336
50.9605
49.5847
48.2139
46.8554
45.5158
44.2004
42.9141
41.6604
40.4417
39.2595
38.1142
37.0051
35.9308
34.889
33.8769
32.8914
31.929
30.9862
30.0598
29.1467
28.2442
27.3501
26.4627
25.581
24.7048
23.8335
22.9705
22.2252
21.5637
20.8852
20.1561
19.4744
18.6089
18.1367
16.7777
17.3373
14.0549
18.5024
8.39934
25.4311
68.9964
68.5692
68.1148
67.6736
67.2098
66.7154
66.188
65.6151
64.9825
64.2766
63.4852
62.6027
61.6337
60.5885
59.4749
58.2942
57.0423
55.7136
54.3029
52.8046
51.2124
49.5192
47.7176
45.8003
43.7609
41.5933
39.2935
36.8598
34.2926
31.5954
28.775
25.8408
22.8049
19.6827
16.4914
13.2499
9.97886
6.69982
3.43522
0.207844
-2.95933
-6.04327
-9.02143
-11.8722
-14.575
-17.1107
-19.4621
-21.6143
-23.5552
-25.2751
-26.7679
-28.03
-29.0613
-29.8646
-30.4454
-30.8116
-30.9735
-30.943
-30.7335
-30.3594
-29.8359
-29.1783
-28.4019
-27.5219
-26.5521
-25.5086
-24.3974
-23.4106
-22.4882
-21.5633
-20.4436
-19.5119
-18.0239
-17.4324
-15.0315
-15.7804
-10.9355
-15.5891
-4.55367
-18.9994
58.3883
58.5064
58.64
58.7664
58.8924
59.0143
59.1316
59.2426
59.346
59.44
59.5229
59.5926
59.6473
59.6849
59.7031
59.6999
59.6732
59.6211
59.5413
59.4319
59.2913
59.1174
58.9083
58.6622
58.3771
58.051
57.6816
57.2668
56.8042
56.2918
55.7276
55.1102
54.4388
53.7131
52.9339
52.103
51.2228
50.2972
49.3308
48.3288
47.297
46.2417
45.1692
44.0859
42.9978
41.9107
40.8298
39.7595
38.7036
37.6649
36.6456
35.6468
34.6689
33.7118
32.7743
31.855
30.9521
30.0635
29.187
28.3206
27.4622
26.6104
25.7638
24.9216
24.0839
23.25
22.4235
21.7088
21.0741
20.4226
19.7223
19.0664
18.2356
17.7774
16.4774
17.0014
13.8617
18.1182
8.3668
24.8927
58.1915
57.8513
57.4863
57.126
56.7479
56.348
55.9295
55.4857
55.0045
54.4738
53.8807
53.2124
52.4621
51.6321
50.7298
49.7605
48.7242
47.6175
46.4366
45.1786
43.8415
42.4235
40.9225
39.337
37.6653
35.9053
34.0553
32.1139
30.0797
27.9521
25.7317
23.4201
21.0204
18.5383
15.9809
13.3581
10.6819
7.9663
5.22734
2.48267
-0.248813
-2.94716
-5.59202
-8.16307
-10.6401
-13.0038
-15.2358
-17.3193
-19.2395
-20.9834
-22.5407
-23.9037
-25.0672
-26.0291
-26.7896
-27.3519
-27.7213
-27.9054
-27.9134
-27.7564
-27.4462
-26.9957
-26.4183
-25.7275
-24.936
-24.0598
-23.1033
-22.2406
-21.4199
-20.5961
-19.5744
-18.7372
-17.3461
-16.8282
-14.5433
-15.3021
-10.6576
-15.153
-4.51685
-18.517
49.4753
49.5874
49.7126
49.836
49.9619
50.0881
50.2144
50.3401
50.4643
50.586
50.7041
50.8175
50.9247
51.0241
51.114
51.1925
51.2576
51.307
51.3384
51.3495
51.3377
51.3006
51.2359
51.1411
51.0141
50.8529
50.6556
50.4208
50.1469
49.8328
49.4774
49.08
48.6399
48.1569
47.6309
47.0621
46.4513
45.7997
45.109
44.3815
43.6201
42.8281
42.0094
41.1681
40.3086
39.4353
38.5525
37.6644
36.7748
35.8868
35.0034
34.1266
33.2579
32.3984
31.5483
30.7076
29.8757
29.0517
28.2345
27.423
26.6161
25.8127
25.0121
24.214
23.4185
22.6253
21.8381
21.1561
20.5498
19.9268
19.2569
18.6279
17.8336
17.3899
16.1503
16.6392
13.6413
17.7131
8.29913
24.3548
49.3027
49.0195
48.7145
48.4112
48.0931
47.757
47.408
47.0458
46.6641
46.2542
45.8069
45.3116
44.7575
44.1385
43.4562
42.7159
41.9212
41.0712
40.1615
39.1875
38.1451
37.031
35.8424
34.5768
33.2319
31.8063
30.2989
28.7093
27.0375
25.2843
23.4514
21.5407
19.5549
17.4978
15.3741
13.1896
10.9515
8.66841
6.35052
4.00959
1.65881
-0.687053
-3.01218
-5.30004
-7.53326
-9.69446
-11.7663
-13.7325
-15.5772
-17.2863
-18.8473
-20.2494
-21.4844
-22.5462
-23.4311
-24.1381
-24.6682
-25.0249
-25.2137
-25.2417
-25.1179
-24.8521
-24.4553
-23.9393
-23.3148
-22.5974
-21.7895
-21.0472
-20.3259
-19.6013
-18.6774
-17.9335
-16.6408
-16.1959
-14.029
-14.7994
-10.3524
-14.7019
-4.4448
-18.0338
41.9092
42.0126
42.1278
42.2433
42.3621
42.4828
42.6056
42.7299
42.8554
42.9814
43.1074
43.2328
43.3567
43.4784
43.5969
43.711
43.8196
43.9212
44.0145
44.0977
44.169
44.2264
44.2678
44.291
44.2937
44.2734
44.2278
44.1546
44.0515
43.9164
43.7475
43.5432
43.3021
43.0235
42.7064
42.3507
41.9563
41.5237
41.0537
40.5474
40.0063
39.4322
38.8273
38.1942
37.5358
36.8549
36.1549
35.4389
34.7101
33.9713
33.2254
32.4748
31.7214
30.9668
30.2123
29.4585
28.7059
27.9544
27.2039
26.4542
25.7048
24.9553
24.2056
23.4557
22.7062
21.9567
21.2117
20.5645
19.9883
19.3953
18.7574
18.1566
17.4003
16.972
15.7943
16.2485
13.393
17.2834
8.2018
23.8078
41.7589
41.5209
41.2646
41.0085
40.7385
40.4513
40.1514
39.8412
39.5192
39.1808
38.819
38.4266
37.9945
37.5137
36.9794
36.3935
35.761
35.0856
34.3668
33.6014
32.7851
31.9144
30.9865
29.9984
28.947
27.8297
26.6438
25.3872
24.0584
22.6563
21.1807
19.6323
18.0123
16.3233
14.5684
12.7522
10.88
8.95829
6.99467
4.99788
2.97789
0.945794
-1.08619
-3.10496
-5.09646
-7.04605
-8.93869
-10.7594
-12.4935
-14.1268
-15.6461
-17.0395
-18.2968
-19.4094
-20.3709
-21.1767
-21.8246
-22.3145
-22.6484
-22.83
-22.865
-22.7605
-22.5247
-22.1673
-21.6969
-21.1282
-20.4614
-19.8346
-19.2098
-18.5818
-17.7544
-17.1022
-15.9085
-15.5359
-13.4886
-14.2716
-10.0205
-14.2326
-4.3432
-17.5423
35.8277
35.9247
36.0318
36.1402
36.2523
36.3671
36.4848
36.6049
36.7274
36.8518
36.9778
37.105
37.2328
37.3607
37.4881
37.6143
37.7384
37.8596
37.9768
38.0891
38.1954
38.2941
38.3841
38.4639
38.5317
38.5858
38.6245
38.6459
38.6478
38.6281
38.585
38.5163
38.4201
38.2947
38.1383
37.9498
37.728
37.4722
37.1821
36.8576
36.4992
36.1075
35.6836
35.2289
34.7452
34.2342
33.6982
33.1394
32.5603
31.9631
31.3503
30.724
30.0863
29.4389
28.7834
28.121
27.4525
26.7789
26.1004
25.4175
24.7304
24.0392
23.3444
22.6463
21.9459
21.2432
20.5427
19.9323
19.3878
18.8265
18.2221
17.6507
16.9339
16.5218
15.4076
15.8274
13.1158
16.8265
8.07735
23.244
35.6954
35.4951
35.2798
35.0637
34.8351
34.5905
34.3332
34.0653
33.7877
33.4996
33.1974
32.8753
32.5269
32.1444
31.7196
31.2485
30.7328
30.1771
29.5851
28.9567
28.2892
27.5793
26.8244
26.0223
25.1709
24.2679
23.3111
22.2985
21.228
20.0979
18.9071
17.6546
16.3399
14.9635
13.5265
12.031
10.4799
8.87737
7.22851
5.53952
3.81782
2.07188
0.311263
-1.4536
-3.21128
-4.94957
-6.65568
-8.3165
-9.91873
-11.4492
-12.895
-14.2441
-15.4855
-16.6091
-17.6068
-18.4718
-19.1992
-19.7862
-20.2316
-20.5362
-20.7028
-20.7356
-20.6401
-20.424
-20.0934
-19.6618
-19.127
-18.6096
-18.0773
-17.5422
-16.8092
-16.2464
-15.1515
-14.8497
-12.9231
-13.7187
-9.66291
-13.7433
-4.21613
-17.0384
30.9095
30.9992
31.0973
31.1974
31.3014
31.4086
31.5192
31.6328
31.7496
31.8691
31.9913
32.1159
32.2426
32.371
32.5007
32.6311
32.7618
32.8921
33.0212
33.1484
33.2728
33.3935
33.5093
33.6192
33.722
33.8163
33.9008
33.974
34.0345
34.0805
34.1104
34.1227
34.1155
34.0872
34.036
33.9603
33.8587
33.7297
33.5723
33.3854
33.1685
32.9212
32.6435
32.3356
31.9981
31.6319
31.2381
30.8181
30.3734
29.9057
29.4167
28.9081
28.3818
27.8393
27.2821
26.7117
26.1292
25.5357
24.9321
24.3191
23.6975
23.0678
22.4308
21.7873
21.1386
20.4849
19.8311
19.2591
18.7478
18.2193
17.6498
17.1089
16.4329
16.0378
14.9884
15.3745
12.8082
16.341
7.92544
22.6615
30.793
30.6233
30.4411
30.2577
30.0638
29.856
29.6361
29.4054
29.1649
28.9156
28.6574
28.3873
28.1003
27.791
27.4523
27.0771
26.6615
26.207
25.7177
25.1971
24.645
24.0591
23.4364
22.7747
22.0722
21.3271
20.5377
19.7022
18.8191
17.8869
16.9044
15.8705
14.7846
13.6462
12.4557
11.2137
9.92148
8.58129
7.19606
5.76965
4.30695
2.81392
1.29748
-0.234503
-1.77305
-3.3084
-4.82996
-6.32664
-7.78684
-9.1987
-10.5504
-11.8303
-13.0274
-14.1313
-15.1328
-16.0238
-16.7977
-17.4494
-17.9755
-18.3744
-18.6462
-18.7925
-18.8163
-18.7232
-18.5168
-18.2093
-17.7962
-17.3809
-16.936
-16.4891
-15.8474
-15.3705
-14.3732
-14.1399
-12.3342
-13.1423
-9.28101
-13.2341
-4.06529
-16.5206
26.8173
26.8988
26.9874
27.0784
27.1732
27.2713
27.373
27.4781
27.5866
27.6984
27.8135
27.9316
28.0528
28.1766
28.3029
28.4314
28.5618
28.6935
28.8262
28.9592
29.0919
29.2238
29.3538
29.4812
29.6051
29.7244
29.8379
29.9445
30.0429
30.1317
30.2096
30.2751
30.3267
30.3628
30.382
30.3828
30.3636
30.3231
30.2598
30.1725
30.0601
29.9217
29.7565
29.564
29.3439
29.0962
28.8211
28.5191
28.1909
27.8374
27.4595
27.0585
26.6356
26.1921
25.7293
25.2483
24.7505
24.2369
23.7086
23.1666
22.6118
22.0453
21.4679
20.8808
20.2856
19.6826
19.077
18.5448
18.0676
17.573
17.0395
16.5301
15.8958
15.5186
14.535
14.8884
12.4687
15.8261
7.74647
22.0591
26.7151
26.5704
26.4151
26.2583
26.0929
25.9158
25.7281
25.5301
25.3219
25.1047
24.8798
24.6472
24.4043
24.1472
23.8711
23.5698
23.2368
22.8687
22.4664
22.034
21.5746
21.0881
20.5726
20.0252
19.444
18.8273
18.1737
17.4815
16.7493
15.9756
15.1592
14.299
13.394
12.4438
11.4482
10.4074
9.3219
8.19297
7.02237
5.81253
4.56667
3.28881
1.98383
0.657435
-0.683687
-2.03201
-3.37916
-4.71606
-6.03304
-7.31986
-8.56608
-9.76108
-10.8944
-11.9559
-12.9362
-13.8266
-14.6193
-15.3079
-15.8875
-16.3543
-16.7064
-16.9433
-17.0657
-17.077
-16.9787
-16.7815
-16.4784
-16.1569
-15.7933
-15.4291
-14.8743
-14.4792
-13.5772
-13.4096
-11.7241
-12.5435
-8.87593
-12.7052
-3.89309
-15.9872
23.3709
23.4444
23.5239
23.6059
23.6915
23.7804
23.8728
23.9687
24.068
24.1708
24.2771
24.3868
24.4998
24.616
24.7354
24.8576
24.9827
25.1101
25.2398
25.3712
25.504
25.6378
25.7719
25.9058
26.0388
26.17
26.2987
26.4239
26.5446
26.6597
26.7679
26.8681
26.9589
27.0389
27.1068
27.1611
27.2004
27.2231
27.228
27.2136
27.1786
27.1219
27.0424
26.9391
26.8112
26.6582
26.4795
26.2751
26.0449
25.7891
25.5081
25.2023
24.8726
24.5197
24.1444
23.7478
23.3309
22.8946
22.44
21.9681
21.48
20.9767
20.4595
19.9296
19.3886
18.8373
18.2809
17.7893
17.347
16.8871
16.3902
15.9131
15.3213
14.9628
14.0456
14.3674
12.0956
15.2796
7.54097
21.4319
23.2813
23.1572
23.0242
22.8897
22.7478
22.5961
22.4354
22.2656
22.0863
21.8976
21.7006
21.4966
21.2857
21.066
20.8342
20.586
20.316
20.0183
19.6895
19.3308
18.9455
18.5368
18.1048
17.6477
17.163
16.6489
16.1042
15.5274
14.9173
14.2724
13.5916
12.8736
12.1175
11.3224
10.4878
9.61347
8.69947
7.74632
6.755
5.72702
4.66446
3.57009
2.44738
1.30041
0.134169
-1.0456
-2.23243
-3.41908
-4.59768
-5.75972
-6.89621
-7.99782
-9.05513
-10.0587
-10.9994
-11.8684
-12.6577
-13.3602
-13.9697
-14.4811
-14.891
-15.197
-15.398
-15.4956
-15.489
-15.3877
-15.1823
-14.9455
-14.6566
-14.3685
-13.8956
-13.5771
-12.7673
-12.6617
-11.095
-11.924
-8.44967
-12.1555
-3.7029
-15.4332
20.4531
20.519
20.5901
20.6637
20.7406
20.8208
20.9042
20.991
21.0812
21.1748
21.2719
21.3725
21.4765
21.584
21.6948
21.8089
21.9262
22.0466
22.1697
22.2955
22.4237
22.5539
22.6857
22.8188
22.9526
23.0867
23.2203
23.3528
23.4834
23.6112
23.7353
23.8547
23.9683
24.075
24.1735
24.2625
24.3408
24.4069
24.4593
24.4969
24.5181
24.5217
24.5064
24.4709
24.4143
24.3355
24.2337
24.1083
23.9586
23.7845
23.5856
23.362
23.1139
22.8416
22.5455
22.2262
21.8845
21.521
21.1366
20.7322
20.3089
19.8678
19.41
18.9368
18.4501
17.9506
17.4437
16.9929
16.5859
16.161
15.7012
15.2568
14.7079
14.3689
13.5186
13.8096
11.6879
14.6984
7.31084
20.7727
20.3744
20.2678
20.1534
20.0375
19.9154
19.785
19.6468
19.5009
19.3468
19.1839
19.0124
18.8331
18.6473
18.4555
18.256
18.046
17.822
17.5789
17.3114
17.0163
16.6944
16.349
15.983
15.5968
15.1886
14.7564
14.2985
13.8138
13.3011
12.7594
12.1875
11.5843
10.9487
10.28
9.57734
8.84026
8.06849
7.26205
6.42133
5.54711
4.64063
3.70371
2.73868
1.74847
0.736691
-0.29233
-1.33361
-2.38152
-3.42969
-4.47117
-5.49845
-6.50354
-7.47818
-8.41387
-9.30213
-10.1346
-10.9033
-11.6009
-12.2206
-12.7565
-13.2041
-13.5597
-13.8206
-13.987
-14.0561
-14.0362
-13.9159
-13.7542
-13.5325
-13.3137
-12.9168
-12.6691
-11.9475
-11.8993
-10.4501
-11.2849
-8.00613
-11.5835
-3.50097
-14.8496
17.9658
18.0247
18.0881
18.154
18.2228
18.2947
18.3697
18.4478
18.5292
18.6138
18.7019
18.7933
18.8881
18.9864
19.0881
19.1932
19.3017
19.4134
19.5284
19.6464
19.7673
19.8909
20.0169
20.1451
20.2751
20.4065
20.5389
20.6717
20.8043
20.9362
21.0665
21.1944
21.3192
21.4399
21.5554
21.6646
21.7665
21.8597
21.9431
22.0152
22.0749
22.1208
22.1514
22.1657
22.1622
22.1398
22.0975
22.0341
21.9489
21.8412
21.7102
21.5557
21.3773
21.1748
20.9484
20.6982
20.4245
20.1278
19.8087
19.4678
19.1061
18.7245
18.3242
17.9064
17.4729
17.0244
16.5665
16.1564
15.7845
15.3946
14.9719
14.5604
14.0544
13.7353
12.9526
13.2125
11.2453
14.0781
7.05835
20.0709
17.8967
17.8047
17.706
17.6058
17.5003
17.3877
17.2685
17.1425
17.0095
16.869
16.7206
16.5641
16.4003
16.2304
16.055
15.8728
15.6816
15.4782
15.2583
15.0171
14.7514
14.4619
14.1516
13.8232
13.4771
13.1116
12.7246
12.315
11.8817
11.4238
10.9404
10.4305
9.89303
9.32721
8.73231
8.10772
7.45299
6.76791
6.05252
5.30711
4.53238
3.72943
2.89977
2.04543
1.16894
0.273496
-0.637159
-1.55867
-2.48605
-3.41369
-4.33543
-5.24458
-6.13403
-6.99637
-7.82399
-8.60918
-9.34439
-10.0224
-10.6362
-11.1798
-11.6476
-12.0354
-12.3392
-12.5579
-12.6874
-12.7347
-12.6866
-12.5901
-12.4279
-12.2708
-11.9434
-11.76
-11.1224
-11.1255
-9.79295
-10.626
-7.55037
-10.9823
-3.29623
-14.2231
15.8204
15.873
15.9296
15.9883
16.0499
16.1142
16.1814
16.2515
16.3247
16.401
16.4804
16.5631
16.649
16.7383
16.8309
16.9269
17.0262
17.1289
17.2349
17.3441
17.4564
17.5718
17.6901
17.811
17.9343
18.0599
18.1872
18.316
18.4458
18.5762
18.7066
18.8362
18.9646
19.0908
19.2141
19.3336
19.4482
19.557
19.6589
19.7526
19.837
19.9109
19.9729
20.0219
20.0564
20.0753
20.0773
20.0612
20.0261
19.9708
19.8945
19.7965
19.676
19.5325
19.3659
19.1759
18.9624
18.7256
18.4656
18.1832
17.8787
17.5531
17.2072
16.8424
16.4601
16.0611
15.6508
15.2806
14.9432
14.5879
14.2018
13.8231
13.3598
13.0602
12.3468
12.5724
10.7698
13.4089
6.79057
19.3092
15.7597
15.68
15.5946
15.5078
15.4164
15.319
15.2157
15.1067
14.9915
14.8699
14.7415
14.6058
14.4625
14.3123
14.1565
13.9957
13.8291
13.6548
13.4699
13.2701
13.051
12.8103
12.549
12.2698
11.9751
11.6651
11.338
10.9915
10.6245
10.2364
9.82656
9.3941
8.93804
8.45763
7.95214
7.42096
6.86361
6.27971
5.66912
5.03189
4.36833
3.6791
2.96516
2.22786
1.46899
0.690862
-0.103755
-0.911567
-1.7287
-2.55072
-3.37266
-4.18902
-4.99381
-5.78074
-6.54311
-7.27401
-7.96657
-8.61392
-9.20931
-9.74669
-10.2202
-10.625
-10.9564
-11.2126
-11.388
-11.4887
-11.5004
-11.4591
-11.3486
-11.2453
-10.981
-10.8538
-10.2971
-10.3416
-9.13089
-9.94323
-7.09502
-10.3397
-3.11398
-13.527
13.9851
14.0316
14.0815
14.1335
14.188
14.2449
14.3045
14.3667
14.4317
14.4995
14.5703
14.644
14.7207
14.8006
14.8836
14.9698
15.0593
15.1519
15.2479
15.347
15.4494
15.5548
15.6634
15.7748
15.889
16.0058
16.125
16.2463
16.3694
16.4938
16.6194
16.7454
16.8715
16.9969
17.121
17.2431
17.3624
17.478
17.589
17.6943
17.793
17.8837
17.9655
18.037
18.0972
18.1446
18.1782
18.1966
18.1986
18.1832
18.1494
18.0959
18.022
17.9269
17.8101
17.6709
17.5091
17.3244
17.1169
16.8867
16.6342
16.3598
16.0645
15.7491
15.4151
15.0633
14.6986
14.3667
14.0628
13.741
13.3906
13.0436
12.6235
12.3408
11.7014
11.8828
10.2646
12.6805
6.51971
18.4746
13.9319
13.8629
13.7892
13.714
13.6349
13.5506
13.4613
13.367
13.2676
13.1628
13.0522
12.9343
12.8057
12.662
12.5013
12.3264
12.1435
11.9604
11.7852
11.6238
11.4739
11.323
11.1529
10.9482
10.7042
10.4292
10.137
9.83463
9.52028
9.18928
8.83881
8.46821
8.07747
7.66625
7.23385
6.77945
6.30251
5.80265
5.27959
4.73315
4.16342
3.57072
2.95562
2.31898
1.66207
0.986473
0.294276
-0.412081
-1.12963
-1.85489
-2.58393
-3.31231
-4.03502
-4.74681
-5.44202
-6.11452
-6.75819
-7.36686
-7.93404
-8.45403
-8.92098
-9.32977
-9.67526
-9.95521
-10.1633
-10.3043
-10.3636
-10.3673
-10.301
-10.2424
-10.0357
-9.95388
-9.47885
-9.54661
-8.47423
-9.22823
-6.65708
-9.63736
-2.9794
-12.7372
11.8664
11.9062
11.9486
11.9929
12.0394
12.0881
12.1391
12.1924
12.2483
12.3068
12.3678
12.4316
12.4982
12.5676
12.64
12.7154
12.7938
12.8754
12.96
13.0479
13.1389
13.2331
13.3304
13.4309
13.5344
13.6408
13.7501
13.8621
13.9765
14.0931
14.2118
14.3321
14.4537
14.5761
14.6987
14.8214
14.9432
15.0635
15.1816
15.2967
15.4079
15.5141
15.6144
15.7078
15.7932
15.8693
15.9349
15.9889
16.03
16.057
16.0687
16.0638
16.0414
16.0003
15.9398
15.8588
15.7567
15.6331
15.4874
15.3196
15.1296
14.9177
14.6844
14.4302
14.1563
13.8638
13.5565
13.2734
13.0124
12.7334
12.4297
12.1229
11.7609
11.4971
10.9608
11.0793
9.70865
11.8412
6.25172
17.5324
11.8217
11.7648
11.7037
11.6412
11.5757
11.506
11.4321
11.3542
11.2718
11.1845
11.0923
10.9951
10.893
10.7864
10.6745
10.5564
10.4323
10.3034
10.1698
10.0302
9.88351
9.72757
9.55882
9.37502
9.17645
8.96309
8.73424
8.49064
8.23364
7.96333
7.67859
7.37816
7.06124
6.7273
6.37581
6.00614
5.6178
5.21033
4.78336
4.33655
3.86978
3.38309
2.87666
2.35095
1.80662
1.24463
0.666316
0.073306
-0.532413
-1.14832
-1.77159
-2.39892
-3.02647
-3.65005
-4.26523
-4.86693
-5.44982
-6.00866
-6.53761
-7.03121
-7.48391
-7.89057
-8.24585
-8.54656
-8.78648
-8.96775
-9.07824
-9.12808
-9.1135
-9.09827
-8.96591
-8.91858
-8.56272
-8.6165
-7.76311
-8.36735
-6.23073
-8.76292
-2.93862
-11.7554
9.75544
9.78773
9.82216
9.85818
9.89603
9.93575
9.97738
10.021
10.0669
10.115
10.1652
10.2178
10.2729
10.3304
10.3907
10.4535
10.5191
10.5875
10.6587
10.733
10.8102
10.8903
10.9736
11.06
11.1494
11.2419
11.3374
11.4358
11.5372
11.6412
11.748
11.8572
11.9687
12.0821
12.1971
12.3135
12.4308
12.5485
12.666
12.7829
12.8984
13.0118
13.1222
13.2289
13.3309
13.4271
13.5165
13.598
13.6703
13.7324
13.7828
13.8205
13.8443
13.8528
13.8451
13.8198
13.7762
13.7133
13.6303
13.5269
13.4024
13.2569
13.0905
12.9035
12.6965
12.4703
12.2287
12.002
11.7906
11.5625
11.3126
11.0573
10.7567
10.5353
10.0851
10.206
8.99981
11.0244
5.78877
16.7996
9.71978
9.67536
9.62767
9.57882
9.52764
9.47325
9.41563
9.35483
9.29062
9.22269
9.1512
9.07672
9.00066
8.92497
8.85074
8.77648
8.69815
8.61067
8.50985
8.3934
8.26093
8.11532
7.9618
7.80438
7.64432
7.47982
7.30641
7.11987
6.91953
6.70742
6.4848
6.2509
6.00434
5.74435
5.47035
5.18188
4.87855
4.55986
4.22538
3.87469
3.50752
3.12369
2.72315
2.30596
1.87232
1.42275
0.957847
0.478611
-0.01383
-0.517878
-1.03165
-1.55295
-2.07909
-2.60701
-3.13336
-3.65435
-4.16565
-4.66293
-5.14134
-5.59595
-6.02179
-6.41399
-6.76722
-7.07793
-7.33963
-7.55345
-7.70709
-7.80099
-7.83148
-7.86464
-7.79352
-7.80277
-7.5302
-7.63645
-6.90368
-7.52853
-5.58313
-8.06171
-2.54762
-11.2759
8.07372
8.10037
8.12876
8.15854
8.18983
8.22262
8.25702
8.29316
8.33109
8.37088
8.41253
8.45619
8.50197
8.54981
8.59994
8.65233
8.70701
8.76417
8.82383
8.88608
8.95095
9.01849
9.08882
9.16188
9.23776
9.31649
9.39797
9.48232
9.56945
9.65934
9.75198
9.8472
9.94492
10.045
10.1471
10.2512
10.3569
10.4641
10.5721
10.6807
10.7895
10.8977
11.0048
11.1102
11.2132
11.3129
11.4084
11.4989
11.5833
11.6605
11.7293
11.789
11.838
11.8751
11.8994
11.9096
11.9046
11.8834
11.845
11.7887
11.7138
11.6199
11.5069
11.3746
11.2234
11.0539
10.8692
10.6924
10.5255
10.3437
10.1431
9.93638
9.69268
9.51427
9.14253
9.27649
8.21532
10.1711
5.24181
16.0579
8.04476
8.00947
7.97161
7.9327
7.89188
7.84855
7.80271
7.75428
7.70313
7.64911
7.59198
7.53155
7.46774
7.40056
7.33006
7.25629
7.17892
7.09667
7.00831
6.91407
6.81538
6.71366
6.60929
6.50121
6.38699
6.26334
6.1285
5.98244
5.82534
5.65764
5.48049
5.29455
5.09924
4.89359
4.67675
4.44823
4.20772
3.95488
3.68926
3.41052
3.11833
2.81242
2.49263
2.15886
1.81112
1.44964
1.07467
0.686752
0.286603
-0.124881
-0.54637
-0.976455
-1.41329
-1.85467
-2.29818
-2.74096
-3.17974
-3.61109
-4.0311
-4.43573
-4.82072
-5.18177
-5.51402
-5.81417
-6.07583
-6.29979
-6.47392
-6.59293
-6.65197
-6.7174
-6.6901
-6.74196
-6.53356
-6.68659
-6.04755
-6.71052
-4.90514
-7.40664
-2.09727
-10.8851
6.63258
6.65436
6.67757
6.7019
6.72747
6.75434
6.78251
6.81213
6.84327
6.87594
6.9102
6.94617
6.98391
7.02338
7.06478
7.10813
7.15348
7.20095
7.25055
7.30237
7.35646
7.41292
7.47181
7.5331
7.59692
7.66331
7.73217
7.80365
7.87772
7.95438
8.03364
8.11539
8.19956
8.28614
8.37495
8.46583
8.55866
8.65325
8.74928
8.84641
8.94451
9.043
9.14141
9.23935
9.3362
9.43137
9.52411
9.61379
9.69947
9.78027
9.85528
9.92369
9.98425
10.0359
10.0778
10.1086
10.1272
10.1329
10.1245
10.1011
10.0619
10.0064
9.93415
9.84493
9.73886
9.61613
9.47943
9.34557
9.2176
9.07693
8.9207
8.7582
8.56702
8.4289
8.13219
8.27658
7.36251
9.23839
4.63721
15.1809
6.60917
6.58103
6.55089
6.51988
6.48728
6.45274
6.41622
6.37764
6.33685
6.29382
6.24837
6.20031
6.14954
6.096
6.03951
5.98011
5.91795
5.85294
5.78442
5.71119
5.63254
5.54933
5.4632
5.37499
5.28418
5.18907
5.08699
4.97593
4.8554
4.7254
4.58611
4.43831
4.28289
4.12
3.94873
3.76821
3.57795
3.37766
3.16705
2.94583
2.71369
2.47035
2.21557
1.94922
1.67121
1.38157
1.08043
0.768031
0.444826
0.111348
-0.231548
-0.582887
-0.94143
-1.30562
-1.67368
-2.04355
-2.41274
-2.77865
-3.13825
-3.48825
-3.8252
-4.14556
-4.44509
-4.72099
-4.96738
-5.18495
-5.36226
-5.49104
-5.56523
-5.64894
-5.65148
-5.73136
-5.57426
-5.75927
-5.2063
-5.8904
-4.23094
-6.7238
-1.66458
-10.3753
5.35743
5.3748
5.39329
5.41268
5.43307
5.45453
5.47703
5.50072
5.52563
5.55179
5.57926
5.60811
5.63837
5.67007
5.70335
5.73827
5.77484
5.81316
5.85327
5.89521
5.93904
5.98491
6.03283
6.08277
6.13488
6.18921
6.24572
6.3045
6.36558
6.42896
6.4947
6.56272
6.63298
6.70555
6.78027
6.85711
6.93593
7.0166
7.09897
7.18276
7.2679
7.35402
7.44076
7.52774
7.61458
7.70085
7.78591
7.86926
7.95022
8.02803
8.10198
8.17133
8.23508
8.29236
8.34233
8.38382
8.41603
8.43801
8.4488
8.44751
8.43331
8.40564
8.36397
8.30794
8.23749
8.15266
8.05558
7.95805
7.86358
7.75868
7.64142
7.51864
7.37467
7.27353
7.04577
7.19832
6.42485
8.2138
3.94356
14.1527
5.3389
5.31688
5.29333
5.26905
5.24355
5.2165
5.1879
5.15772
5.12582
5.09215
5.05661
5.01908
4.97941
4.93751
4.89328
4.84664
4.7976
4.74616
4.69241
4.63607
4.57615
4.51151
4.44209
4.36938
4.29481
4.21875
4.14022
4.05716
3.96728
3.86942
3.76339
3.64926
3.52762
3.39958
3.26557
3.12497
2.97698
2.82101
2.65675
2.484
2.30254
2.1121
1.91247
1.70343
1.48488
1.25673
1.01901
0.771807
0.515347
0.24994
-0.0238918
-0.305493
-0.594057
-0.888487
-1.18754
-1.48974
-1.79324
-2.09607
-2.39596
-2.69035
-2.97646
-3.25152
-3.5119
-3.75544
-3.97692
-4.17711
-4.34549
-4.47291
-4.55216
-4.64345
-4.66438
-4.76076
-4.6429
-4.84835
-4.36984
-5.06374
-3.54238
-6.00735
-1.21601
-9.77668
4.22985
4.24331
4.25761
4.2726
4.2884
4.30503
4.32248
4.34083
4.36014
4.38042
4.40172
4.42409
4.44756
4.47217
4.49806
4.52521
4.55362
4.5834
4.61463
4.64731
4.68149
4.71726
4.75468
4.79375
4.83454
4.87711
4.92146
4.96766
5.01574
5.06573
5.11769
5.17154
5.22732
5.2851
5.34476
5.40629
5.46966
5.53473
5.60146
5.66969
5.73932
5.81014
5.88193
5.95437
6.02722
6.10023
6.17284
6.24467
6.31532
6.38412
6.45057
6.51399
6.57363
6.62883
6.67879
6.72267
6.75968
6.78896
6.80975
6.82126
6.82271
6.8135
6.79312
6.7612
6.71756
6.66222
6.59678
6.52908
6.46246
6.38773
6.30374
6.21543
6.1124
6.04369
5.87673
6.03377
5.38737
7.08525
3.13158
12.9462
4.21552
4.19866
4.18063
4.162
4.14244
4.1217
4.09977
4.0766
4.05213
4.0263
3.99903
3.97022
3.93979
3.90763
3.87366
3.8378
3.79996
3.7601
3.71828
3.67462
3.62903
3.58088
3.52899
3.47271
3.41276
3.35083
3.28785
3.22361
3.15673
3.08507
3.00705
2.92206
2.83011
2.73166
2.62774
2.51907
2.40545
2.28612
2.16048
2.02829
1.88939
1.74358
1.5907
1.43048
1.26278
1.08751
0.904618
0.714106
0.516049
0.310625
0.0981178
-0.121066
-0.346415
-0.577203
-0.812577
-1.05151
-1.29271
-1.53473
-1.77588
-2.01432
-2.24784
-2.47437
-2.691
-2.89609
-3.08522
-3.25936
-3.40908
-3.52604
-3.60186
-3.69156
-3.7207
-3.82323
-3.73292
-3.94831
-3.53094
-4.22576
-2.82675
-5.25354
-0.720162
-9.1087
3.13383
3.14382
3.15441
3.16555
3.17731
3.18969
3.2027
3.21642
3.23085
3.24602
3.26198
3.27876
3.2964
3.31495
3.33446
3.35493
3.37641
3.39896
3.42263
3.44743
3.47343
3.50067
3.52918
3.55902
3.59026
3.62287
3.65689
3.6924
3.72942
3.76796
3.80806
3.84969
3.89289
3.93769
3.98401
4.03183
4.08116
4.13193
4.18409
4.23756
4.29219
4.34788
4.4045
4.46179
4.51965
4.57783
4.63595
4.69379
4.75104
4.8072
4.86191
4.9147
4.965
5.01234
5.05612
5.09574
5.13051
5.15975
5.18291
5.19937
5.20846
5.20963
5.20251
5.18677
5.16215
5.12863
5.08752
5.0434
4.99929
4.94938
4.89311
4.83384
4.76522
4.72369
4.60814
4.76384
4.22416
5.81985
2.16306
11.4267
3.12326
3.11096
3.0978
3.08419
3.0699
3.05476
3.03879
3.02192
3.00411
2.98532
2.96548
2.94453
2.92244
2.89914
2.87454
2.84858
2.82117
2.79225
2.76184
2.72998
2.69673
2.66217
2.62604
2.58737
2.54507
2.49929
2.45136
2.40278
2.35406
2.30456
2.25262
2.19647
2.13506
2.06797
1.99538
1.91818
1.83721
1.7523
1.66264
1.56763
1.46709
1.361
1.24941
1.13219
1.0092
0.880377
0.745658
0.605059
0.458625
0.306482
0.148801
-0.0141416
-0.181998
-0.354314
-0.530493
-0.709858
-0.891524
-1.07452
-1.25762
-1.43958
-1.61879
-1.79378
-1.96239
-2.12351
-2.27351
-2.41372
-2.53587
-2.63398
-2.69857
-2.7782
-2.80595
-2.90473
-2.83064
-3.04516
-2.67521
-3.359
-2.06653
-4.43582
-0.159826
-8.27834
2.23493
2.2415
2.2485
2.25583
2.26353
2.27162
2.28014
2.2891
2.29847
2.3083
2.31865
2.32948
2.34084
2.3528
2.36531
2.37839
2.39211
2.4065
2.42153
2.43727
2.45376
2.471
2.48902
2.50786
2.52755
2.54808
2.56953
2.59191
2.61524
2.63955
2.66485
2.69117
2.71853
2.74693
2.77639
2.80693
2.8385
2.87109
2.90475
2.93939
2.97495
3.01139
3.04859
3.08645
3.12494
3.16385
3.20293
3.24212
3.28116
3.31972
3.35756
3.39436
3.42981
3.46349
3.495
3.52401
3.54997
3.57238
3.59089
3.60507
3.61437
3.61845
3.61707
3.60996
3.59688
3.57777
3.55377
3.52751
3.50047
3.46956
3.43463
3.39781
3.35571
3.33399
3.2579
3.4045
2.94826
4.4209
1.07904
9.45832
2.22789
2.21954
2.21062
2.20142
2.19174
2.18146
2.17057
2.15905
2.14689
2.13405
2.12046
2.10607
2.09086
2.07479
2.05781
2.03984
2.0208
2.00068
1.97942
1.95696
1.93334
1.90864
1.88302
1.85633
1.82785
1.79651
1.76181
1.72462
1.68638
1.64782
1.60837
1.56664
1.52116
1.47134
1.4173
1.35946
1.2988
1.23649
1.17283
1.1071
1.03834
0.965995
0.889974
0.810272
0.726843
0.639585
0.548407
0.453255
0.354119
0.251026
0.144057
0.0333605
-0.0808641
-0.198347
-0.318718
-0.441533
-0.566233
-0.692186
-0.818599
-0.944653
-1.06928
-1.19152
-1.30988
-1.4238
-1.53045
-1.6315
-1.7199
-1.79325
-1.84061
-1.90345
-1.92191
-2.00883
-1.94038
-2.14522
-1.80743
-2.47081
-1.26283
-3.54594
0.466869
-7.18786
0.925977
0.931243
0.936862
0.94276
0.948962
0.955513
0.962435
0.969729
0.977379
0.985433
0.993916
1.00284
1.01223
1.02211
1.03246
1.04333
1.05474
1.0667
1.0792
1.09229
1.106
1.12031
1.13526
1.15084
1.16704
1.18391
1.20143
1.21959
1.23841
1.25787
1.27795
1.29866
1.31995
1.3418
1.36421
1.38716
1.41054
1.43435
1.45855
1.48306
1.50787
1.5329
1.558
1.58316
1.60839
1.63349
1.65836
1.683
1.70724
1.73097
1.75407
1.77639
1.79782
1.81815
1.83714
1.85469
1.87055
1.88445
1.89626
1.90576
1.91272
1.91695
1.91842
1.91692
1.91229
1.90455
1.89448
1.88241
1.86997
1.85562
1.83935
1.82244
1.8034
1.79937
1.75479
1.88694
1.49068
2.72086
-0.0911932
6.33333
0.920586
0.914483
0.907918
0.901086
0.893909
0.886309
0.878232
0.869692
0.860687
0.851175
0.841096
0.830402
0.819082
0.807102
0.794407
0.780934
0.766628
0.751458
0.735351
0.718232
0.700073
0.680826
0.660404
0.638584
0.615042
0.589623
0.563078
0.538821
0.52441
0.530179
0.564107
0.626621
0.708275
0.791117
0.854776
0.884666
0.877381
0.84063
0.787997
0.731326
0.676118
0.622516
0.568872
0.514115
0.458097
0.401032
0.343059
0.284151
0.224266
0.163365
0.101432
0.0384708
-0.0255027
-0.0904345
-0.156242
-0.222795
-0.289888
-0.35731
-0.424715
-0.491763
-0.557939
-0.622871
-0.68569
-0.746395
-0.802961
-0.857419
-0.904051
-0.945127
-0.968716
-1.00799
-1.00961
-1.07595
-1.00509
-1.18565
-0.879518
-1.47688
-0.410194
-2.39644
1.00152
-5.19098
0.789862
0.788469
0.786993
0.785401
0.783686
0.78185
0.779892
0.777798
0.77554
0.773119
0.770533
0.76778
0.764846
0.761708
0.758367
0.754813
0.751046
0.747056
0.742826
0.738367
0.733677
0.728743
0.723585
0.71819
0.712569
0.706749
0.700715
0.694502
0.688146
0.681644
0.675031
0.668358
0.66164
0.654925
0.648279
0.641714
0.635298
0.629079
0.623079
0.617356
0.611997
0.607005
0.602368
0.598165
0.594439
0.591123
0.588244
0.585814
0.583746
0.582021
0.580593
0.579408
0.578413
0.577547
0.576716
0.57588
0.574967
0.57385
0.572451
0.570636
0.568327
0.565445
0.562021
0.558001
0.55336
0.548159
0.543098
0.540256
0.535301
0.528989
0.521668
0.513722
0.504276
0.499559
0.471504
0.543482
0.326233
0.993709
-0.415284
2.55514
0.791123
0.792348
0.793694
0.79512
0.796614
0.798183
0.799819
0.80156
0.803413
0.805373
0.807459
0.80969
0.812096
0.814688
0.817497
0.820561
0.823925
0.827652
0.831767
0.836273
0.841066
0.845971
0.851141
0.857722
0.868594
0.888229
0.9202
0.96208
1.00055
1.01162
0.968448
0.853698
0.670198
0.444692
0.221344
0.0452266
-0.0569215
-0.0873144
-0.0712081
-0.0388657
-0.00981138
0.0104402
0.0241301
0.0342948
0.0420731
0.0472677
0.049516
0.0487594
0.0451649
0.0389422
0.0303083
0.0194764
0.00669021
-0.00779954
-0.0237287
-0.0408443
-0.0588787
-0.0776116
-0.096782
-0.116192
-0.135568
-0.154826
-0.173536
-0.19205
-0.209172
-0.226876
-0.24106
-0.256961
-0.261559
-0.279012
-0.268649
-0.310177
-0.249886
-0.378318
-0.156529
-0.565821
0.140267
-1.08267
0.953437
-2.48453
)
;

boundaryField
{
    inlet
    {
        type            freestreamPressure;
        freestreamValue uniform 0;
        value           nonuniform List<scalar> 
134
(
4.91303
6.53519
8.08534
9.24735
9.90015
10.0271
9.533
8.42124
6.64054
3.64165
1.14211
1.75639
2.72556
3.59547
4.4223
5.238
6.04997
6.86103
7.68253
8.53165
3.20197
9.42878
10.3752
11.313
12.124
12.6308
12.759
13.1614
12.9968
12.9711
15.016
13.882
13.7578
13.8116
13.8226
13.7622
13.7101
13.7746
14.1395
14.4717
1.47016
-0.449285
-2.29101
-3.61972
-4.17727
-3.57345
-1.54556
15.6084
15.2816
14.8133
14.5115
14.2853
14.0314
13.7464
13.4554
13.1647
12.8691
12.5644
12.2496
11.9241
11.5852
11.229
10.8499
10.4384
9.98748
9.47846
9.08271
8.68227
8.20869
7.65344
7.00179
6.18087
5.11706
3.42702
1.38302
-0.284641
-0.751377
-1.3674
-2.06372
-2.81811
-3.60215
-4.32173
-4.90812
-5.3485
-5.64009
-5.81176
-5.9032
-5.9504
-5.98369
-6.04646
-6.20986
-6.50656
-6.84208
-7.1361
-7.39199
-7.62443
-7.83501
-8.01735
-8.16649
-8.28213
-8.36779
-8.4363
-8.51569
-8.68134
-9.05147
-9.83613
-10.1801
-9.90223
-9.56801
-9.35219
-9.17683
-8.97807
-8.7596
-8.53776
-8.31548
-8.08941
-7.85758
-7.61928
-7.37376
-7.11869
-6.84991
-6.56129
-6.24051
-5.87639
-5.42369
-5.2027
-5.02252
-4.78739
-4.51114
-4.20279
-3.81942
-3.31595
-2.39441
-1.14575
)
;
    }
    outlet
    {
        type            freestreamPressure;
        freestreamValue uniform 0;
        value           nonuniform List<scalar> 
160
(
0.00107618
0.00107784
0.00107435
0.00107944
0.00107241
0.0010812
0.00107031
0.00108307
0.00106805
0.00108502
0.00106564
0.00108708
0.00106306
0.00108921
0.0010603
0.00109148
0.00105733
0.0010939
0.00105414
0.00109646
0.00105073
0.00109918
0.0010471
0.00110208
0.00104324
0.00110522
0.0010391
0.0011086
0.00103469
0.00111226
0.00103001
0.00111626
0.00102504
0.00112064
0.00101978
0.00112551
0.00101421
0.0011309
0.00100833
0.00113684
0.00100215
0.00114318
0.000995651
0.00114968
0.000988859
0.0011564
0.000981759
0.00116469
0.000974364
0.00117822
0.000966713
0.00120302
0.000958788
0.00124429
0.000950634
0.00129961
0.000942302
0.00135215
0.00093379
0.00137024
0.000925145
0.0013168
0.000916439
0.0011658
0.000907695
0.000918299
0.000898976
0.000610073
0.000890376
0.000303293
0.000881913
6.17785e-05
0.000873681
-7.74522e-05
0.000865749
-0.000118387
0.00085815
-9.63087e-05
0.000850965
-5.24964e-05
0.000844317
-1.32461e-05
0.000838215
1.4094e-05
0.000832645
3.25746e-05
0.00082772
4.62929e-05
0.000823504
5.67851e-05
0.000819915
6.37867e-05
0.000816988
6.68115e-05
0.000814752
6.57822e-05
0.000813093
6.09261e-05
0.00081199
5.2527e-05
0.00081139
4.08787e-05
0.00081122
2.62684e-05
0.000811421
9.02351e-06
0.000811911
-1.05206e-05
0.000812569
-3.20122e-05
0.000813343
-5.51159e-05
0.000814146
-7.94789e-05
0.000814797
-0.000104814
0.000815199
-0.000130779
0.00081516
-0.000157122
0.000814574
-0.000183487
0.000813326
-0.000209776
0.000811461
-0.000235426
0.000808899
-0.000260923
0.0008056
-0.000284684
0.000801649
-0.000309357
0.000798065
-0.00032948
0.000797381
-0.000351875
0.000793249
-0.000359046
0.000787408
-0.000383553
0.000780338
-0.000370889
0.000772651
-0.00042818
0.000763032
-0.000348093
0.000760832
-0.000523633
0.000723878
-0.000221591
0.000839148
-0.000779501
0.000512211
0.000205347
0.00154231
-0.00144927
-0.000690646
0.00150836
0.00380564
-0.00301314
)
;
    }
    walls
    {
        type            zeroGradient;
    }
    frontAndBack
    {
        type            empty;
    }
}


// ************************************************************************* //
