/*--------------------------------*- C++ -*----------------------------------*\
| =========                 |                                                 |
| \\      /  F ield         | OpenFOAM: The Open Source CFD Toolbox           |
|  \\    /   O peration     | Version:  v1806                                 |
|   \\  /    A nd           | Web:      www.OpenFOAM.com                      |
|    \\/     M anipulation  |                                                 |
\*---------------------------------------------------------------------------*/
FoamFile
{
    version     2.0;
    format      ascii;
    class       volScalarField;
    location    "269";
    object      p;
}
// * * * * * * * * * * * * * * * * * * * * * * * * * * * * * * * * * * * * * //

dimensions      [0 2 -2 0 0 0 0];


internalField   nonuniform List<scalar> 
10720
(
559.656
895.067
1225.61
1506.07
1720.71
1860.58
1918.23
1919.81
1867.75
1753.95
1598.89
1417.65
1217.84
1006.59
791.951
581.264
378.684
190.993
20.8016
-125.368
-245.626
-334.622
-394.821
-426.755
-440.44
-453.107
-464.484
-464.826
-453.989
-433.474
-403.624
-364.918
-317.789
-262.286
-198.167
-122.309
-31.0172
100.838
292.88
184.36
-207.296
-697.439
-1235.42
-1783.09
-2330.94
-2830.28
-3200.46
-3398.4
-3481.92
-3471.27
-3372.15
-3226.48
-3059.29
-2879.25
-2707.95
-2545.78
-2398.65
-2268.5
-2162.08
-2077.33
-2012.85
-1961.64
-1915.1
-1850.18
-1758.16
-1654.11
-1543.11
-1425.13
-1299.89
-1168.5
-1031.92
-890.613
-743.939
-590.884
-426.68
-246.688
-22.7935
243.719
863.279
1100.41
1325.14
1525.68
1687.15
1801.24
1859.83
1866.14
1820.41
1726.43
1595.64
1437.44
1258.56
1065.62
865.789
665.8
470.721
286.518
117.149
-31.7747
-157.125
-254.532
-324.78
-368.761
-394.461
-415.434
-432.207
-437.395
-430.831
-414.076
-387.59
-351.824
-307.213
-253.816
-191.377
-116.807
-26.5109
104.763
290.358
610.755
323.886
-13.8836
-395.329
-803.288
-1224.23
-1628.39
-1979.11
-2257.27
-2461.12
-2581.57
-2628.28
-2628.75
-2596.68
-2536.55
-2459.02
-2368.04
-2271.81
-2177.78
-2094.69
-2024.17
-1966.97
-1918.68
-1872.09
-1809.23
-1722.44
-1623.32
-1516.79
-1402.95
-1281.55
-1153.59
-1020
-881.217
-736.615
-585.201
-422.268
-243.303
-19.901
241.12
887.837
1100.64
1300.92
1477.44
1618.37
1719.43
1775.7
1787.49
1753.9
1677.64
1565.03
1423.07
1258.5
1077.76
887.593
694.586
504.486
323.041
155.025
5.57493
-121.547
-222.585
-297.261
-346.738
-377.314
-400.125
-417.414
-423.851
-418.727
-403.389
-378.325
-343.908
-300.532
-248.226
-186.691
-112.839
-23.1001
107.256
286.872
664.2
413.768
120.612
-219.498
-588.29
-974.257
-1358.69
-1713.67
-2010.64
-2231.05
-2375.64
-2456.27
-2485.04
-2472.97
-2428.94
-2363.46
-2284.61
-2200.25
-2117.15
-2041.73
-1976.53
-1922.3
-1875.6
-1829.94
-1771.03
-1690.86
-1597.29
-1495.27
-1385.23
-1267.11
-1141.91
-1010.62
-873.713
-730.659
-580.475
-418.529
-240.396
-18.0818
238.558
915.725
1092.16
1260.66
1411.54
1533.88
1624.69
1679.12
1695.59
1672.38
1611.36
1516.51
1392.94
1246.33
1082.26
906.683
725.729
545.103
370.383
206.629
58.8162
-68.9418
-173.058
-252.501
-308.225
-345.175
-372.466
-393.133
-403.095
-401.232
-388.719
-366.151
-333.898
-292.363
-241.594
-181.29
-108.415
-19.4932
109.443
283.154
730.57
523.475
278.347
-5.79663
-315.087
-643.571
-976.252
-1289.72
-1563.78
-1786.85
-1957.87
-2079.9
-2156.2
-2192.58
-2195.5
-2172.51
-2131.03
-2078.04
-2020.07
-1963.28
-1911.4
-1865.77
-1824.26
-1781.63
-1727.05
-1653.22
-1565.43
-1468.44
-1362.93
-1248.87
-1127.21
-998.926
-864.523
-723.524
-574.981
-414.371
-237.424
-16.8585
235.103
898.087
1052.97
1201.76
1335.14
1443.8
1526.35
1578.73
1598.63
1584.05
1536.14
1457.2
1350.62
1220.9
1072.75
911.389
742.411
571.361
403.705
244.649
99.1105
-28.5218
-134.693
-217.831
-278.526
-320.621
-351.438
-374.315
-386.431
-386.617
-375.945
-355.107
-324.463
-284.392
-234.924
-175.733
-103.804
-15.7748
111.516
279.077
735.33
554.586
340.266
90.3535
-182.207
-474.722
-775.966
-1066.67
-1330.61
-1557.53
-1742.31
-1881.66
-1977.43
-2034.61
-2059.08
-2056.95
-2034.58
-1998.15
-1953.67
-1906.81
-1861.61
-1819.78
-1780.06
-1738.28
-1686.07
-1616.91
-1533.9
-1441.25
-1339.78
-1229.51
-1111.27
-986.001
-854.201
-715.425
-568.729
-409.701
-234.262
-15.9741
230.351
869.384
1005.49
1137.36
1256.12
1353.4
1429.03
1479.15
1501.18
1493.38
1456.2
1390.91
1299.72
1186.06
1053.72
907.116
751.203
591.165
432.201
279.461
137.834
11.776
-95.1061
-180.826
-245.535
-292.145
-326.473
-351.849
-366.513
-369.302
-361.056
-342.466
-313.867
-275.604
-227.697
-169.81
-98.9849
-12.0051
113.328
274.554
726.507
568.582
380.565
160.753
-78.9443
-337.935
-607.19
-869.848
-1112.42
-1326.8
-1507.27
-1651.19
-1760.26
-1836.79
-1883.87
-1905.19
-1905.37
-1889.45
-1862.65
-1830.08
-1795.71
-1761.55
-1727.09
-1689.14
-1641.31
-1577.94
-1500.57
-1412.83
-1315.73
-1209.41
-1094.67
-972.46
-843.301
-706.802
-562.049
-404.752
-231.078
-15.6055
224.33
830.943
952.436
1070.87
1177.74
1265.58
1335.22
1382.92
1406.1
1403.46
1374.95
1321.18
1243.53
1144.48
1026.98
894.654
751.805
603.097
453.408
307.72
170.826
47.1845
-59.5328
-147.014
-214.948
-265.442
-303.014
-330.78
-347.769
-352.91
-346.826
-330.229
-303.467
-266.865
-220.432
-163.814
-94.1118
-8.26876
114.826
269.639
703.386
562.996
395.504
199.128
-14.9026
-247.294
-490.847
-730.644
-955.274
-1158.47
-1335.07
-1481.92
-1598.83
-1686.66
-1747.27
-1783.47
-1799.01
-1797.89
-1784.45
-1763
-1737.16
-1709.03
-1678.6
-1643.52
-1598.96
-1540.18
-1467.67
-1384.35
-1291.35
-1188.85
-1077.58
-958.445
-831.963
-697.794
-555.057
-399.622
-227.945
-15.8137
217.163
788.824
898.07
1005.16
1101.98
1181.78
1246.1
1291.3
1314.94
1316.11
1294.5
1250.3
1184.32
1098.33
994.521
875.802
745.798
608.621
468.744
330.87
199.6
79.3453
-26.1855
-114.444
-184.691
-238.32
-278.772
-308.808
-328.023
-335.496
-331.653
-317.167
-292.381
-257.58
-212.75
-157.524
-89.0779
-4.53287
116.015
264.377
674.135
548.4
398.082
221.47
29.1307
-180.419
-401.247
-619.895
-826.504
-1016.13
-1184.11
-1327.25
-1445.23
-1538.76
-1608.9
-1657.28
-1686.34
-1698.91
-1698.29
-1688
-1671.21
-1649.98
-1624.66
-1593.61
-1553.23
-1499.6
-1432.46
-1354.06
-1265.55
-1167.18
-1059.62
-943.755
-820.113
-688.403
-547.802
-394.357
-224.878
-16.5457
209.023
745.048
844.04
941.517
1029.74
1102.65
1162.15
1204.81
1228.44
1232.39
1216.22
1179.93
1123.91
1049.4
957.988
851.939
734.242
608.446
478.557
348.907
223.863
107.722
4.18712
-84.0297
-155.801
-211.906
-254.881
-287.047
-308.367
-318.067
-316.4
-303.968
-281.118
-248.101
-204.882
-151.084
-83.9702
-0.852493
116.87
258.764
641.121
527.546
391.556
231.468
57.318
-132.951
-334.319
-534.591
-724.987
-901.653
-1060.56
-1198.71
-1315.87
-1412.25
-1488.33
-1544.99
-1583.85
-1606.92
-1616.7
-1615.9
-1607.15
-1592.31
-1571.9
-1544.79
-1508.31
-1459.33
-1397.14
-1323.39
-1239.2
-1144.88
-1041.04
-928.49
-807.775
-678.635
-540.294
-388.99
-221.893
-17.7453
200.127
701.292
791.501
880.67
961.419
1028.35
1083.5
1123.63
1146.92
1152.84
1140.95
1111.15
1063.58
999.061
918.74
824.314
718.218
603.437
483.488
362.302
243.965
132.574
31.7749
-55.5997
-128.107
-186.004
-231.069
-265.158
-288.426
-300.237
-300.704
-290.325
-269.438
-238.256
-196.715
-144.426
-78.7576
2.77734
117.392
252.815
606.561
503.352
379.591
233.649
75.0672
-98.5431
-282.934
-466.837
-642.381
-806.512
-955.745
-1087.27
-1201.05
-1297.21
-1376.03
-1438.03
-1484.14
-1515.65
-1534.27
-1541.96
-1540.76
-1532.2
-1516.89
-1494.06
-1461.77
-1417.53
-1360.38
-1291.44
-1211.73
-1121.6
-1021.61
-912.528
-794.875
-668.444
-532.512
-383.525
-219.003
-19.3953
190.653
658.415
741.033
822.961
897.163
958.83
1010.01
1047.71
1070.43
1077.72
1069.18
1044.69
1004.25
948.379
877.872
793.99
698.663
594.362
484.126
371.465
260.126
153.959
56.5142
-29.3243
-101.857
-160.903
-207.622
-243.402
-268.453
-282.244
-284.772
-276.409
-257.471
-228.136
-188.309
-137.592
-73.4669
6.33442
117.584
246.55
571.634
477.324
364.106
230.372
85.2198
-73.9493
-243.462
-412.886
-575.062
-727.545
-867.273
-991.728
-1101.05
-1195.45
-1275.01
-1340.09
-1391.2
-1429.01
-1454.66
-1469.46
-1474.89
-1472.15
-1461.75
-1443.19
-1415.04
-1375.33
-1323.02
-1258.78
-1183.5
-1097.57
-1001.48
-895.935
-781.449
-657.846
-524.462
-377.972
-216.233
-21.4967
180.695
616.977
692.951
768.505
836.926
893.912
941.488
976.866
998.847
1007.05
1001.13
981.002
946.555
898.136
836.269
761.86
676.425
581.97
481.081
376.839
272.635
172.045
78.4679
-5.21337
-77.1147
-136.699
-184.615
-221.812
-248.454
-264.073
-268.574
-262.186
-245.188
-217.719
-179.651
-130.576
-68.1031
9.80893
117.447
239.995
537.132
450.573
346.532
223.47
90.0253
-56.4856
-212.852
-369.389
-519.483
-661.168
-791.747
-908.946
-1013.07
-1104.41
-1183.07
-1249.32
-1303.46
-1345.77
-1376.87
-1397.57
-1408.81
-1411.42
-1405.78
-1391.5
-1367.52
-1332.27
-1284.72
-1225.18
-1154.37
-1072.69
-980.587
-878.684
-767.48
-646.836
-516.151
-372.343
-213.608
-24.0478
170.287
577.269
647.398
717.288
780.571
833.364
877.649
910.839
931.961
940.743
936.895
920.331
890.932
848.915
794.611
728.659
652.228
566.922
474.909
378.859
281.799
187.005
97.6934
16.6916
-53.9909
-113.538
-162.196
-200.513
-228.538
-245.821
-252.185
-247.714
-232.632
-207.035
-170.762
-123.394
-62.681
13.1889
116.995
233.178
503.553
423.778
327.817
214.146
91.0109
-44.3464
-189.05
-334.049
-473.245
-605.009
-726.952
-837
-935.603
-1023.19
-1099.88
-1165.96
-1221.62
-1266.88
-1302
-1327.38
-1343.53
-1350.9
-1349.71
-1339.58
-1319.66
-1288.72
-1245.76
-1190.82
-1124.46
-1047.04
-958.966
-860.786
-752.972
-635.417
-507.583
-366.646
-211.143
-27.0491
159.465
539.456
604.399
669.214
727.902
776.913
818.189
849.339
869.55
878.663
876.427
862.794
837.644
801.12
753.423
694.981
626.684
549.805
466.134
377.959
287.948
199.061
114.306
36.4144
-32.5347
-91.5194
-140.474
-179.598
-208.778
-227.544
-235.645
-233.022
-219.822
-196.097
-161.652
-116.057
-57.2123
16.461
116.24
226.126
471.178
397.423
308.603
203.28
89.2762
-36.1574
-170.435
-305.091
-434.427
-557.109
-670.963
-774.106
-867.098
-950.476
-1024.43
-1089.3
-1145.24
-1192.14
-1230.02
-1258.97
-1279.15
-1290.68
-1293.57
-1287.39
-1271.43
-1244.66
-1206.14
-1155.72
-1093.78
-1020.63
-936.626
-842.247
-737.927
-623.589
-498.763
-360.891
-208.848
-30.4778
148.267
503.608
563.902
624.156
678.714
724.31
762.825
792.066
811.354
820.605
819.621
808.406
786.847
755.04
713.1
661.301
600.32
531.149
455.251
374.558
291.398
208.431
128.427
53.9882
-12.7876
-70.7376
-119.562
-159.168
-189.262
-209.321
-219.015
-218.156
-206.793
-184.932
-152.341
-108.582
-51.7111
19.6169
115.195
218.877
440.187
371.792
289.357
191.488
85.6404
-30.9156
-155.837
-281.159
-401.568
-515.92
-622.25
-718.818
-806.281
-885.257
-955.995
-1018.92
-1074.2
-1121.69
-1161.27
-1192.79
-1216.14
-1231.19
-1237.73
-1235.25
-1223.05
-1200.27
-1166.01
-1119.98
-1062.39
-993.501
-913.592
-823.079
-722.353
-611.359
-489.695
-355.083
-206.729
-34.3139
136.744
469.722
525.829
581.971
632.8
675.296
711.268
738.732
757.101
766.354
766.348
757.133
738.61
710.855
673.928
628.002
573.572
511.408
442.695
369.05
292.484
215.358
140.205
69.4724
5.2326
-51.2681
-99.5631
-139.325
-170.079
-191.228
-202.355
-203.162
-193.581
-173.565
-142.849
-100.986
-46.1913
22.6461
113.881
211.463
410.677
347.086
270.376
179.215
80.6908
-27.8758
-144.355
-261.226
-373.515
-480.235
-579.588
-669.953
-752.05
-826.559
-893.809
-954.287
-1008.21
-1055.44
-1095.81
-1129.01
-1154.75
-1172.68
-1182.4
-1183.29
-1174.64
-1155.63
-1125.45
-1083.67
-1030.36
-965.693
-889.895
-803.303
-706.26
-598.733
-480.388
-349.23
-204.784
-38.5194
124.945
437.769
490.094
542.507
589.947
629.619
663.258
689.07
706.53
715.688
716.448
708.887
692.939
668.675
636.118
595.367
546.786
490.962
428.85
361.794
291.515
220.088
149.807
82.954
21.5412
-33.1519
-80.5522
-120.153
-151.311
-173.338
-185.732
-188.092
-180.226
-162.029
-133.201
-93.2868
-40.668
25.5434
112.321
203.919
382.682
323.421
251.88
166.785
74.8666
-26.468
-135.286
-244.485
-349.363
-449.086
-541.973
-626.512
-703.468
-773.57
-837.187
-894.897
-946.966
-993.291
-1033.7
-1067.82
-1095.23
-1115.41
-1127.84
-1131.75
-1126.37
-1110.91
-1084.58
-1046.89
-997.756
-937.264
-865.571
-782.941
-689.665
-585.724
-470.85
-343.337
-203.011
-43.0561
112.922
407.694
456.585
505.596
549.954
587.038
618.546
642.812
659.396
668.391
669.743
663.559
649.808
628.552
599.806
563.613
520.243
470.14
414.064
353.126
288.79
222.863
157.411
94.5398
36.1693
-16.4211
-62.6024
-101.74
-133.043
-155.733
-169.214
-173.002
-166.772
-150.357
-123.423
-85.5075
-35.1552
28.3027
110.539
196.29
356.202
300.864
234.012
154.429
68.5067
-26.2613
-128.096
-230.285
-328.395
-421.681
-508.581
-587.673
-659.749
-725.562
-785.522
-840.267
-890.134
-935.07
-974.921
-1009.31
-1037.75
-1059.62
-1074.25
-1080.81
-1078.4
-1066.24
-1043.53
-1009.74
-964.662
-908.275
-840.666
-762.025
-672.587
-572.343
-461.092
-337.407
-201.407
-47.8772
100.741
379.427
425.185
471.091
512.624
547.348
576.888
599.719
615.458
624.25
626.057
621.024
609.148
590.497
565.076
532.904
494.172
449.214
398.635
343.346
284.586
223.922
163.198
104.341
49.1648
-1.08533
-45.7656
-84.1569
-115.353
-138.487
-152.873
-157.951
-153.269
-138.589
-113.546
-77.6703
-29.669
30.9211
108.562
188.613
331.213
279.446
216.869
142.31
61.8613
-26.9146
-122.361
-218.129
-310.023
-397.378
-478.731
-552.741
-620.21
-681.897
-738.249
-789.948
-837.39
-880.585
-919.425
-953.555
-982.462
-1005.48
-1021.86
-1030.66
-1030.91
-1021.76
-1002.43
-972.344
-931.169
-878.796
-815.233
-740.592
-655.053
-558.609
-451.122
-331.444
-199.959
-52.9373
88.462
352.888
395.784
438.843
477.786
510.341
538.071
559.565
574.504
583.057
585.214
581.145
570.878
554.487
531.979
503.351
468.745
428.407
382.817
332.72
279.16
223.491
167.349
112.483
60.5916
12.8637
-30.0759
-67.4659
-98.3141
-121.674
-136.778
-143.002
-139.768
-126.768
-103.604
-69.801
-24.2244
33.3975
106.42
180.931
307.677
259.173
200.505
130.55
55.1082
-28.1691
-117.75
-207.612
-293.783
-375.663
-451.878
-521.149
-584.271
-642.023
-694.863
-743.509
-788.401
-829.614
-867.096
-900.545
-929.451
-953.138
-970.818
-981.475
-984.035
-977.611
-961.413
-934.803
-897.37
-848.904
-789.33
-718.686
-637.092
-544.542
-440.955
-325.449
-198.654
-58.1848
76.1464
328.003
368.267
408.707
445.27
475.831
501.89
522.145
536.323
544.618
547.043
543.79
534.909
520.483
500.526
475.027
444.091
407.896
366.824
321.484
272.752
221.79
170.047
119.104
70.534
25.452
-15.5537
-51.7169
-81.9919
-105.367
-121.003
-128.218
-126.324
-114.939
-93.632
-61.9264
-18.8362
35.7337
104.144
173.287
285.545
240.035
184.955
119.233
48.3924
-29.8314
-114.005
-198.424
-279.312
-356.121
-427.562
-492.419
-551.468
-605.484
-654.939
-700.569
-742.859
-781.937
-817.816
-850.252
-878.768
-902.709
-921.276
-933.406
-937.944
-933.946
-920.603
-897.243
-863.371
-818.684
-763.024
-696.356
-618.741
-530.165
-430.602
-319.421
-197.472
-63.5646
63.8596
304.684
342.522
380.55
414.919
443.64
468.16
487.265
500.723
508.747
511.377
508.815
501.133
488.424
470.709
447.977
420.304
387.824
350.838
309.84
265.567
219.018
171.468
124.34
79.0812
36.7221
-2.20302
-36.9474
-66.4421
-89.6313
-105.616
-113.664
-112.995
-103.151
-83.67
-54.0747
-13.5201
37.9319
101.766
165.725
264.763
222.006
170.233
108.415
41.8179
-31.7432
-110.921
-190.298
-266.294
-338.401
-405.406
-466.144
-521.373
-571.855
-618.071
-660.769
-700.459
-737.324
-771.439
-802.612
-830.427
-854.261
-873.344
-886.587
-892.771
-890.897
-880.137
-859.785
-829.278
-788.225
-736.389
-673.66
-600.039
-515.506
-420.078
-313.358
-196.391
-69.0238
51.6698
282.847
318.45
354.247
386.591
413.615
436.709
454.746
467.526
475.28
478.06
476.087
469.447
458.242
442.504
422.221
397.455
368.303
335.002
297.961
257.793
215.359
171.779
128.328
86.3289
46.7246
9.98688
-23.1807
-51.7121
-74.5286
-90.6845
-99.4056
-99.8396
-91.4554
-73.7585
-46.2758
-8.29028
39.9968
99.3161
158.284
245.273
205.056
156.335
98.1325
35.4571
-33.7876
-108.33
-183.029
-254.476
-322.217
-385.087
-441.981
-493.636
-540.795
-583.929
-623.797
-660.932
-695.56
-727.806
-757.542
-784.411
-807.844
-827.114
-841.139
-848.65
-848.599
-840.144
-822.554
-795.202
-757.623
-709.503
-650.658
-581.032
-500.593
-409.397
-307.257
-195.384
-74.5047
39.64
262.414
295.949
329.682
360.151
385.602
407.379
424.424
436.566
444.052
446.946
445.476
439.745
429.861
415.869
397.76
375.585
349.415
319.44
285.995
249.599
210.984
171.141
131.203
92.379
55.5242
21.0388
-10.4298
-37.8409
-60.1132
-76.2725
-85.506
-86.9188
-79.9046
-63.9415
-38.56
-3.16225
41.9351
96.8273
151.007
227.015
189.15
143.256
88.4042
29.3647
-35.8696
-106.102
-176.445
-243.665
-307.335
-366.349
-419.651
-467.957
-511.988
-552.208
-589.372
-624.024
-656.427
-686.754
-714.935
-740.675
-763.47
-782.642
-797.15
-805.687
-807.172
-800.748
-785.669
-761.259
-726.98
-682.45
-627.42
-561.772
-485.459
-398.574
-301.112
-194.422
-79.9505
27.8373
243.309
274.923
306.743
335.472
359.466
380.024
396.145
407.689
414.914
417.891
416.853
411.918
403.202
390.758
374.581
354.718
331.222
304.247
274.068
241.123
206.043
169.696
133.096
97.3387
63.1943
30.9904
1.30881
-24.8526
-46.4287
-62.4346
-72.028
-74.2918
-68.5518
-54.2614
-30.9588
1.85124
43.7532
94.3298
143.932
209.929
174.243
130.976
79.2428
23.584
-37.9161
-104.133
-170.418
-233.692
-293.558
-348.969
-398.915
-444.086
-485.175
-522.641
-557.235
-589.501
-619.728
-648.124
-674.681
-699.167
-721.139
-739.974
-754.693
-763.98
-766.725
-762.068
-749.247
-727.555
-696.397
-655.319
-604.014
-542.312
-470.144
-387.625
-294.918
-193.471
-85.3047
16.3252
225.457
255.286
285.328
312.442
335.084
354.51
369.771
380.756
387.727
390.762
390.1
385.866
378.182
367.112
352.659
334.862
313.765
289.495
262.28
232.489
200.667
167.579
134.129
101.309
69.8058
39.8812
12.0423
-12.7659
-33.5136
-49.2224
-59.0317
-62.0175
-57.4504
-44.7644
-23.5027
6.73425
45.4609
91.8531
137.095
193.955
160.296
119.472
70.6475
18.1394
-39.8777
-102.34
-164.831
-224.416
-280.725
-332.762
-379.568
-421.803
-460.136
-495.012
-527.168
-557.152
-585.269
-611.76
-636.662
-659.809
-680.814
-699.124
-713.824
-723.609
-727.356
-724.213
-713.408
-694.209
-665.975
-628.201
-580.518
-522.706
-454.68
-376.568
-288.665
-192.498
-90.511
5.16614
208.787
236.955
265.338
290.951
312.336
330.709
345.173
355.634
362.361
365.434
365.099
361.485
354.72
344.876
331.959
316.012
297.071
275.242
250.712
223.798
194.974
164.912
134.42
104.392
75.4415
47.7625
21.7945
-1.58754
-21.3965
-36.6799
-46.5697
-50.1517
-46.6533
-35.493
-16.2257
11.4744
47.0653
89.4211
130.527
179.035
147.263
108.72
62.6098
13.0472
-41.7142
-100.662
-159.595
-215.725
-268.702
-317.577
-361.439
-400.921
-436.667
-469.113
-498.969
-526.783
-552.874
-577.505
-600.757
-622.512
-642.453
-660.091
-674.574
-684.636
-689.153
-687.28
-678.253
-661.326
-635.822
-601.19
-557.01
-503.02
-439.11
-365.422
-282.348
-191.467
-95.5203
-5.58126
193.229
219.847
246.685
270.897
291.115
308.508
322.23
332.203
338.694
341.794
341.744
338.681
332.734
323.984
312.445
298.156
281.153
261.524
239.43
215.139
189.065
161.803
134.073
106.685
80.1791
54.6928
30.5939
8.68745
-10.0982
-24.8446
-34.6914
-38.747
-36.2118
-26.4926
-9.15635
16.0573
48.5731
87.0602
124.256
165.113
135.104
98.6911
55.1219
8.31474
-43.3972
-99.0465
-154.642
-207.528
-257.375
-303.285
-344.385
-381.288
-414.607
-444.769
-472.463
-498.227
-522.386
-545.223
-566.849
-587.195
-606.009
-622.859
-636.963
-647.111
-652.184
-651.36
-643.884
-629.009
-606.036
-574.378
-533.571
-483.313
-423.477
-354.2
-275.959
-190.346
-100.275
-15.861
178.72
203.89
229.283
252.189
271.32
287.8
300.83
310.346
316.615
319.729
319.928
317.357
312.144
304.374
294.069
281.273
266.014
248.371
228.482
206.581
183.026
158.346
133.187
108.277
84.0955
60.7281
38.4753
18.0682
0.370468
-13.7463
-23.4408
-27.853
-26.1732
-17.8053
-2.32605
20.4708
49.9961
84.7892
118.304
152.133
123.773
89.3543
48.1688
3.94491
-44.9036
-97.4553
-149.911
-199.746
-246.653
-289.775
-328.285
-362.77
-393.818
-421.836
-447.498
-471.326
-493.654
-514.771
-534.817
-553.764
-571.413
-587.394
-600.99
-611.059
-616.506
-616.524
-610.39
-597.357
-576.717
-547.855
-510.281
-463.653
-407.822
-342.927
-269.49
-189.092
-104.731
-25.6226
165.199
189.013
213.053
234.74
252.856
268.485
280.87
289.958
296.016
299.138
299.557
297.424
292.87
285.98
276.787
265.331
251.645
235.797
217.907
198.179
176.929
154.627
131.85
109.257
87.2708
65.9322
45.4824
26.5757
10.0075
-3.40439
-12.851
-17.5122
-16.583
-9.46955
4.23665
24.7024
51.3374
82.6272
112.69
140.044
113.228
80.6794
41.7315
-0.0664813
-46.2221
-95.8587
-145.356
-192.32
-236.457
-276.957
-313.034
-345.247
-374.167
-400.18
-423.938
-445.951
-466.545
-486.025
-504.55
-522.124
-538.594
-553.654
-566.647
-576.503
-582.158
-582.838
-577.848
-566.456
-547.954
-521.714
-487.218
-444.102
-392.192
-331.62
-262.933
-187.679
-108.842
-34.8226
152.606
175.149
197.921
218.467
235.636
250.471
262.254
270.942
276.801
279.923
280.538
278.799
274.837
268.741
260.547
250.303
238.036
223.809
207.73
189.979
170.834
150.715
130.14
109.702
89.7769
70.3681
51.6596
34.2345
18.8183
6.16684
-2.9511
-7.76283
-7.48116
-1.52345
10.5052
28.7395
52.6038
80.5866
107.427
128.794
103.427
72.6355
35.7915
-3.72415
-47.3453
-94.2322
-140.944
-185.2
-226.728
-264.756
-298.544
-328.627
-355.55
-379.687
-401.663
-421.974
-440.942
-458.872
-475.942
-492.184
-507.485
-521.594
-533.914
-543.446
-549.172
-550.354
-546.328
-536.387
-519.834
-496.036
-464.461
-424.722
-376.631
-320.299
-256.284
-186.073
-112.57
-43.4211
140.885
162.237
183.819
203.296
219.579
233.671
244.893
253.208
258.878
261.995
262.784
261.4
257.972
252.592
245.302
236.149
225.165
212.406
197.97
182.016
164.791
146.672
128.124
109.685
91.6836
74.095
57.0547
41.0769
26.8149
14.9625
6.2387
1.36465
1.09707
6.00093
16.4547
32.5699
53.7993
78.6772
102.52
118.337
94.3295
65.1897
30.3285
-7.03833
-48.2698
-92.5624
-136.645
-178.345
-217.412
-253.112
-284.746
-312.829
-337.879
-360.26
-380.571
-399.288
-416.732
-433.205
-448.893
-463.853
-478.009
-491.156
-502.756
-511.883
-517.565
-519.109
-515.886
-507.222
-492.437
-470.903
-442.083
-405.577
-361.181
-308.988
-249.539
-184.246
-115.878
-51.3839
129.984
150.215
170.68
189.155
204.608
218.006
228.703
236.668
242.16
245.268
246.214
245.149
242.205
237.473
231
222.835
213.01
201.581
188.634
174.312
158.837
142.548
125.863
109.269
93.0545
77.1726
61.7172
47.1372
34.0168
22.9846
14.7064
9.84661
9.12253
13.0746
22.063
36.184
54.9252
76.9052
97.9725
108.624
85.8967
58.3121
25.3195
-10.0206
-48.9966
-90.8404
-132.435
-171.722
-208.467
-241.971
-271.577
-297.779
-321.077
-341.815
-360.571
-377.801
-393.818
-408.925
-423.31
-437.049
-450.095
-462.287
-473.139
-481.796
-487.343
-489.13
-486.57
-479.021
-465.832
-446.386
-420.154
-386.728
-345.889
-297.708
-242.696
-182.178
-118.738
-58.6855
119.853
139.03
158.443
175.978
190.653
203.401
213.605
221.243
226.566
229.663
230.749
229.974
227.468
223.323
217.59
210.32
201.546
191.321
179.724
166.885
153.005
138.386
123.409
108.511
93.9498
79.6586
65.697
52.454
40.4481
30.2427
22.447
17.6669
16.5725
19.6738
27.3111
39.57
55.9826
75.2722
93.7794
99.6122
78.09
51.9718
20.7426
-12.6842
-49.5299
-89.0561
-128.3
-165.306
-199.854
-231.285
-258.983
-283.417
-305.071
-324.275
-341.581
-357.425
-372.114
-385.942
-399.104
-411.685
-423.668
-434.923
-445.018
-453.165
-458.505
-460.434
-458.411
-451.832
-440.077
-422.553
-398.74
-368.231
-330.795
-286.48
-235.761
-179.849
-121.126
-65.3094
110.444
128.629
147.052
163.702
177.648
189.786
199.529
206.86
212.024
215.107
216.317
215.806
213.697
210.086
205.024
198.565
190.743
181.609
171.237
159.746
147.315
134.221
120.804
107.463
94.4231
81.6061
69.0427
57.0677
46.1372
36.7524
29.463
24.8165
23.4303
25.7795
32.183
42.7193
56.9686
73.7754
89.9324
91.2588
70.8732
46.1385
16.5757
-15.0431
-49.8742
-87.2082
-124.227
-159.076
-191.547
-221.022
-246.919
-269.695
-289.81
-307.581
-323.533
-338.088
-351.542
-364.178
-376.196
-387.688
-398.658
-409.006
-418.347
-425.959
-431.038
-433.029
-431.434
-425.693
-415.224
-399.46
-377.897
-350.136
-315.94
-275.33
-228.733
-177.248
-123.026
-71.2412
101.714
118.963
136.452
152.27
165.53
177.095
186.406
193.448
198.462
201.528
202.852
202.578
200.83
197.703
193.252
187.529
180.57
172.426
163.166
152.898
141.786
130.078
118.086
106.168
94.5233
83.066
71.803
61.0206
51.1173
42.5346
35.7634
31.294
29.6866
31.3788
36.6662
45.6235
57.8798
72.4097
86.4182
83.5239
64.2105
40.783
12.7954
-17.1136
-50.0383
-85.2964
-120.207
-153.014
-183.523
-211.15
-235.353
-256.57
-275.241
-291.674
-306.367
-319.725
-332.031
-343.561
-354.513
-364.985
-374.997
-384.475
-393.079
-400.14
-404.922
-406.912
-405.653
-400.636
-391.314
-377.154
-357.677
-332.492
-301.36
-264.28
-221.622
-174.364
-124.429
-76.4763
93.6192
109.985
126.594
141.627
154.241
165.268
174.173
180.943
185.814
188.863
190.287
190.23
188.81
186.124
182.226
177.172
170.997
163.751
155.5
146.343
136.427
125.982
115.285
104.664
94.2952
84.0856
74.0244
64.3551
55.4236
47.6152
41.364
37.105
35.3388
36.4642
40.7525
48.2752
58.7117
71.166
83.2196
76.3693
58.069
35.8766
9.38004
-18.911
-50.0298
-83.3214
-116.236
-147.11
-175.762
-201.645
-224.251
-244.004
-261.324
-276.507
-290.03
-302.276
-313.519
-324.024
-333.985
-343.506
-352.619
-361.271
-369.16
-375.671
-380.13
-382.069
-381.072
-376.676
-368.375
-355.674
-338.122
-315.34
-287.092
-253.353
-214.437
-171.2
-125.328
-81.0161
86.1194
101.65
117.428
131.721
143.728
154.247
162.77
169.284
174.019
177.049
178.562
178.702
177.581
175.296
171.903
167.455
161.992
155.561
148.224
140.075
131.246
121.946
112.427
102.985
93.7773
84.7076
75.7511
67.1137
59.0937
52.0247
46.2861
42.2608
40.3903
41.0336
44.4367
50.6686
59.4574
70.0328
80.3164
69.7589
52.4157
31.3928
6.30759
-20.4512
-49.8601
-81.287
-112.311
-141.354
-168.25
-192.485
-213.587
-231.964
-248.02
-262.038
-274.472
-285.688
-295.948
-305.506
-314.55
-323.19
-331.462
-339.333
-346.538
-352.509
-356.633
-358.482
-357.685
-353.821
-346.429
-335.052
-319.267
-298.717
-273.168
-242.573
-207.191
-167.758
-125.731
-84.8697
79.1767
93.9191
108.91
122.505
133.939
143.979
152.142
158.414
163.02
166.029
167.622
167.94
167.091
165.171
162.236
158.34
153.523
147.832
141.324
134.088
126.245
117.983
109.533
101.16
93.0048
84.972
77.0255
69.3384
62.1665
55.7959
50.5555
46.7792
44.8509
45.0902
47.7177
52.8
60.1099
68.9959
77.6852
63.6574
47.2203
27.3039
3.55657
-21.7508
-49.5381
-79.198
-108.429
-135.739
-160.975
-183.654
-203.34
-220.425
-235.298
-248.229
-259.653
-269.916
-279.268
-287.953
-296.151
-303.974
-311.465
-318.606
-325.16
-330.609
-334.394
-336.128
-335.481
-332.073
-325.487
-315.307
-301.14
-282.652
-259.615
-231.963
-199.901
-164.048
-125.646
-88.0499
72.7554
86.7512
100.998
113.934
124.826
134.414
142.237
148.28
152.762
155.748
157.413
157.891
157.29
155.702
153.183
149.789
145.559
140.538
134.783
128.373
121.423
114.101
106.617
99.2117
92.0086
84.915
77.8873
71.0702
64.6812
58.9646
54.2022
50.6827
48.7358
48.6424
50.5983
54.6668
60.6616
68.0397
75.3008
58.0326
42.4529
23.5851
1.10533
-22.8257
-49.0764
-77.0603
-104.592
-130.261
-153.926
-175.137
-193.489
-209.362
-223.129
-235.049
-245.535
-254.917
-263.432
-271.313
-278.734
-285.804
-292.573
-299.034
-304.975
-309.923
-313.373
-314.977
-314.439
-311.422
-305.553
-296.451
-283.761
-267.17
-246.458
-221.545
-192.584
-160.085
-125.087
-90.5778
66.8213
80.1103
93.6531
105.964
116.344
125.505
133.006
138.833
143.195
146.157
147.884
148.508
148.131
146.844
144.705
141.766
138.068
133.655
128.581
122.921
116.777
110.305
103.694
97.1611
90.8166
84.5705
78.3746
72.3491
66.6782
61.5686
57.2597
53.9985
52.0652
51.7035
53.0848
56.2685
61.1049
67.1473
73.1372
52.853
38.0861
20.2114
-1.06564
-23.6922
-48.4849
-74.8797
-100.801
-124.917
-147.097
-166.922
-184.02
-198.757
-211.489
-222.469
-232.086
-240.654
-248.399
-255.543
-262.25
-268.629
-274.733
-280.561
-285.93
-290.406
-293.53
-294.993
-294.533
-291.853
-286.619
-278.489
-267.141
-252.287
-233.717
-211.34
-185.26
-155.888
-124.077
-92.4775
61.3424
73.9612
86.8367
98.5557
108.452
117.208
124.404
130.024
134.273
137.208
138.989
139.744
139.571
138.557
136.762
134.237
131.021
127.159
122.702
117.718
112.303
106.598
100.774
95.0258
89.4526
83.9684
78.5221
73.2134
68.197
63.6465
59.7634
56.7572
54.8633
54.2903
55.1865
57.6068
61.4325
66.3014
71.1667
48.0893
34.0924
17.1602
-2.97648
-24.3654
-47.7757
-72.6635
-97.0586
-119.704
-140.481
-158.999
-174.918
-188.59
-200.357
-210.462
-219.274
-227.093
-234.13
-240.598
-246.652
-252.398
-257.89
-263.137
-267.974
-272.006
-274.82
-276.138
-275.734
-273.344
-268.673
-261.417
-251.285
-238.015
-221.409
-201.367
-177.951
-151.48
-122.641
-93.7781
56.2881
68.2717
80.5137
91.6725
101.11
109.483
116.389
121.812
125.949
128.857
130.684
131.556
131.566
130.801
129.318
127.167
124.389
121.025
117.125
112.753
107.995
102.981
97.8637
92.8205
87.9383
83.1366
78.3633
73.7
69.2765
65.2373
61.7507
58.9921
57.1577
56.4235
56.9161
58.6852
61.638
65.4847
69.3624
43.7137
30.4468
14.4086
-4.64592
-24.8612
-46.9603
-70.4188
-93.3669
-114.621
-134.073
-151.36
-166.17
-178.845
-189.712
-199.005
-207.074
-214.201
-220.59
-226.438
-231.897
-237.065
-241.999
-246.711
-251.057
-254.676
-257.197
-258.373
-258.007
-255.868
-251.697
-245.224
-236.191
-224.36
-209.546
-191.644
-170.678
-146.887
-120.811
-94.5143
51.6299
63.0106
74.6515
85.2786
94.2806
102.289
108.919
114.154
118.184
121.061
122.927
123.904
124.08
123.539
122.338
120.526
118.143
115.231
111.833
108.012
103.846
99.453
94.9709
90.5584
86.2933
82.1008
77.9289
73.8443
69.9549
66.3802
63.2596
60.7386
58.9787
58.1267
58.2888
59.5092
61.7162
64.6804
67.6978
39.6994
27.1253
11.9352
-6.09193
-25.1934
-46.0483
-68.1515
-89.7304
-109.669
-127.869
-143.996
-157.766
-169.508
-179.536
-188.075
-195.458
-201.95
-207.744
-213.028
-217.943
-222.584
-227.01
-231.234
-235.129
-238.367
-240.614
-241.652
-241.313
-239.392
-235.665
-229.894
-221.852
-211.324
-198.138
-182.186
-163.464
-142.137
-118.619
-94.722
47.3407
58.149
69.219
79.341
87.9297
95.5914
101.959
107.013
110.939
113.783
115.681
116.749
117.074
116.736
115.79
114.285
112.259
109.752
106.808
103.483
99.8498
96.0135
92.0997
88.2502
84.5347
80.8841
77.2477
73.6796
70.269
67.114
64.3289
62.0332
60.3585
59.4254
59.322
60.0862
61.6632
63.8731
66.1472
36.0214
24.1051
9.71998
-7.33186
-25.3768
-45.0519
-65.8702
-86.1519
-104.846
-121.867
-136.902
-149.696
-160.566
-169.813
-177.653
-184.403
-190.312
-195.562
-200.331
-204.752
-208.916
-212.879
-216.659
-220.142
-223.03
-225.024
-225.933
-225.611
-223.882
-220.549
-215.407
-208.254
-198.901
-187.189
-173.008
-156.329
-137.259
-116.1
-94.4408
43.3948
53.6594
64.1868
73.8287
82.0243
89.3557
95.472
100.353
104.177
106.985
108.908
110.057
110.515
110.358
109.642
108.413
106.709
104.569
102.033
99.1535
95.9975
92.6599
89.2536
85.9058
82.6782
79.5082
76.3469
73.2378
70.2543
67.4763
64.9968
62.9129
61.3304
60.3473
60.0351
60.4257
61.4769
63.0486
64.6868
32.6564
21.3643
7.74383
-8.38245
-25.4245
-43.9801
-63.581
-82.6351
-100.154
-116.062
-130.071
-141.95
-152.006
-160.527
-167.721
-173.887
-179.261
-184.015
-188.315
-192.288
-196.02
-199.564
-202.941
-206.048
-208.618
-210.381
-211.169
-210.858
-209.298
-206.317
-201.737
-195.382
-187.086
-176.701
-164.12
-149.296
-132.284
-113.293
-93.7119
39.7684
49.5162
59.5276
68.7126
76.534
83.5506
89.4266
94.1408
97.8633
100.634
102.575
103.794
104.37
104.376
103.867
102.886
101.472
99.6603
97.4907
95.011
92.2821
89.39
86.436
83.5336
80.7382
77.9929
75.2515
72.5487
69.9447
67.5038
65.3011
63.4145
61.9283
60.9207
60.4488
60.5383
61.1564
62.1946
63.2945
29.5819
18.8827
5.98824
-9.25898
-25.3494
-42.8438
-61.2906
-79.1834
-95.5925
-110.452
-123.496
-134.519
-143.816
-151.662
-158.259
-163.888
-168.773
-173.074
-176.949
-180.515
-183.856
-187.022
-190.034
-192.802
-195.083
-196.636
-197.314
-197.011
-195.6
-192.932
-188.855
-183.215
-175.864
-166.673
-155.533
-142.384
-127.24
-110.235
-92.5779
36.4388
45.6952
55.2153
63.9655
71.4302
78.1461
83.7917
88.3445
91.9677
94.698
96.6507
97.9302
98.6095
98.7612
98.4361
97.6785
96.5238
95.0073
93.1657
91.0435
88.6962
86.2011
83.6491
81.1413
78.7275
76.3564
73.985
71.6407
69.3724
67.2317
65.2784
63.5745
62.1861
61.1747
60.5848
60.4364
60.7032
61.3008
61.9504
26.7769
16.641
4.43632
-9.97609
-25.164
-41.6519
-59.0059
-75.8002
-91.1617
-105.034
-117.174
-127.396
-135.985
-143.205
-149.25
-154.385
-158.822
-162.712
-166.201
-169.401
-172.389
-175.214
-177.897
-180.36
-182.379
-183.742
-184.321
-184.025
-182.746
-180.358
-176.729
-171.727
-165.223
-157.099
-147.252
-135.611
-122.159
-106.964
-91.0813
33.3845
42.1735
51.2259
59.5614
66.686
73.1141
78.5386
82.9349
86.4603
89.1477
91.1061
92.4358
93.206
93.4861
93.3256
92.7669
91.8445
90.5918
89.0434
87.2402
85.2329
83.0908
80.8951
78.7359
76.658
74.6157
72.5692
70.5401
68.5678
66.6932
64.9637
63.4278
62.1369
61.1382
60.4656
60.1335
60.12
60.3589
60.637
24.2217
14.621
3.07178
-10.5484
-24.8796
-40.4136
-56.7329
-72.4884
-86.8621
-99.8057
-111.097
-120.57
-128.5
-135.141
-140.677
-145.36
-149.387
-152.902
-156.042
-158.911
-161.582
-164.101
-166.489
-168.676
-170.461
-171.654
-172.143
-171.854
-170.694
-168.556
-165.327
-160.894
-155.145
-147.973
-139.283
-128.994
-117.066
-103.518
-89.2656
30.5858
38.9298
47.5365
55.4768
62.2764
68.4289
73.6403
77.8849
81.3134
83.9554
85.9136
87.2843
88.1329
88.5263
88.5118
88.1302
87.4148
86.3972
85.1099
83.5907
81.8855
80.0563
78.1756
76.3238
74.5407
72.7864
71.0245
69.2716
67.5594
65.9201
64.3906
63.0086
61.813
60.8398
60.1136
59.6438
59.4111
59.363
59.3392
21.8976
12.8057
1.87897
-10.9885
-24.507
-39.1369
-54.4763
-69.2509
-82.6935
-94.7642
-105.26
-114.034
-121.352
-127.456
-132.523
-136.791
-140.445
-143.621
-146.445
-149.016
-151.401
-153.645
-155.769
-157.709
-159.285
-160.326
-160.737
-160.455
-159.402
-157.487
-154.615
-150.688
-145.61
-139.287
-131.626
-122.547
-111.989
-99.9316
-87.1722
28.0237
35.9441
44.1258
51.6888
58.1778
64.066
69.072
73.169
76.5012
79.0951
81.0476
82.4509
83.3667
83.8586
83.9729
83.7482
83.2165
82.4079
81.3526
80.0853
78.6477
77.0952
75.4924
73.9106
72.3857
70.8831
69.3698
67.8583
66.374
64.9419
63.5905
62.3487
61.2456
60.3073
59.5512
58.9822
58.5826
58.3091
58.0447
19.787
11.1789
0.843913
-11.309
-24.0568
-37.8297
-52.2421
-66.09
-78.6556
-89.9063
-99.6568
-107.779
-114.529
-120.137
-124.772
-128.66
-131.974
-134.841
-137.381
-139.684
-141.813
-143.812
-145.699
-147.419
-148.807
-149.714
-150.057
-149.782
-148.826
-147.111
-144.557
-141.08
-136.598
-131.027
-124.283
-116.281
-106.95
-96.2396
-84.8419
25.6807
33.1975
40.9741
48.1766
54.3682
60.0026
64.8104
68.7635
71.9998
74.5431
76.4846
77.9122
78.8845
79.4619
79.6889
79.6025
79.2332
78.6095
77.7596
76.7152
75.514
74.2056
72.8471
71.5019
70.2026
68.9194
67.6224
66.3213
65.0362
63.7862
62.5931
61.4786
60.4639
59.5675
58.8005
58.1642
57.6413
57.1952
56.7433
17.8739
9.7256
-0.0472266
-11.5214
-23.538
-36.4994
-50.0348
-63.0079
-74.7478
-85.2286
-94.2823
-101.798
-108.02
-113.169
-117.408
-120.948
-123.953
-126.541
-128.824
-130.886
-132.787
-134.566
-136.242
-137.765
-138.988
-139.776
-140.059
-139.793
-138.925
-137.389
-135.117
-132.041
-128.087
-123.183
-117.25
-110.207
-101.972
-92.4735
-82.3134
23.5402
30.6724
38.0623
44.9203
50.8273
56.2176
60.8336
64.6461
67.7871
70.2773
72.2026
73.6471
74.6656
75.3161
75.6413
75.676
75.4495
74.9889
74.3201
73.4723
72.4793
71.3854
70.2412
69.1029
68.0001
66.9075
65.7985
64.6804
63.5689
62.4786
61.4258
60.4265
59.4957
58.6457
57.8829
57.2052
56.5954
56.0213
55.4274
16.1426
8.43161
-0.806813
-11.6368
-22.9601
-35.1525
-47.8585
-60.0062
-70.969
-80.7276
-89.1302
-96.0804
-101.813
-106.54
-110.415
-113.637
-116.361
-118.696
-120.748
-122.594
-124.29
-125.873
-127.362
-128.71
-129.786
-130.47
-130.702
-130.446
-129.657
-128.282
-126.262
-123.54
-120.054
-115.74
-110.526
-104.332
-97.0734
-88.6624
-79.6235
21.5867
28.3523
35.3731
41.9016
47.5355
52.6909
57.1213
60.7962
63.8421
66.2768
68.1811
69.6352
70.6909
71.403
71.8126
71.9528
71.8513
71.5337
71.0241
70.349
69.539
68.633
67.6762
66.7182
65.7861
64.8588
63.9129
62.9536
61.9932
61.0426
60.114
59.2186
58.3667
57.5661
56.8189
56.1206
55.4537
54.7888
54.0917
14.5787
7.28373
-1.44683
-11.6651
-22.3308
-33.7951
-45.7168
-57.0862
-67.3182
-76.3998
-84.194
-90.6186
-95.8986
-100.235
-103.776
-106.708
-109.177
-111.284
-113.128
-114.781
-116.294
-117.703
-119.024
-120.217
-121.164
-121.757
-121.945
-121.699
-120.983
-119.752
-117.956
-115.549
-112.476
-108.683
-104.103
-98.6616
-92.2702
-84.8328
-76.806
19.8059
26.2218
32.8902
39.1032
44.4752
49.4043
53.6545
57.1946
60.1455
62.5224
64.4013
65.8585
66.9425
67.7057
68.1872
68.4184
68.4258
68.233
67.8626
67.3387
66.6886
65.9469
65.1535
64.3523
63.5682
62.7839
61.979
61.1573
60.3282
59.4997
58.6807
57.879
57.101
56.3509
55.628
54.9255
54.2255
53.5005
52.7329
13.1689
6.26955
-1.97827
-11.6158
-21.6581
-32.4329
-43.6132
-54.2487
-63.7937
-72.2408
-79.4673
-85.4032
-90.2641
-94.2414
-97.4761
-100.144
-102.38
-104.282
-105.939
-107.419
-108.769
-110.023
-111.196
-112.252
-113.084
-113.598
-113.749
-113.515
-112.866
-111.763
-110.167
-108.038
-105.33
-101.996
-97.9755
-93.1982
-87.5762
-81.0078
-73.8921
18.1841
24.2666
30.5982
36.5091
41.6295
46.3403
50.4155
53.8236
56.6794
58.9963
60.8454
62.2995
63.4039
64.2085
64.7504
65.0595
65.1608
65.0764
64.8272
64.4351
63.9244
63.3258
62.6745
62.0093
61.3532
60.6924
60.0094
59.3065
58.5913
57.8695
57.1471
56.4296
55.7205
55.0211
54.3287
53.6346
52.9208
52.1605
51.3492
11.9005
5.37763
-2.41136
-11.4976
-20.9488
-31.0709
-41.5506
-51.4941
-60.3933
-68.2462
-74.9432
-80.4251
-84.8985
-88.5453
-91.4994
-93.9265
-95.9526
-97.6684
-99.1574
-100.482
-101.688
-102.803
-103.845
-104.78
-105.512
-105.957
-106.078
-105.856
-105.267
-104.279
-102.862
-100.979
-98.5934
-95.6633
-92.1355
-87.9437
-83.0025
-77.2085
-70.9103
16.7088
22.4732
28.4829
34.1042
38.9829
43.4828
47.388
50.6663
53.4272
55.682
57.4973
58.9424
60.0598
60.8968
61.4887
61.8637
62.0454
62.0545
61.9103
61.6325
61.2429
60.7686
60.2405
59.693
59.1473
58.5929
58.015
57.4149
56.7984
56.1695
55.5325
54.8905
54.2452
53.5959
52.938
52.2619
51.5492
50.7737
49.9408
10.7618
4.59705
-2.75578
-11.3186
-20.2093
-29.7138
-39.5313
-48.8226
-57.115
-64.4114
-70.6146
-75.6753
-79.7905
-83.1331
-85.8305
-88.0382
-89.8737
-91.422
-92.7603
-93.9471
-95.0233
-96.0164
-96.9417
-97.7697
-98.4137
-98.7991
-98.8942
-98.685
-98.1514
-97.2682
-96.0084
-94.3435
-92.2424
-89.6681
-86.5737
-82.8977
-78.558
-73.4522
-67.8858
15.3682
20.829
26.5311
31.8749
36.521
40.8171
44.5567
47.7073
50.3732
52.5639
54.3418
55.7726
56.8962
57.7573
58.3896
58.8195
59.0695
59.1587
59.1049
58.9259
58.6411
58.2744
57.8528
57.4068
56.9563
56.4935
56.006
55.4947
54.9638
54.416
53.8541
53.2799
52.6935
52.0928
51.4721
50.8209
50.1208
49.3457
48.5088
9.74192
3.91791
-3.02043
-11.0864
-19.4459
-28.3656
-37.557
-46.234
-53.956
-60.7315
-66.4745
-71.1445
-74.9287
-77.9914
-80.454
-82.4619
-84.1249
-85.5221
-86.7253
-87.7886
-88.7498
-89.6344
-90.4566
-91.1903
-91.7572
-92.0913
-92.1656
-91.9694
-91.4867
-90.6968
-89.5776
-88.1059
-86.2553
-83.994
-81.2804
-78.0581
-74.2492
-69.754
-64.8411
14.1514
19.3224
24.7304
29.8079
34.2302
38.3293
41.9074
44.9324
47.503
49.628
51.3649
52.7763
53.8998
54.7777
55.4416
55.9166
56.2238
56.3811
56.4046
56.3105
56.1161
55.8421
55.5125
55.154
54.7853
54.4013
53.9917
53.5569
53.1001
52.6231
52.1275
51.6141
51.0819
50.5279
49.9457
49.3243
48.6453
47.8827
47.0555
8.83063
3.33064
-3.21362
-10.8082
-18.6639
-27.03
-35.6296
-43.7276
-50.9134
-57.2012
-62.5158
-66.8233
-70.3019
-73.1073
-75.355
-77.181
-78.6878
-79.9489
-81.0308
-81.9838
-82.8426
-83.6309
-84.3622
-85.0128
-85.5123
-85.8021
-85.8596
-85.6767
-85.2407
-84.5346
-83.5407
-82.2399
-80.6101
-78.6242
-76.2451
-73.4216
-70.0805
-66.1265
-61.7956
13.0481
17.9428
23.0695
27.8915
32.0982
36.0064
39.427
42.3282
44.8035
46.8609
48.5534
49.9407
51.0585
51.9463
52.634
53.1452
53.4997
53.7143
53.8035
53.7822
53.6653
53.4711
53.2206
52.9374
52.639
52.3227
51.9801
51.6113
51.2188
50.8035
50.3664
49.9076
49.4252
48.9157
48.3723
47.7839
47.1321
46.391
45.5841
8.01849
2.82673
-3.34323
-10.4903
-17.8687
-25.7109
-33.7507
-41.3031
-47.9838
-53.8147
-58.7307
-62.7024
-65.8986
-68.4675
-70.5185
-72.1789
-73.5441
-74.6826
-75.6559
-76.5102
-77.278
-77.9811
-78.6319
-79.2092
-79.6499
-79.9019
-79.9461
-79.7764
-79.3832
-78.7527
-77.8704
-76.721
-75.286
-73.5423
-71.457
-68.9839
-66.0549
-62.5794
-58.7662
12.0492
16.6801
21.5377
26.1143
30.1134
33.8367
37.1034
39.8825
42.2623
44.2505
45.8952
47.254
48.361
49.2527
49.9569
50.4961
50.8891
51.1514
51.2961
51.3366
51.2861
51.1604
50.9779
50.7594
50.5214
50.2633
49.9784
49.6667
49.3299
48.9687
48.5833
48.1733
47.7366
47.2693
46.7644
46.2107
45.5903
44.8775
44.0984
7.29683
2.39825
-3.41607
-10.1386
-17.0645
-24.4109
-31.9211
-38.9596
-45.1636
-50.5664
-55.1119
-58.7725
-61.7076
-64.0589
-65.93
-67.4397
-68.6765
-69.7044
-70.5801
-71.3464
-72.0332
-72.6607
-73.2404
-73.7534
-74.1428
-74.3625
-74.3962
-74.2399
-73.8859
-73.3235
-72.5409
-71.5256
-70.2625
-68.7318
-66.9047
-64.7393
-62.173
-59.1207
-55.767
11.1461
15.5252
20.1256
24.4662
28.2649
31.8088
34.9249
37.5835
39.8673
41.7852
43.3789
44.7054
45.7974
46.6873
47.4012
47.961
48.3846
48.686
48.8771
48.9699
48.9761
48.9091
48.7849
48.6221
48.436
48.228
47.9928
47.7306
47.4423
47.1285
46.7889
46.4229
46.0281
45.6004
45.1331
44.615
44.0286
43.3486
42.603
6.65774
2.03808
-3.43821
-9.75794
-16.2546
-23.1316
-30.1406
-36.6952
-42.4488
-47.4511
-51.6527
-55.0246
-57.718
-59.8686
-61.575
-62.9473
-64.0679
-64.996
-65.7842
-66.4719
-67.0865
-67.647
-68.1638
-68.6203
-68.965
-69.1572
-69.183
-69.0398
-68.7221
-68.221
-67.5274
-66.6312
-65.52
-64.1768
-62.5765
-60.6816
-58.4345
-55.7559
-52.8098
10.3302
14.469
18.8237
22.9376
26.5431
29.9124
32.8811
35.4204
37.6075
39.4538
40.9929
42.2842
43.3581
44.2412
44.9585
45.5322
45.9794
46.3124
46.5419
46.6787
46.733
46.7162
46.6421
46.5271
46.3858
46.2209
46.0289
45.8095
45.5638
45.2916
44.9928
44.6665
44.3101
43.9198
43.4887
43.0062
42.4554
41.8111
41.1028
6.09326
1.7386
-3.41703
-9.3543
-15.4438
-21.8758
-28.409
-34.5073
-39.8332
-44.463
-48.3476
-51.4512
-53.9195
-55.8847
-57.4399
-58.6869
-59.7019
-60.5398
-61.2493
-61.8667
-62.4171
-62.9181
-63.3794
-63.7861
-64.092
-64.2608
-64.2809
-64.1509
-63.8665
-63.4211
-62.8071
-62.0168
-61.0398
-59.8619
-58.4612
-56.804
-54.8377
-52.4893
-49.9043
9.59273
13.5032
17.6236
21.5202
24.9395
28.1398
30.9638
33.3848
35.4742
37.2487
38.7268
39.9788
41.0325
41.9043
42.6189
43.2009
43.6659
44.0242
44.2854
44.4593
44.5545
44.5807
44.5499
44.4762
44.3736
44.246
44.0914
43.9096
43.7011
43.4658
43.2034
42.9129
42.5919
42.2365
41.8402
41.3929
40.8782
40.2713
39.6028
5.59472
1.49122
-3.36063
-8.93629
-14.6403
-20.6512
-26.7323
-32.3976
-37.3065
-41.5903
-45.1872
-48.0423
-50.3007
-52.0945
-53.5113
-54.644
-55.5629
-56.3192
-56.9578
-57.5122
-58.0053
-58.4533
-58.8654
-59.2284
-59.5005
-59.6494
-59.6656
-59.5485
-59.295
-58.8999
-58.3575
-57.6614
-56.8034
-55.7715
-54.5465
-53.0985
-51.3796
-49.3227
-47.0578
8.9281
12.6216
16.5182
20.2064
23.4466
26.4829
29.1654
31.4692
33.4613
35.1643
36.5722
37.7805
38.8117
39.6674
40.3736
40.9585
41.4362
41.8142
42.1013
42.3065
42.4369
42.5005
42.5075
42.4699
42.4012
42.3064
42.1848
42.036
41.8605
41.6582
41.4286
41.1707
40.8823
40.5596
40.1967
39.7836
39.3048
38.736
38.1086
5.15682
1.29144
-3.27391
-8.50777
-13.8478
-19.4618
-25.1169
-30.3732
-34.8651
-38.824
-42.1602
-44.7852
-46.8475
-48.4832
-49.7737
-50.8026
-51.6344
-52.317
-52.892
-53.3899
-53.8319
-54.233
-54.6018
-54.9263
-55.1689
-55.3015
-55.3156
-55.2111
-54.9863
-54.637
-54.1591
-53.5471
-52.7947
-51.8919
-50.8218
-49.5579
-48.0571
-46.2578
-44.2763
8.33604
11.8215
15.5023
18.9888
22.0547
24.9299
27.4738
29.6605
31.5565
33.1845
34.5192
35.6909
36.6988
37.53
38.221
38.8041
39.2891
39.681
39.988
40.2188
40.3789
40.4746
40.5143
40.5084
40.4694
40.4037
40.3114
40.1923
40.0464
39.8739
39.6742
39.4462
39.188
38.8961
38.5648
38.1849
37.7415
37.211
36.6249
4.78124
1.14243
-3.14846
-8.05679
-13.0513
-18.289
-23.5446
-28.4213
-32.5258
-36.187
-39.2789
-41.6804
-43.555
-45.0429
-46.2162
-47.1488
-47.9006
-48.5159
-49.0333
-49.4805
-49.8767
-50.236
-50.5667
-50.8575
-51.0746
-51.1937
-51.2069
-51.1151
-50.9168
-50.6097
-50.19
-49.6535
-48.9955
-48.2071
-47.2743
-46.1732
-44.865
-43.2934
-41.5626
7.81245
11.098
14.5693
17.8596
20.7537
23.4678
25.8724
27.9397
29.7399
31.2845
32.5429
33.7042
34.6958
35.4895
36.1565
36.7354
37.2247
37.6254
37.9474
38.199
38.3844
38.5076
38.5755
38.5972
38.5844
38.5442
38.4779
38.385
38.2657
38.1203
37.9476
37.747
37.5171
37.2541
36.9529
36.6048
36.1959
35.703
35.1583
4.46468
1.04278
-2.98324
-7.57775
-12.2384
-17.1127
-21.9859
-26.4979
-30.2639
-33.6993
-36.5638
-38.732
-40.4209
-41.7709
-42.835
-43.6771
-44.3537
-44.9066
-45.3712
-45.772
-46.1269
-46.4484
-46.7444
-47.0052
-47.2007
-47.3087
-47.3227
-47.2437
-47.0708
-46.8024
-46.4353
-45.9669
-45.3932
-44.7066
-43.8952
-42.9379
-41.7999
-40.4303
-38.9218
7.41087
10.5383
13.8421
16.9563
19.6843
22.2213
24.444
26.3274
27.9452
29.3062
30.3636
31.6142
32.7124
33.5349
34.232
34.8595
35.3974
35.8411
36.2043
36.4964
36.7203
36.8791
36.979
37.0285
37.0397
37.0214
36.9763
36.9036
36.8046
36.6793
36.5232
36.3403
36.1289
35.8851
35.6036
35.2761
34.8898
34.4214
33.9039
4.22278
0.97104
-2.85291
-7.18603
-11.5455
-16.0586
-20.4735
-24.4476
-27.6341
-31.1815
-34.0168
-36.0548
-37.6475
-38.9421
-39.9626
-40.7644
-41.4059
-41.9304
-42.3707
-42.7503
-43.0863
-43.391
-43.6721
-43.9207
-44.1089
-44.2151
-44.234
-44.1673
-44.0151
-43.7754
-43.4466
-43.0267
-42.5118
-41.8967
-41.1702
-40.3134
-39.2948
-38.0681
-36.7178
7.09255
10.0886
13.2453
16.198
18.7608
21.1076
23.1231
24.781
26.1573
27.2615
28.0264
29.4513
30.7378
31.6387
32.4047
33.1167
33.7345
34.247
34.6716
35.0194
35.2926
35.494
35.6296
35.7082
35.7429
35.7448
35.7184
35.6622
35.5796
35.4701
35.3233
35.1514
34.9522
34.7203
34.4504
34.135
33.7615
33.3063
32.8043
4.03541
0.923225
-2.72731
-6.82757
-10.8997
-15.0375
-18.9461
-22.3281
-24.8367
-28.6581
-31.5973
-33.5781
-35.1316
-36.4216
-37.4411
-38.2363
-38.8701
-39.3884
-39.8233
-40.1982
-40.53
-40.8318
-41.1112
-41.3602
-41.552
-41.6641
-41.692
-41.6383
-41.5031
-41.2853
-40.9842
-40.5981
-40.1247
-39.5598
-38.8934
-38.1084
-37.1758
-36.0514
-34.8132
6.78395
9.64771
12.6567
15.4483
17.8475
20.0061
21.8204
23.2588
24.4047
25.2609
25.7525
27.3033
28.7543
29.7277
30.5516
31.3373
32.0295
32.6078
33.0914
33.4934
33.8158
34.0596
34.231
34.3388
34.3972
34.4196
34.4124
34.3732
34.3076
34.2143
34.0774
33.9168
33.7304
33.511
33.2533
32.9508
32.5916
32.1516
31.6682
3.85945
0.888525
-2.58627
-6.45159
-10.2392
-14.0054
-17.4303
-20.2614
-22.1259
-26.1255
-29.1638
-31.0899
-32.5902
-33.8643
-34.8786
-35.665
-36.2893
-36.7995
-37.2283
-37.598
-37.9254
-38.2239
-38.5021
-38.7526
-38.9488
-39.0681
-39.1073
-39.0686
-38.9528
-38.7598
-38.4889
-38.1393
-37.7098
-37.1963
-36.5901
-35.8764
-35.0281
-34.0049
-32.8867
6.48661
9.21849
12.08
14.7128
16.9506
18.9241
20.544
21.7679
22.6951
23.3028
23.5459
25.1748
26.7598
27.8014
28.676
29.5245
30.2843
30.9246
31.4648
31.9197
32.2909
32.5779
32.7863
32.9243
33.0069
33.05
33.062
33.04
32.9922
32.9158
32.7902
32.6424
32.4699
32.2639
32.0192
31.7298
31.3845
30.9588
30.4896
3.6952
0.865454
-2.43311
-6.06384
-9.57239
-12.9708
-15.9395
-18.2431
-19.5321
-23.5914
-26.7076
-28.5925
-30.0329
-31.2792
-32.2824
-33.0583
-33.6712
-34.1716
-34.5925
-34.9557
-35.2772
-35.5708
-35.8456
-36.0952
-36.2928
-36.4161
-36.4627
-36.4351
-36.3348
-36.1623
-35.9174
-35.6004
-35.2109
-34.7458
-34.1976
-33.5533
-32.7873
-31.8595
-30.835
6.20312
8.80472
11.5202
13.9975
16.0773
17.8698
19.3021
20.3149
21.0334
21.3843
21.4029
23.0653
24.7499
25.8529
26.7737
27.6776
28.4994
29.1992
29.7939
30.3001
30.7189
31.0492
31.2955
31.4659
31.5756
31.6422
31.6752
31.6713
31.6411
31.5809
31.4665
31.3315
31.1736
30.9831
30.7549
30.4835
30.1582
29.756
29.3197
3.54399
0.854261
-2.26964
-5.66834
-8.90589
-11.9424
-14.4843
-16.2729
-17.0666
-21.0724
-24.2263
-26.0811
-27.4617
-28.6701
-29.6551
-30.4177
-31.0171
-31.5063
-31.9192
-32.2773
-32.5961
-32.8887
-33.1637
-33.4174
-33.6236
-33.7605
-33.8248
-33.8192
-33.7455
-33.6041
-33.3953
-33.1197
-32.7769
-32.3643
-31.8756
-31.2986
-30.6128
-29.7866
-28.9052
5.93606
8.41063
10.9836
13.3098
15.2353
16.8517
18.1038
18.9074
19.4245
19.5034
19.315
20.9709
22.7207
23.8746
24.8365
25.7899
26.6708
27.4309
28.0824
28.6416
29.1094
29.4828
29.7651
29.9653
30.1007
30.1924
30.2506
30.2705
30.2638
30.224
30.1246
30.0034
29.8578
29.6771
29.4572
29.1935
28.8753
28.4756
28.0258
3.40638
0.85327
-2.09915
-5.27175
-8.2478
-10.9314
-13.0762
-14.3562
-14.7309
-18.5816
-21.7214
-23.5516
-24.8766
-26.0401
-27.0004
-27.7472
-28.332
-28.8061
-29.2037
-29.5466
-29.8514
-30.1322
-30.3985
-30.6449
-30.8439
-30.9754
-31.0375
-31.0342
-30.9679
-30.8391
-30.6494
-30.4002
-30.092
-29.7234
-29.2901
-28.7802
-28.1706
-27.4176
-26.5554
5.68849
8.04279
10.4798
12.6608
14.4345
15.8787
16.9527
17.5429
17.8607
17.6477
17.2634
18.8807
20.6686
21.8621
22.8553
23.8473
24.7806
25.6001
26.3126
26.9328
27.4603
27.8892
28.2187
28.4536
28.6115
28.7191
28.7918
28.8272
28.8398
28.8211
28.7449
28.6516
28.5387
28.3942
28.2129
27.9899
27.7179
27.3815
27.041
3.28151
0.858069
-1.92965
-4.88538
-7.60925
-9.94828
-11.7209
-12.4951
-12.5181
-16.128
-19.1973
-21.0004
-22.2757
-23.3898
-24.3175
-25.0443
-25.6186
-26.0917
-26.4964
-26.8504
-27.1666
-27.4571
-27.7338
-27.9958
-28.2223
-28.3902
-28.4932
-28.5342
-28.5156
-28.4381
-28.3028
-28.1101
-27.8602
-27.5511
-27.1788
-26.7353
-26.2109
-25.5955
-25.0064
5.46305
7.70726
10.0186
12.0624
13.6876
14.962
15.85
16.2112
16.3265
15.7992
15.2147
16.7682
18.5813
19.8145
20.8383
21.8613
22.8333
23.6978
24.4593
25.1324
25.7163
26.2052
26.5996
26.9025
27.1225
27.2791
27.3863
27.4426
27.4652
27.4459
27.3603
27.2483
27.1108
26.9398
26.7331
26.4867
26.1843
25.7795
25.2678
3.16791
0.862879
-1.77179
-4.52447
-7.00437
-9.00509
-10.4234
-10.6922
-10.4143
-13.7144
-16.6576
-18.4225
-19.653
-20.72
-21.6124
-22.3049
-22.8331
-23.2478
-23.5908
-23.8893
-24.161
-24.419
-24.671
-24.9065
-25.0956
-25.2219
-25.2892
-25.3018
-25.2614
-25.1695
-25.0286
-24.8416
-24.6108
-24.3366
-24.0153
-23.635
-23.1641
-22.5346
-21.7026
5.26065
7.4037
9.59993
11.5185
13.0058
14.1219
14.8188
14.9462
14.8631
13.9746
13.1397
14.5961
16.4167
17.6916
18.7697
19.8558
20.8929
21.8171
22.6314
23.3496
23.9678
24.4741
24.8679
25.1661
25.4036
25.6117
25.7942
25.9461
26.0804
26.1549
26.1796
26.1877
26.171
26.1152
26.0151
25.8714
25.698
25.5217
25.4854
3.0679
0.870147
-1.62504
-4.19448
-6.44472
-8.12896
-9.21839
-8.96949
-8.40348
-11.339
-14.1032
-15.8134
-16.998
-18.0121
-18.8793
-19.5972
-20.1984
-20.7115
-21.1523
-21.5308
-21.8594
-22.1532
-22.4321
-22.7108
-22.9819
-23.2145
-23.3909
-23.5134
-23.5844
-23.6048
-23.5742
-23.4916
-23.3557
-23.1654
-22.92
-22.6217
-22.2887
-21.966
-21.8621
5.0831
7.13253
9.22388
11.0308
12.3986
13.3814
13.9053
13.8411
13.5753
12.2118
11.025
12.3661
14.1395
15.3828
16.4747
17.6333
18.7858
19.8487
20.8127
21.6871
22.4654
23.1242
23.6305
23.9556
24.1172
24.1858
24.2064
24.1812
24.1363
24.0777
23.9591
23.7945
23.6192
23.4402
23.2493
23.0251
22.7149
22.1805
21.3023
2.98609
0.887774
-1.48048
-3.88974
-5.93715
-7.36448
-8.16863
-7.35718
-6.47208
-9.00482
-11.5263
-13.1677
-14.3302
-15.2797
-16.0039
-16.4976
-16.8197
-17.0523
-17.257
-17.4649
-17.6862
-17.9234
-18.171
-18.3959
-18.5509
-18.6362
-18.6746
-18.6714
-18.6275
-18.5455
-18.43
-18.2872
-18.1219
-17.9362
-17.7244
-17.4646
-17.0894
-16.4595
-15.3641
4.94168
6.92811
8.94149
10.6519
11.9067
12.7516
13.0886
12.8446
12.3202
10.3101
8.77043
10.1273
11.8902
13.012
13.9414
14.9594
16.0266
17.0663
18.0602
19.0111
19.9184
20.7905
21.6473
22.4908
23.2435
23.8612
24.3631
24.8081
25.2252
25.4572
25.6528
25.8218
25.9252
25.9554
25.9219
25.8569
25.8542
26.1087
26.968
2.9101
0.883379
-1.38719
-3.66133
-5.52267
-6.72869
-7.20764
-5.76003
-4.60005
-6.72479
-8.90855
-10.4143
-11.5959
-12.7048
-13.755
-14.7117
-15.548
-16.2332
-16.7644
-17.1649
-17.4697
-17.7153
-17.9499
-18.2385
-18.613
-19.0086
-19.3601
-19.6602
-19.9125
-20.1182
-20.2724
-20.3686
-20.4037
-20.3778
-20.3009
-20.2003
-20.1619
-20.3538
-21.1662
4.85545
6.86031
8.86326
10.507
11.6316
12.2573
12.2649
11.6363
10.4919
7.67768
6.06687
7.71184
9.84598
11.2606
12.3328
13.3333
14.285
15.1607
15.9515
16.6404
17.1708
17.4462
17.3973
17.0662
16.7359
16.5788
16.5048
16.4161
16.3067
16.217
16.0421
15.8642
15.777
15.7292
15.6739
15.5675
15.2522
14.3823
12.4842
2.80039
0.759402
-1.49326
-3.67431
-5.3272
-6.19977
-6.04841
-3.90152
-2.7226
-4.50899
-6.32996
-7.5756
-8.37612
-8.80291
-8.89725
-8.79138
-8.62859
-8.53432
-8.55449
-8.68343
-8.89341
-9.15982
-9.44017
-9.63855
-9.66426
-9.58159
-9.4802
-9.36899
-9.24336
-9.10127
-8.95345
-8.81171
-8.68385
-8.57133
-8.46143
-8.3081
-7.96797
-7.17401
-5.44909
4.81815
6.90751
8.96204
10.5845
11.5932
11.9678
11.5644
10.3671
8.30047
4.68315
2.76987
4.26069
6.59551
8.7141
10.7554
12.7921
14.8379
16.8964
18.9916
21.1605
23.447
25.8475
28.2179
30.2703
31.5811
32.1873
32.8388
33.2475
33.9762
35.7536
35.0323
34.7922
34.9757
35.0473
34.943
34.8578
35.0574
35.9865
38.0528
2.66333
0.527006
-1.78997
-3.94036
-5.39947
-5.8498
-4.82805
-2.03593
-0.823779
-2.12211
-3.78937
-5.63982
-7.62921
-9.69351
-11.5878
-13.1317
-14.2917
-15.0587
-15.5074
-15.7423
-15.8583
-15.9358
-16.0898
-16.5105
-17.2862
-18.1665
-18.9385
-19.6116
-20.2248
-20.782
-21.2663
-21.6643
-21.9749
-22.2072
-22.3951
-22.6136
-23.0649
-24.0689
-26.1941
700.111
677.054
652.088
625.48
597.866
569.841
541.927
514.417
487.46
461.155
435.578
410.802
386.893
363.91
341.9
320.904
300.949
282.05
264.214
247.434
231.693
216.97
203.229
190.436
178.548
167.521
157.308
147.865
139.147
131.111
123.714
116.92
110.687
104.983
99.7715
95.0196
90.6946
86.764
83.1962
79.9594
77.0221
74.3531
71.9219
69.699
67.6556
65.7645
64.0002
62.3389
60.7592
59.2418
57.7696
56.3283
54.9056
53.492
52.0797
50.6632
49.2391
47.8052
46.3612
44.9079
43.4469
41.9808
40.5128
39.0465
37.5863
36.1363
34.7036
33.4731
32.3876
31.2702
30.1037
28.9675
27.6568
26.7749
24.845
25.4391
20.6211
27.5045
11.2645
39.6047
702.126
684.582
663.4
640.758
614.988
586.022
554.462
521.118
487.037
453.207
420.237
388.381
357.706
328.232
299.981
272.976
247.228
222.734
199.477
177.422
156.534
136.768
118.08
100.426
83.7607
68.0482
53.2529
39.3446
26.2978
14.0926
2.71402
-7.85238
-17.6186
-26.5938
-34.7873
-42.2095
-48.8717
-54.788
-59.9743
-64.4503
-68.2382
-71.3637
-73.8564
-75.7482
-77.0736
-77.8703
-78.1777
-78.036
-77.4869
-76.5715
-75.3314
-73.8069
-72.0368
-70.0583
-67.9063
-65.6135
-63.2096
-60.7218
-58.1746
-55.5893
-52.9851
-50.378
-47.7822
-45.209
-42.669
-40.1682
-37.7157
-35.6515
-33.8383
-32.0182
-30.0292
-28.2401
-25.8628
-24.5944
-21.011
-21.8305
-14.4999
-21.6965
-4.35958
-27.1481
254.26
253.935
255.642
256.958
257.923
258.344
258.129
257.213
255.578
253.23
250.183
246.458
242.087
237.107
231.567
225.518
219.023
212.152
204.973
197.56
189.991
182.338
174.671
167.056
159.555
152.221
145.098
138.225
131.631
125.339
119.363
113.714
108.395
103.405
98.7408
94.3941
90.3548
86.6108
83.1479
79.9503
77.0006
74.2803
71.7701
69.4503
67.3004
65.3002
63.43
61.6702
60.0027
58.4104
56.8775
55.3901
53.936
52.5046
51.0875
49.6778
48.2703
46.8617
45.4498
44.0339
42.6143
41.1923
39.7701
38.3506
36.9374
35.5336
34.1465
32.9545
31.9033
30.8214
29.6892
28.588
27.3127
26.4581
24.5865
25.1496
20.5253
27.0888
11.597
38.7769
254.991
254.468
254.783
255.597
256.137
256.36
256.17
255.252
253.311
250.182
245.79
240.101
233.136
224.957
215.658
205.36
194.195
182.305
169.842
156.954
143.789
130.483
117.162
103.943
90.9222
78.1866
65.807
53.8414
42.3366
31.3307
20.855
10.9324
1.58138
-7.18274
-15.3481
-22.906
-29.8504
-36.1787
-41.8902
-46.9887
-51.4807
-55.3761
-58.6894
-61.438
-63.6431
-65.3294
-66.5249
-67.2597
-67.5662
-67.4783
-67.0312
-66.2607
-65.2018
-63.8893
-62.3572
-60.6375
-58.7606
-56.755
-54.6466
-52.4592
-50.2141
-47.9302
-45.6242
-43.3102
-41.0013
-38.7063
-36.4355
-34.5126
-32.8128
-31.1083
-29.218
-27.54
-25.2421
-24.0779
-20.5742
-21.4354
-14.313
-21.2516
-4.64505
-26.4308
131.319
131.625
131.969
132.181
132.54
132.985
133.525
134.14
134.812
135.512
136.206
136.859
137.434
137.891
138.191
138.296
138.173
137.79
137.119
136.142
134.847
133.228
131.291
129.047
126.516
123.726
120.71
117.505
114.152
110.691
107.165
103.612
100.071
96.5722
93.1463
89.8172
86.6041
83.5222
80.5818
77.7892
75.1468
72.6538
70.3063
68.098
66.0205
64.0635
62.2159
60.4656
58.8001
57.2068
55.6738
54.1896
52.7437
51.3266
49.9302
48.5476
47.1734
45.8033
44.4344
43.065
41.6946
40.3235
38.9533
37.586
36.2248
34.872
33.5348
32.3854
31.3719
30.3286
29.235
28.1701
26.9403
26.1031
24.3221
24.8002
20.4725
26.5384
12.0522
37.61
130.809
129.624
128.326
127.025
125.611
124.12
122.592
121.021
119.41
117.784
116.163
114.546
112.899
111.16
109.253
107.096
104.613
101.736
98.4088
94.5884
90.2499
85.3857
80.0066
74.142
67.8357
61.1449
54.1362
46.8835
39.4634
31.954
24.4325
16.9712
9.63753
2.49463
-4.40181
-11.0021
-17.2631
-23.1481
-28.6263
-33.6732
-38.2701
-42.4035
-46.0661
-49.2556
-51.9748
-54.2315
-56.0379
-57.4104
-58.369
-58.9365
-59.1387
-59.0032
-58.5586
-57.8346
-56.861
-55.6672
-54.2819
-52.7325
-51.0451
-49.244
-47.3515
-45.3881
-43.3723
-41.32
-39.2461
-37.1622
-35.0788
-33.303
-31.723
-30.1373
-28.3569
-26.785
-24.5966
-23.4974
-20.1596
-20.9364
-14.2256
-20.6365
-5.07192
-25.5613
135.412
135.739
135.891
135.917
135.818
135.559
135.156
134.608
133.92
133.101
132.158
131.102
129.944
128.694
127.363
125.961
124.496
122.975
121.399
119.771
118.089
116.351
114.55
112.681
110.737
108.714
106.607
104.414
102.138
99.784
97.3592
94.8758
92.3478
89.7915
87.2247
84.6652
82.1305
79.6372
77.2
74.8312
72.5408
70.336
68.2212
66.1983
64.2667
62.4237
60.6647
58.9837
57.3733
55.8257
54.3323
52.8847
51.4746
50.0941
48.7361
47.3944
46.0638
44.7399
43.4194
42.1004
40.7817
39.4631
38.1456
36.8306
35.5208
34.2181
32.9297
31.8208
30.8421
29.834
28.7763
27.746
26.5567
25.7428
24.0271
24.4711
20.3184
26.1273
12.192
36.8579
134.907
134.148
133.224
132.172
130.933
129.429
127.6
125.397
122.796
119.819
116.528
113.003
109.309
105.488
101.564
97.5509
93.4641
89.3121
85.0978
80.8181
76.4635
72.0193
67.4683
62.7933
57.978
53.0102
47.8835
42.5989
37.1653
31.6
25.9296
20.1866
14.4092
8.64149
2.92878
-2.6819
-8.14415
-13.4137
-18.449
-23.2123
-27.6709
-31.7961
-35.565
-38.9605
-41.9703
-44.5878
-46.8113
-48.6443
-50.0949
-51.175
-51.9004
-52.2896
-52.3642
-52.1473
-51.6635
-50.9381
-49.9968
-48.8648
-47.567
-46.1269
-44.5672
-42.9086
-41.1706
-39.3706
-37.5246
-35.6467
-33.7472
-32.1149
-30.6495
-29.1769
-27.5019
-26.033
-23.9471
-22.9219
-19.7184
-20.4738
-14.0431
-20.1667
-5.22819
-25.0064
116.463
116.636
116.807
116.968
117.093
117.177
117.213
117.191
117.101
116.932
116.673
116.317
115.853
115.275
114.578
113.757
112.81
111.74
110.548
109.24
107.823
106.305
104.696
103.005
101.243
99.4186
97.5412
95.6185
93.6577
91.6645
89.6448
87.6039
85.5466
83.4787
81.4064
79.3362
77.2756
75.2321
73.2137
71.2282
69.283
67.3842
65.5372
63.7459
62.0127
60.3383
58.7221
57.1621
55.6548
54.1959
52.7804
51.4025
50.0564
48.7362
47.4364
46.1518
44.8778
43.6105
42.3469
41.0849
39.8233
38.5615
37.3001
36.0402
34.7842
33.5336
32.2956
31.228
30.2846
29.3123
28.2911
27.296
26.1466
25.3597
23.6997
24.1317
20.1051
25.757
12.1801
36.2891
116.07
115.372
114.629
113.904
113.155
112.345
111.44
110.407
109.202
107.78
106.114
104.195
102.031
99.6267
96.9807
94.088
90.9474
87.5636
83.9472
80.1128
76.0782
71.8627
67.4867
62.9706
58.3334
53.593
48.765
43.8636
38.9014
33.8908
28.8454
23.7791
18.7076
13.6506
8.62986
3.67027
-1.20062
-5.95354
-10.5578
-14.9828
-19.1987
-23.1766
-26.8905
-30.318
-33.4398
-36.241
-38.7106
-40.8427
-42.6357
-44.092
-45.2181
-46.0242
-46.524
-46.7337
-46.6715
-46.3578
-45.8141
-45.0622
-44.1245
-43.0228
-41.7787
-40.4126
-38.9441
-37.3908
-35.7696
-34.0964
-32.3811
-30.8926
-29.5421
-28.183
-26.6145
-25.2507
-23.2651
-22.3249
-19.2363
-20.0143
-13.7861
-19.7561
-5.24161
-24.5587
89.4503
89.566
89.718
89.8632
90.0061
90.1481
90.2871
90.4213
90.5486
90.6654
90.7687
90.8538
90.9153
90.9471
90.9421
90.8929
90.7909
90.6281
90.396
90.0865
89.6924
89.2072
88.6262
87.9461
87.1655
86.2852
85.3077
84.2374
83.0798
81.8419
80.532
79.1586
77.7302
76.2557
74.7438
73.2027
71.6407
70.0653
68.4841
66.904
65.3317
63.7732
62.2337
60.7182
59.2302
57.7725
56.3469
54.954
53.5932
52.2633
50.9618
49.686
48.4324
47.1971
45.9765
44.7667
43.5644
42.3665
41.1705
39.9747
38.7777
37.5793
36.3798
35.1802
33.9826
32.7883
31.6046
30.5818
29.6768
28.7434
27.7619
26.8046
25.6984
24.9395
23.3413
23.7551
19.8736
25.3352
12.1667
35.6485
89.1371
88.5024
87.8292
87.1865
86.5286
85.8408
85.1166
84.3396
83.4905
82.5475
81.4909
80.3109
79.0087
77.59
76.0573
74.4042
72.6172
70.6804
68.5797
66.3035
63.842
61.1879
58.3372
55.2898
52.0493
48.6236
45.024
41.2648
37.3633
33.3384
29.2114
25.0038
20.7372
16.4351
12.1205
7.81704
3.54916
-0.658428
-4.78022
-8.79053
-12.6636
-16.3737
-19.896
-23.2076
-26.287
-29.1155
-31.6771
-33.9596
-35.9543
-37.6561
-39.0637
-40.1797
-41.01
-41.5639
-41.853
-41.892
-41.697
-41.2858
-40.677
-39.8898
-38.9436
-37.8575
-36.6501
-35.339
-33.9407
-32.4723
-30.9429
-29.6008
-28.3687
-27.127
-25.6698
-24.4151
-22.5356
-21.6833
-18.7169
-19.517
-13.5028
-19.3063
-5.24594
-24.0484
72.4493
72.6167
72.8107
72.9939
73.1766
73.3553
73.5286
73.6955
73.8544
74.0042
74.1436
74.2711
74.3853
74.4847
74.5675
74.6315
74.6746
74.6946
74.6877
74.6506
74.5794
74.4695
74.3156
74.1125
73.8552
73.5383
73.157
72.7074
72.186
71.5911
70.9219
70.1794
69.3658
68.4846
67.5403
66.5386
65.4859
64.3889
63.2549
62.0909
60.9038
59.6999
58.4856
57.2665
56.0473
54.8324
53.625
52.4277
51.242
50.0687
48.9079
47.7588
46.6201
45.49
44.3664
43.2472
42.1302
41.0133
39.8948
38.7735
37.6485
36.5198
35.3876
34.2531
33.1183
31.9842
30.8585
29.8835
29.0198
28.1279
27.1889
26.2716
25.2119
24.4812
22.9516
23.3391
19.6228
24.86
12.1492
34.9304
72.1648
71.6608
71.119
70.5878
70.0318
69.4447
68.8315
68.1811
67.4749
66.6948
65.822
64.8409
63.7475
62.5496
61.2604
59.8898
58.4402
56.9075
55.2854
53.568
51.7494
49.8232
47.7828
45.6215
43.3329
40.9115
38.3531
35.6562
32.8212
29.8515
26.7541
23.5387
20.2177
16.8073
13.3255
9.79261
6.23059
2.66267
-0.886863
-4.3933
-7.83164
-11.1768
-14.4041
-17.49
-20.412
-23.149
-25.6822
-27.9952
-30.0743
-31.909
-33.4919
-34.8191
-35.89
-36.7072
-37.2763
-37.6059
-37.7066
-37.5916
-37.275
-36.7727
-36.1013
-35.2774
-34.3181
-33.2401
-32.0589
-30.792
-29.4475
-28.2524
-27.1403
-26.0177
-24.6753
-23.5315
-21.7638
-20.9993
-18.1654
-18.9797
-13.2002
-18.8121
-5.24416
-23.4852
61.5285
61.712
61.9137
62.1118
62.3135
62.5149
62.7158
62.9147
63.1104
63.3012
63.4856
63.6618
63.8279
63.9819
64.1218
64.2453
64.3507
64.4358
64.4984
64.5366
64.5488
64.5328
64.4866
64.4083
64.296
64.1475
63.9605
63.7326
63.4612
63.1441
62.7787
62.3631
61.8958
61.3756
60.8023
60.1765
59.4994
58.7733
58.0014
57.1873
56.3351
55.4493
54.5348
53.5961
52.6377
51.664
50.6785
49.6846
48.6847
47.681
46.6749
45.6669
44.6575
43.6463
42.6326
41.6156
40.5942
39.5676
38.5346
37.4948
36.4479
35.3939
34.3336
33.2681
32.1995
31.1289
30.0639
29.1391
28.3185
27.4698
26.5751
25.6993
24.6883
23.9861
22.5285
22.8873
19.3416
24.3502
12.0921
34.197
61.2696
60.8622
60.4223
59.9834
59.5221
59.0343
58.5285
58.0043
57.4508
56.8532
56.1961
55.4613
54.6324
53.7029
52.6773
51.5647
50.3727
49.1031
47.7531
46.3182
44.7949
43.1812
41.4755
39.6763
37.7823
35.7919
33.704
31.5178
29.2326
26.8485
24.3669
21.7903
19.1223
16.3693
13.5395
10.6435
7.69417
4.70672
1.69839
-1.31182
-4.30352
-7.25513
-10.1446
-12.9498
-15.6487
-18.2203
-20.6443
-22.9025
-24.9784
-26.8578
-28.5291
-29.9836
-31.2154
-32.2219
-33.0031
-33.5622
-33.9047
-34.0387
-33.9743
-33.7232
-33.2987
-32.7147
-31.9859
-31.1274
-30.1534
-29.0811
-27.917
-26.8667
-25.8738
-24.8695
-23.6427
-22.6097
-20.9569
-20.2795
-17.5834
-18.4105
-12.8696
-18.2941
-5.20629
-22.9126
52.3931
52.5609
52.7442
52.9289
53.1193
53.3132
53.5108
53.7114
53.9143
54.1187
54.3236
54.5281
54.731
54.9307
55.1257
55.3143
55.4946
55.6644
55.8216
55.9638
56.0886
56.1934
56.2758
56.3334
56.3637
56.3647
56.3342
56.2704
56.1714
56.0357
55.8618
55.6484
55.3945
55.0991
54.7614
54.3808
53.9572
53.4907
52.9819
52.4319
51.8422
51.2148
50.5519
49.8563
49.1308
48.3783
47.6018
46.8041
45.9875
45.1545
44.3068
43.4458
42.5726
41.6879
40.7919
39.8848
38.9665
38.0369
37.0956
36.1429
35.1788
34.204
33.2193
32.2262
31.2268
30.2223
29.2206
28.3479
27.5719
26.768
25.9193
25.0862
24.1257
23.4527
22.0694
22.3989
19.0248
23.8096
11.9883
33.4628
52.1669
51.8252
51.4568
51.0872
50.6981
50.2844
49.8532
49.4092
48.951
48.4713
47.9589
47.4019
46.7851
46.0943
45.3229
44.4731
43.5519
42.5647
41.5127
40.3923
39.1978
37.9247
36.5697
35.1302
33.604
31.9893
30.285
28.4906
26.6065
24.6338
22.5743
20.4308
18.2066
15.9062
13.5354
11.1009
8.61093
6.07533
3.50542
0.914277
-1.68361
-4.27201
-6.83364
-9.3504
-11.8033
-14.1734
-16.4416
-18.59
-20.6013
-22.4599
-24.1518
-25.6653
-26.991
-28.1221
-29.0544
-29.7863
-30.319
-30.6559
-30.803
-30.768
-30.5606
-30.1916
-29.6731
-29.0181
-28.2387
-27.3517
-26.3614
-25.4519
-24.5758
-23.6878
-22.5763
-21.6531
-20.117
-19.5261
-16.9703
-17.812
-12.5068
-17.7578
-5.12639
-22.3383
44.69
44.8421
45.0078
45.1764
45.351
45.5305
45.7149
45.9039
46.0972
46.2944
46.4951
46.6987
46.9047
47.1122
47.3206
47.5287
47.7356
47.94
48.1405
48.3356
48.5236
48.7026
48.8705
49.0251
49.1641
49.285
49.3855
49.4629
49.5147
49.5387
49.5326
49.4942
49.4219
49.3141
49.1695
48.9869
48.7657
48.5053
48.2056
47.8667
47.489
47.0731
46.6199
46.1308
45.6071
45.0507
44.4632
43.8467
43.2028
42.5336
41.8407
41.1256
40.3895
39.6336
38.8587
38.0655
37.2545
36.4261
35.5808
34.7191
33.8416
32.9494
32.0435
31.1256
30.1981
29.2622
28.3259
27.5071
26.7773
26.0196
25.2185
24.4296
23.5213
22.8783
21.5713
21.8713
18.6709
23.2335
11.8448
32.7146
44.4931
44.2047
43.8942
43.5821
43.2528
42.9008
42.53
42.1443
41.7464
41.3363
40.9086
40.4546
39.9644
39.4255
38.8252
38.1576
37.4246
36.6325
35.7867
34.8892
33.9375
32.9267
31.8525
30.7117
29.5016
28.2195
26.8626
25.4288
23.9166
22.3248
20.6535
18.9033
17.0759
15.1739
13.2014
11.1631
9.06541
6.91554
4.72217
2.49511
0.245574
-2.01404
-4.27012
-6.50811
-8.71245
-10.867
-12.955
-14.9602
-16.866
-18.657
-20.3185
-21.8373
-23.202
-24.403
-25.433
-26.2869
-26.9621
-27.4583
-27.7774
-27.9235
-27.9028
-27.7229
-27.3929
-26.9235
-26.3245
-25.6117
-24.7868
-24.0128
-23.2503
-22.4757
-21.4783
-20.6632
-19.2445
-18.7393
-16.326
-17.1832
-12.1121
-17.1994
-5.01139
-21.7532
38.5007
38.6399
38.7907
38.945
39.1055
39.2711
39.4421
39.6183
39.7996
39.9857
40.1765
40.3715
40.5705
40.7729
40.9783
41.186
41.3954
41.6057
41.8159
42.0252
42.2325
42.4364
42.6358
42.8292
43.0149
43.1912
43.3564
43.5084
43.645
43.7641
43.8635
43.9408
43.9939
44.0204
44.0183
43.9858
43.921
43.8227
43.6894
43.5205
43.3152
43.0733
42.7946
42.4794
42.1283
41.7418
41.321
40.8667
40.3802
39.8627
39.3155
38.7397
38.1365
37.507
36.8522
36.1731
35.4703
34.7448
33.9973
33.2287
32.4401
31.6325
30.8075
29.9669
29.1133
28.2478
27.3787
26.6154
25.9332
25.223
24.471
23.7273
22.8727
22.2605
21.0318
21.3021
18.2785
22.6188
11.6651
31.9418
38.3281
38.0841
37.8218
37.5571
37.2778
36.9791
36.6628
36.3303
35.9833
35.6246
35.2553
34.8714
34.4656
34.0297
33.5526
33.0229
32.4345
31.7887
31.091
30.3469
29.5588
28.7251
27.8419
26.9056
25.9137
24.8644
23.7555
22.5848
21.3506
20.0511
18.6854
17.2525
15.7523
14.1855
12.5535
10.8588
9.10481
7.29617
5.43874
3.53952
1.60681
-0.349847
-2.31976
-4.29126
-6.25159
-8.18716
-10.0837
-11.9266
-13.7012
-15.3927
-16.9869
-18.4703
-19.8305
-21.0566
-22.1392
-23.0707
-23.8457
-24.4607
-24.9144
-25.2076
-25.3431
-25.3255
-25.1611
-24.858
-24.4235
-23.8718
-23.2024
-22.5571
-21.9037
-21.2386
-20.353
-19.6434
-18.3421
-17.921
-15.6513
-16.5243
-11.6868
-16.6167
-4.86609
-21.1522
33.4593
33.5853
33.721
33.8609
34.0066
34.1577
34.3143
34.4764
34.644
34.8171
34.9954
35.1788
35.3673
35.5603
35.7578
35.9593
36.1643
36.3723
36.5827
36.7947
37.0077
37.2205
37.4324
37.6422
37.8487
38.0506
38.2465
38.4351
38.6145
38.7831
38.9392
39.081
39.2063
39.3134
39.4001
39.4644
39.5043
39.518
39.5037
39.4596
39.3844
39.2769
39.136
38.9611
38.7516
38.5073
38.2282
37.9144
37.5664
37.1846
36.7698
36.3225
35.8438
35.3342
34.7949
34.2264
33.6298
33.006
32.3558
31.6804
30.9809
30.2588
29.5156
28.7532
27.9745
27.1806
26.3799
25.6731
25.0393
24.3777
23.6756
22.9783
22.1785
21.5979
20.4488
20.6896
17.8453
21.964
11.4485
31.1421
33.3079
33.1002
32.8771
32.6512
32.4131
32.1586
31.889
31.6049
31.3054
30.9921
30.6679
30.3345
29.9889
29.6256
29.2373
28.8146
28.3468
27.8277
27.2579
26.642
25.9851
25.2898
24.5551
23.7775
22.9536
22.0814
21.1592
20.1855
19.1586
18.0769
16.9396
15.7455
14.494
13.1853
11.8196
10.398
8.92237
7.39523
5.82013
4.20155
2.5451
0.85756
-0.853237
-2.57842
-4.30792
-6.03077
-7.73513
-9.40858
-11.0382
-12.6106
-14.1127
-15.5315
-16.8546
-18.0705
-19.1688
-20.1404
-20.9778
-21.6753
-22.229
-22.6369
-22.8991
-23.0173
-22.9948
-22.8376
-22.5501
-22.1451
-21.6194
-21.0948
-20.5448
-19.9839
-19.2066
-18.5987
-17.4136
-17.074
-14.9485
-15.8368
-11.2323
-16.0097
-4.69251
-20.5334
29.2402
29.353
29.4743
29.5997
29.7306
29.8667
30.0083
30.1554
30.308
30.4662
30.6299
30.7991
30.9738
31.1539
31.3391
31.5293
31.7243
31.9237
32.1271
32.3341
32.5442
32.7566
32.9708
33.1858
33.4008
33.6148
33.8266
34.0351
34.2389
34.4366
34.6267
34.8076
34.9777
35.1352
35.2784
35.4053
35.5142
35.6032
35.6704
35.7139
35.7322
35.7234
35.6861
35.619
35.5208
35.3906
35.2274
35.0309
34.8005
34.5362
34.2377
33.9054
33.5395
33.1404
32.7085
32.2446
31.7493
31.2234
30.6678
30.0835
29.4719
28.8343
28.1724
27.4882
26.7844
26.0623
25.3304
24.6805
24.0957
23.4831
22.8316
22.1812
21.4369
20.8886
19.8202
20.0322
17.369
21.2679
11.1954
30.3139
29.1077
28.9298
28.7389
28.5452
28.3412
28.1233
27.8924
27.649
27.3923
27.1214
26.8374
26.543
26.2402
25.9274
25.6
25.2521
24.8753
24.46
23.9999
23.4948
22.9486
22.3663
21.7507
21.1011
20.4143
19.6873
18.9181
18.1052
17.2473
16.3428
15.3905
14.3894
13.3385
12.2375
11.0863
9.88537
8.6356
7.33852
5.99637
4.61207
3.18944
1.73318
0.248935
-1.25676
-2.77627
-4.30105
-5.82165
-7.32783
-8.80867
-10.2527
-11.6482
-12.9832
-14.246
-15.4252
-16.5102
-17.4912
-18.3595
-19.1079
-19.7307
-20.2237
-20.5845
-20.8126
-20.9087
-20.8764
-20.7178
-20.4439
-20.049
-19.6356
-19.1823
-18.7194
-18.0454
-17.5346
-16.4631
-16.2018
-14.2198
-15.1223
-10.7499
-15.3784
-4.49342
-19.8947
25.6729
25.7735
25.8814
25.9932
26.1103
26.2322
26.3593
26.4917
26.6294
26.7725
26.9211
27.0752
27.2348
27.3999
27.5706
27.7466
27.928
28.1144
28.3058
28.5018
28.702
28.9063
29.1139
29.3245
29.5372
29.7516
29.9666
30.1814
30.395
30.6062
30.8138
31.0164
31.2126
31.401
31.5798
31.7474
31.9022
32.0422
32.1656
32.2707
32.3556
32.4186
32.4579
32.4719
32.459
32.4178
32.3469
32.2453
32.1119
31.9461
31.747
31.5144
31.248
30.9475
30.6133
30.2454
29.8443
29.4104
28.9447
28.4478
27.921
27.3655
26.7831
26.1757
25.5459
24.895
24.2314
23.6383
23.1025
22.5389
21.9381
21.335
20.6463
20.131
19.1435
19.3277
16.8476
20.5282
10.9061
29.4504
25.5568
25.4039
25.2399
25.0732
24.8976
24.7103
24.5118
24.3023
24.0815
23.8485
23.6026
23.3443
23.0757
22.7993
22.5144
22.2175
21.9036
21.5653
21.1938
20.783
20.3319
19.844
19.3239
18.7747
18.1961
17.5853
16.9395
16.2568
15.5361
14.776
13.9754
13.1331
12.2479
11.3193
10.3467
9.33003
8.26954
7.16598
6.02064
4.83538
3.61276
2.35607
1.06938
-0.242521
-1.57389
-2.9181
-4.26773
-5.61457
-6.94963
-8.26327
-9.54532
-10.7852
-11.9724
-13.0961
-14.146
-15.1123
-15.9859
-16.7586
-17.4235
-17.9749
-18.4087
-18.7223
-18.9144
-18.9865
-18.9382
-18.7791
-18.5011
-18.1887
-17.8244
-17.4522
-16.876
-16.4564
-15.495
-15.3079
-13.4678
-14.3823
-10.2419
-14.7216
-4.27288
-19.23
22.6373
22.7268
22.8226
22.9222
23.0265
23.1353
23.249
23.3676
23.4912
23.6199
23.7539
23.8932
24.0379
24.188
24.3436
24.5046
24.6711
24.843
25.0201
25.2023
25.3895
25.5814
25.7777
25.978
26.1819
26.3889
26.5984
26.8098
27.0223
27.2349
27.4469
27.657
27.8642
28.0672
28.2646
28.4549
28.6367
28.8083
28.9679
29.1139
29.2444
29.3577
29.4519
29.5252
29.576
29.6024
29.6031
29.5763
29.5208
29.4354
29.3189
29.1705
28.9894
28.775
28.527
28.2451
27.9295
27.5802
27.1978
26.7829
26.3363
25.8593
25.3533
24.8201
24.2622
23.681
23.0844
22.5474
22.0598
21.545
20.9945
20.4384
19.8052
19.3233
18.4168
18.5739
16.2792
19.7411
10.5826
28.5423
22.5356
22.4037
22.2623
22.1183
21.9669
21.8054
21.6343
21.4536
21.2628
21.0617
20.8497
20.626
20.3905
20.1449
19.8917
19.6312
19.3608
19.0762
18.7711
18.4373
18.0687
17.6639
17.2256
16.7583
16.2652
15.7465
15.1997
14.6223
14.0125
13.3693
12.6917
11.9786
11.2289
10.4417
9.61648
8.75271
7.85026
6.90932
5.9305
4.91483
3.8639
2.77992
1.6657
0.524717
-0.6388
-1.8198
-3.01252
-4.21046
-5.40631
-6.59213
-7.75932
-8.89882
-10.0012
-11.0568
-12.056
-12.9894
-13.8479
-14.623
-15.3072
-15.8939
-16.3776
-16.7544
-17.0211
-17.1776
-17.2216
-17.1608
-16.9851
-16.7628
-16.4792
-16.1898
-15.7045
-15.3697
-14.5138
-14.3957
-12.696
-13.6183
-9.71264
-14.0374
-4.03844
-18.528
20.0341
20.1136
20.1985
20.2869
20.3796
20.4765
20.5778
20.6836
20.7941
20.9094
21.0295
21.1547
21.285
21.4205
21.5613
21.7074
21.8588
22.0156
22.1777
22.3451
22.5177
22.6954
22.8779
23.0651
23.2566
23.4522
23.6513
23.8536
24.0585
24.2652
24.4732
24.6815
24.8893
25.0956
25.2991
25.4988
25.6933
25.8812
26.0609
26.231
26.3898
26.5355
26.6664
26.7807
26.8766
26.9524
27.0062
27.0365
27.0414
27.0197
26.9697
26.8903
26.7804
26.6389
26.4651
26.2584
26.0184
25.7451
25.4384
25.0986
24.7265
24.3228
23.8888
23.4263
22.9372
22.4229
21.8913
21.4087
20.9683
20.5012
20.0002
19.4908
18.9122
18.4637
17.6379
17.768
15.6627
18.9012
10.2274
27.5759
19.945
19.8308
19.7084
19.5837
19.4525
19.3128
19.1648
19.0084
18.8432
18.6687
18.4849
18.2915
18.0873
17.8718
17.6464
17.4136
17.1742
16.9264
16.6666
16.3894
16.0878
15.7558
15.3915
14.9971
14.5767
14.1335
13.6678
13.1771
12.6591
12.1122
11.5358
10.9289
10.2907
9.62024
8.91671
8.17959
7.40853
6.60341
5.76443
4.89209
3.98732
3.05154
2.08664
1.09506
0.0798639
-0.955187
-2.0057
-3.06659
-4.13207
-5.19567
-6.25028
-7.28823
-8.30138
-9.28125
-10.2192
-11.1063
-11.9341
-12.6942
-13.3789
-13.9811
-14.4945
-14.9143
-15.236
-15.4581
-15.5766
-15.5978
-15.51
-15.3664
-15.1545
-14.9394
-14.5377
-14.2801
-13.5248
-13.469
-11.9086
-12.8301
-9.16806
-13.3174
-3.80098
-17.7723
17.7725
17.843
17.9184
17.9969
18.0792
18.1654
18.2556
18.35
18.4486
18.5516
18.6592
18.7713
18.8883
19.0101
19.1369
19.2687
19.4057
19.5478
19.6951
19.8476
20.0052
20.168
20.3357
20.5084
20.6858
20.8677
21.0538
21.2438
21.4373
21.6338
21.8327
22.0334
22.2353
22.4375
22.6391
22.8391
23.0364
23.23
23.4184
23.6002
23.7741
23.9384
24.0917
24.2321
24.3579
24.4675
24.559
24.6306
24.6806
24.7074
24.7093
24.6848
24.6325
24.5511
24.4394
24.2968
24.1223
23.9153
23.6757
23.4035
23.099
22.7626
22.3954
21.9988
21.5746
21.1239
20.654
20.2238
19.8289
19.408
18.9549
18.491
17.9659
17.5502
16.8055
16.9059
14.9993
17.9975
9.84829
26.5296
17.6942
17.5951
17.489
17.3806
17.2667
17.1455
17.0171
16.8815
16.7381
16.5867
16.4268
16.2584
16.0813
15.8944
15.6968
15.4892
15.2744
15.0539
14.8265
14.5893
14.3372
14.0635
13.7624
13.4327
13.0768
12.6981
12.2998
11.882
11.4421
10.9773
10.4863
9.96881
9.42417
8.85163
8.25035
7.61966
6.95912
6.26849
5.54771
4.79698
4.0168
3.20807
2.37205
1.51042
0.625386
-0.280268
-1.20323
-2.1396
-3.08484
-4.03376
-4.98059
-5.91896
-6.84195
-7.74232
-8.61239
-9.44418
-10.2299
-10.9616
-11.6315
-12.2329
-12.7589
-13.204
-13.563
-13.8334
-14.0098
-14.0973
-14.0827
-14.0064
-13.8575
-13.7074
-13.3817
-13.1925
-12.5339
-12.5293
-11.1137
-12.0129
-8.62293
-12.5467
-3.59132
-16.9298
15.8293
15.8914
15.9576
16.0267
16.0992
16.1751
16.2546
16.3378
16.4248
16.5159
16.611
16.7103
16.814
16.9222
17.0349
17.1523
17.2745
17.4015
17.5334
17.6703
17.8121
17.959
18.1108
18.2675
18.4289
18.5951
18.7658
18.9408
19.1197
19.3023
19.4882
19.6768
19.8678
20.0603
20.2537
20.4473
20.6401
20.8311
21.0194
21.2037
21.3826
21.5549
21.7191
21.8737
22.0171
22.1476
22.2635
22.3632
22.4447
22.5066
22.5471
22.5642
22.5566
22.5229
22.4616
22.3716
22.2518
22.1014
21.9198
21.7067
21.462
21.186
20.8793
20.543
20.1785
19.7871
19.3751
18.9942
18.6425
18.2655
17.8583
17.4381
16.9652
16.5799
15.9185
15.9804
14.2917
17.0178
9.45964
25.3863
15.7609
15.6751
15.5832
15.4893
15.3907
15.2858
15.1747
15.0573
14.9333
14.8023
14.6642
14.5192
14.3671
14.206
14.0307
13.8334
13.6095
13.3631
13.1052
12.8497
12.6094
12.3926
12.1939
11.9933
11.7642
11.4853
11.1511
10.7754
10.3781
9.96941
9.54672
9.10327
8.63504
8.14141
7.62286
7.0793
6.51023
5.91506
5.29349
4.64543
3.97112
3.27108
2.54606
1.79719
1.02604
0.234573
-0.574686
-1.39881
-2.23427
-3.07695
-3.92223
-4.76494
-5.59923
-6.41901
-7.21774
-7.98832
-8.7237
-9.41679
-10.0601
-10.6471
-11.1711
-11.6261
-12.0065
-12.3093
-12.5279
-12.6664
-12.7111
-12.6904
-12.5955
-12.5003
-12.244
-12.1109
-11.5492
-11.5758
-10.3232
-11.1572
-8.09715
-11.7032
-3.44048
-15.9698
13.5618
13.6146
13.6706
13.7292
13.7907
13.8553
13.923
13.9939
14.0682
14.1462
14.2276
14.3129
14.402
14.4951
14.5925
14.694
14.7999
14.9103
15.0251
15.1447
15.2689
15.3978
15.5316
15.6702
15.8135
15.9616
16.1144
16.2717
16.4334
16.5994
16.7693
16.9429
17.1198
17.2995
17.4815
17.6655
17.8506
18.036
18.2211
18.4048
18.5861
18.7638
18.9367
19.1037
19.2633
19.4139
19.554
19.682
19.7962
19.8949
19.9764
20.0388
20.0806
20.1001
20.0957
20.0658
20.0093
19.9249
19.8116
19.6687
19.4958
19.2927
19.0597
18.7973
18.5066
18.1887
17.8489
17.5301
17.2331
16.9119
16.5633
16.1989
15.7944
15.4471
14.8979
14.9087
13.5046
15.8953
9.06217
24.1028
13.5044
13.4332
13.3568
13.2786
13.1965
13.1094
13.0171
12.9197
12.8169
12.7083
12.5935
12.472
12.3434
12.2079
12.0659
11.9183
11.7643
11.6022
11.4314
11.2534
11.0689
10.8769
10.6755
10.4614
10.2299
9.97858
9.70808
9.41791
9.10673
8.77568
8.42717
8.06168
7.67794
7.27448
6.85035
6.40485
5.93763
5.44834
4.93665
4.40223
3.84503
3.2652
2.66307
2.03926
1.39467
0.730518
0.0484636
-0.649471
-1.36089
-2.08277
-2.81173
-3.54388
-4.27465
-4.99915
-5.7122
-6.40787
-7.07994
-7.72235
-8.32832
-8.89154
-9.40562
-9.86457
-10.2624
-10.5951
-10.8562
-11.0469
-11.1556
-11.1931
-11.161
-11.1208
-10.9527
-10.8659
-10.4428
-10.4611
-9.46279
-10.1278
-7.58306
-10.6508
-3.40736
-14.7717
11.2801
11.3227
11.368
11.4154
11.4653
11.5176
11.5725
11.6302
11.6908
11.7544
11.8209
11.8907
11.9638
12.0403
12.1205
12.2043
12.2919
12.3834
12.4789
12.5786
12.6825
12.7906
12.9033
13.0205
13.1421
13.2683
13.3991
13.5344
13.6742
13.8184
13.9671
14.1199
14.2768
14.4374
14.6014
14.7685
14.9384
15.1104
15.284
15.4585
15.6333
15.8073
15.9797
16.1496
16.3158
16.4769
16.6316
16.7787
16.9165
17.0435
17.1579
17.2582
17.3428
17.4096
17.4572
17.4839
17.488
17.4681
17.423
17.3515
17.2527
17.1261
16.9715
16.789
16.5791
16.3426
16.0841
15.8358
15.6012
15.3448
15.0641
14.7675
14.4385
14.1515
13.7051
13.729
12.5294
14.778
8.42243
23.0635
11.2343
11.1784
11.1186
11.0571
10.9927
10.9244
10.852
10.7757
10.6952
10.6102
10.5203
10.4251
10.3247
10.22
10.1133
10.0075
9.90504
9.8046
9.69948
9.58049
9.44021
9.27596
9.08947
8.88597
8.67312
8.45665
8.23776
8.01327
7.77661
7.52192
7.24841
6.95909
6.65603
6.33879
6.0056
5.65515
5.28694
4.90065
4.49595
4.07245
3.62988
3.16809
2.68709
2.18707
1.66834
1.13163
0.577731
0.00792953
-0.576362
-1.17317
-1.78019
-2.39478
-3.0137
-3.63328
-4.24956
-4.85808
-5.45371
-6.0314
-6.58544
-7.1101
-7.59961
-8.04827
-8.45001
-8.80046
-9.09274
-9.32697
-9.4913
-9.58457
-9.60867
-9.62875
-9.53571
-9.51888
-9.19672
-9.28008
-8.42719
-9.11837
-6.80532
-9.80733
-2.94341
-14.1946
9.43196
9.46686
9.50395
9.54289
9.58382
9.62676
9.67184
9.71924
9.76903
9.82129
9.87607
9.93354
9.99387
10.057
10.1232
10.1925
10.265
10.3408
10.4201
10.5029
10.5894
10.6797
10.7738
10.8718
10.9739
11.0801
11.1902
11.3046
11.4232
11.5459
11.6728
11.8038
11.9388
12.0777
12.2202
12.3662
12.5154
12.6676
12.8223
12.979
13.1374
13.2966
13.456
13.615
13.7727
13.9279
14.0797
14.2271
14.3687
14.503
14.6288
14.7447
14.8488
14.9397
15.0159
15.0755
15.117
15.1389
15.1398
15.1183
15.0733
15.004
14.9097
14.7903
14.6457
14.4765
14.2865
14.0991
13.9191
13.7203
13.5006
13.266
13.0062
12.7777
12.4249
12.4714
11.4544
13.6055
7.6716
21.9989
9.39477
9.35029
9.30261
9.25351
9.20203
9.14743
9.08968
9.02871
8.96435
8.89643
8.82467
8.74882
8.66867
8.58404
8.49467
8.40049
8.30171
8.19853
8.09074
7.97689
7.85461
7.72301
7.58421
7.44116
7.29534
7.14557
6.9881
6.81833
6.63344
6.43316
6.21788
5.98811
5.74526
5.49082
5.22451
4.94506
4.65133
4.34276
4.01897
3.67976
3.32484
2.95394
2.56693
2.16373
1.74444
1.30941
0.859048
0.394049
-0.0846306
-0.575863
-1.07798
-1.58924
-2.10739
-2.62975
-3.15341
-3.67496
-4.19049
-4.69593
-5.18668
-5.65795
-6.1048
-6.52212
-6.90437
-7.24742
-7.5445
-7.79529
-7.98813
-8.11462
-8.17533
-8.23649
-8.19806
-8.23449
-7.99109
-8.13221
-7.39391
-8.13109
-5.98993
-9.01722
-2.40591
-13.723
7.81727
7.84569
7.87589
7.90759
7.94092
7.97595
8.01271
8.0514
8.09208
8.1348
8.17963
8.22674
8.27619
8.32799
8.38235
8.43935
8.49904
8.5616
8.62705
8.69552
8.76712
8.84195
8.92014
9.00167
9.08674
9.17539
9.26759
9.36351
9.46316
9.56659
9.67384
9.78483
9.8995
10.0179
10.1399
10.2652
10.3939
10.5258
10.6604
10.7974
10.9368
11.0779
11.2201
11.363
11.5059
11.6481
11.7887
11.9269
12.0617
12.1919
12.3164
12.4341
12.5434
12.643
12.7317
12.8077
12.8695
12.916
12.9456
12.9569
12.9486
12.9199
12.8701
12.7984
12.7049
12.5896
12.4557
12.3193
12.1859
12.0369
11.8706
11.6913
11.4938
11.3195
11.0534
11.1201
10.2838
12.3267
6.83621
20.7503
7.78724
7.75164
7.71355
7.67428
7.63305
7.58938
7.54321
7.49445
7.44294
7.38862
7.33126
7.27065
7.20664
7.1391
7.06776
6.99244
6.91307
6.82957
6.74212
6.65089
6.55537
6.45396
6.34489
6.22829
6.10652
5.98204
5.8549
5.7229
5.58227
5.42976
5.26436
5.08603
4.89473
4.69147
4.47784
4.25448
4.02065
3.77511
3.51707
3.24623
2.9624
2.66542
2.35507
2.0312
1.69378
1.34288
0.978756
0.601742
0.212457
-0.188401
-0.599735
-1.02031
-1.44861
-1.88268
-2.3204
-2.75923
-3.1962
-3.62817
-4.05154
-4.46241
-4.85669
-5.23016
-5.57798
-5.89657
-6.1797
-6.42694
-6.62733
-6.76862
-6.8499
-6.93551
-6.93495
-7.00751
-6.82732
-7.00911
-6.37565
-7.1395
-5.17653
-8.19112
-1.88968
-13.102
6.36505
6.38765
6.41167
6.43687
6.46338
6.4913
6.5206
6.55145
6.58391
6.61802
6.65386
6.69152
6.73106
6.77252
6.81608
6.86182
6.90976
6.96005
7.01275
7.06792
7.12566
7.18615
7.24942
7.31549
7.38452
7.45662
7.53175
7.61006
7.6916
7.7764
7.86458
7.95606
8.05084
8.14901
8.25044
8.35513
8.46295
8.57378
8.68747
8.80374
8.92253
9.04345
9.1661
9.29005
9.41488
9.54009
9.66495
9.78884
9.91097
10.0304
10.1463
10.2577
10.3633
10.4621
10.5529
10.6343
10.705
10.764
10.8097
10.841
10.8566
10.8556
10.8373
10.8009
10.7461
10.673
10.5839
10.4893
10.3949
10.2881
10.1676
10.0368
9.89392
9.76827
9.57974
9.66331
8.99543
10.9229
5.87342
19.2947
6.34127
6.31334
6.28348
6.25267
6.22032
6.18603
6.14978
6.11153
6.07113
6.0285
5.98352
5.93604
5.88589
5.83294
5.77705
5.71803
5.65575
5.59004
5.52088
5.44835
5.37262
5.29359
5.21024
5.12083
5.02412
4.92136
4.81528
4.70759
4.59758
4.48246
4.35885
4.2246
4.0791
3.92232
3.75483
3.57817
3.39359
3.20085
2.99881
2.78656
2.56367
2.33
2.08545
1.82984
1.56305
1.28503
0.99586
0.695706
0.38491
0.0638905
-0.266667
-0.605913
-0.95283
-1.30604
-1.66401
-2.02492
-2.38653
-2.74645
-3.10194
-3.44993
-3.78713
-4.11018
-4.41494
-4.69854
-4.9555
-5.1855
-5.37852
-5.52102
-5.61057
-5.70774
-5.73121
-5.82613
-5.69456
-5.90347
-5.36058
-6.13807
-4.34338
-7.32215
-1.35272
-12.3694
5.06553
5.08302
5.10156
5.12103
5.14154
5.16314
5.1858
5.20967
5.23477
5.26116
5.2889
5.31805
5.34864
5.38076
5.41455
5.45002
5.48718
5.52616
5.56708
5.60994
5.65481
5.70183
5.75107
5.80255
5.85637
5.91262
5.97132
6.03258
6.09643
6.16297
6.23225
6.30423
6.37897
6.45659
6.53695
6.6201
6.706
6.79455
6.8857
6.97931
7.07528
7.1734
7.27343
7.37502
7.47792
7.58183
7.68612
7.79035
7.89404
7.9964
8.09683
8.19448
8.28844
8.37788
8.46178
8.53906
8.6087
8.66954
8.72056
8.76068
8.78882
8.80408
8.80571
8.79307
8.76576
8.72381
8.66889
8.6073
8.54417
8.47163
8.38898
8.29881
8.2017
8.11762
7.99497
8.08982
7.57047
9.37808
4.74496
17.5929
5.04714
5.0257
5.00277
4.97906
4.95418
4.92781
4.89993
4.87049
4.83941
4.80662
4.77201
4.73545
4.69685
4.65609
4.61307
4.56766
4.5197
4.46902
4.41554
4.35924
4.30012
4.23829
4.17388
4.10648
4.03471
3.95688
3.87274
3.78437
3.69436
3.60336
3.50985
3.41089
3.30382
3.18737
3.06114
2.92547
2.78176
2.63148
2.47497
2.3114
2.13987
1.95988
1.77137
1.57421
1.3683
1.1535
0.929757
0.697116
0.455717
0.205825
-0.0521717
-0.317738
-0.590215
-0.86868
-1.15206
-1.43907
-1.72815
-2.01749
-2.30506
-2.58862
-2.86554
-3.13327
-3.38851
-3.62898
-3.8501
-4.05185
-4.2253
-4.35777
-4.44515
-4.54265
-4.57771
-4.68249
-4.58535
-4.80882
-4.34028
-5.12078
-3.47523
-6.40558
-0.75608
-11.5486
3.76912
3.78212
3.79589
3.81037
3.82566
3.84175
3.85868
3.87654
3.89532
3.91508
3.93587
3.95775
3.98076
4.00497
4.03045
4.0572
4.08529
4.11479
4.14579
4.1783
4.21241
4.24819
4.28566
4.32493
4.36609
4.4091
4.45405
4.50103
4.55008
4.60124
4.65455
4.71002
4.7677
4.82765
4.88979
4.95413
5.02068
5.08938
5.16021
5.23308
5.30785
5.38442
5.46263
5.54223
5.62308
5.70493
5.78732
5.87003
5.95267
6.03465
6.11557
6.19482
6.27174
6.34573
6.41605
6.48193
6.54251
6.59688
6.64434
6.68404
6.71507
6.73669
6.74832
6.74945
6.73961
6.71881
6.6884
6.65137
6.6122
6.56656
6.51411
6.45682
6.39653
6.34604
6.27597
6.3724
5.97128
7.64712
3.3931
15.4679
3.75552
3.73981
3.723
3.7056
3.68733
3.668
3.6476
3.62606
3.60332
3.57933
3.55402
3.5273
3.49912
3.46941
3.43806
3.405
3.3701
3.33327
3.29442
3.25345
3.21027
3.16494
3.11762
3.06845
3.01734
2.96352
2.90532
2.8416
2.77331
2.70308
2.63278
2.56229
2.4897
2.41241
2.32844
2.2368
2.1373
2.03083
1.91884
1.80189
1.67919
1.54963
1.41275
1.26857
1.1173
0.959035
0.793752
0.621458
0.442231
0.256275
0.0638597
-0.134626
-0.338708
-0.547788
-0.761096
-0.977769
-1.1967
-1.41668
-1.63622
-1.85378
-2.06744
-2.27535
-2.4751
-2.66504
-2.84149
-3.00488
-3.14751
-3.25945
-3.33497
-3.42237
-3.45725
-3.55987
-3.48327
-3.70834
-3.29733
-4.06662
-2.5506
-5.409
-0.0783969
-10.5213
2.71637
2.72494
2.73405
2.74359
2.75362
2.76417
2.77527
2.78696
2.79919
2.81203
2.82555
2.8397
2.85457
2.87022
2.8866
2.90374
2.92175
2.94063
2.96038
2.98107
3.00276
3.02546
3.04921
3.07406
3.10006
3.1272
3.15559
3.18524
3.21619
3.24848
3.28214
3.31721
3.35373
3.39172
3.43119
3.47221
3.5147
3.5587
3.60427
3.6513
3.69977
3.74963
3.80076
3.85305
3.9065
3.96085
4.01583
4.07139
4.12721
4.18292
4.23822
4.29274
4.34611
4.39781
4.44734
4.49429
4.53796
4.57772
4.6131
4.64354
4.66832
4.68695
4.6991
4.70437
4.70236
4.69306
4.67763
4.65763
4.63506
4.60822
4.57703
4.543
4.50847
4.48069
4.44766
4.53583
4.22025
5.74559
1.87752
12.7394
2.70729
2.69662
2.68521
2.67343
2.66104
2.6479
2.63399
2.61927
2.60375
2.58736
2.57002
2.55167
2.53228
2.51182
2.49021
2.46734
2.44316
2.41763
2.39067
2.36214
2.33194
2.30004
2.2665
2.23139
2.19482
2.15693
2.11729
2.0746
2.02725
1.97516
1.92032
1.86491
1.80936
1.75196
1.6902
1.62243
1.54837
1.46837
1.38351
1.29562
1.20615
1.11483
1.02036
0.921623
0.818206
0.710114
0.597426
0.480141
0.358241
0.231742
0.100746
-0.0345523
-0.173892
-0.316926
-0.463185
-0.6121
-0.762972
-0.915009
-1.06723
-1.21861
-1.36788
-1.51379
-1.65471
-1.78963
-1.91578
-2.03408
-2.13812
-2.22221
-2.27843
-2.34749
-2.3725
-2.46302
-2.39419
-2.61002
-2.23831
-2.9847
-1.57166
-4.32253
0.682125
-9.16265
1.1292
1.13563
1.14249
1.14969
1.15726
1.16527
1.17374
1.18267
1.19204
1.20192
1.21233
1.2233
1.23485
1.24702
1.2598
1.27321
1.28733
1.30215
1.31767
1.33395
1.35103
1.3689
1.38762
1.40717
1.42755
1.44882
1.47099
1.49404
1.51799
1.54285
1.56858
1.59522
1.62271
1.65104
1.68024
1.71024
1.74097
1.77241
1.80453
1.83722
1.8705
1.90426
1.93833
1.9727
2.00739
2.04217
2.0769
2.1116
2.14605
2.18011
2.21363
2.24643
2.27836
2.30915
2.33852
2.36636
2.39234
2.41616
2.43765
2.45652
2.47244
2.48516
2.49462
2.5005
2.50256
2.50088
2.49616
2.48784
2.4784
2.46706
2.45396
2.44044
2.42875
2.42069
2.41283
2.48186
2.19159
3.44899
0.175621
8.49782
1.12264
1.11522
1.10722
1.0989
1.09017
1.08093
1.07111
1.06073
1.0498
1.03825
1.02603
1.01307
0.99935
0.984843
0.969476
0.953175
0.935876
0.917541
0.898081
0.877383
0.855357
0.831899
0.806953
0.780466
0.752321
0.722267
0.689808
0.654294
0.615456
0.575047
0.539522
0.521205
0.534778
0.58899
0.679841
0.788915
0.888541
0.952286
0.965849
0.931657
0.865321
0.785807
0.705966
0.629702
0.55551
0.481104
0.405519
0.328821
0.251325
0.173146
0.0942528
0.0146148
-0.0657625
-0.146817
-0.228462
-0.310556
-0.392873
-0.475176
-0.557077
-0.638165
-0.717872
-0.795693
-0.870749
-0.942772
-1.00988
-1.07349
-1.12854
-1.17508
-1.20367
-1.24587
-1.25165
-1.31969
-1.24822
-1.43818
-1.10277
-1.77507
-0.527824
-2.92078
1.32445
-6.64391
0.968903
0.967923
0.966874
0.965722
0.964455
0.963079
0.961595
0.959984
0.958216
0.956287
0.954201
0.951953
0.949524
0.946889
0.944045
0.940981
0.937693
0.934169
0.930384
0.926348
0.922055
0.917485
0.912657
0.907548
0.902167
0.89654
0.89064
0.884501
0.878159
0.871603
0.864867
0.858003
0.851022
0.843976
0.836936
0.829911
0.822984
0.816206
0.809603
0.80325
0.797252
0.791614
0.786332
0.781507
0.777192
0.773324
0.769947
0.767085
0.764659
0.762668
0.761083
0.759864
0.758964
0.758314
0.757796
0.757339
0.756834
0.756109
0.755062
0.753539
0.751462
0.748747
0.745434
0.741453
0.736812
0.731683
0.726952
0.725687
0.720876
0.71391
0.704908
0.694262
0.682542
0.668968
0.661166
0.701464
0.564415
1.24063
-0.365542
3.38773
0.969735
0.970499
0.971368
0.972288
0.973237
0.974222
0.97523
0.9763
0.977437
0.978628
0.979891
0.981241
0.982708
0.984295
0.986028
0.987943
0.990074
0.99248
0.995197
0.998325
1.00197
1.00615
1.01083
1.01574
1.02063
1.02598
1.03433
1.05125
1.08423
1.13753
1.20386
1.25854
1.26326
1.18094
0.99498
0.722175
0.412404
0.13202
-0.0634604
-0.15354
-0.157727
-0.117609
-0.0705323
-0.034794
-0.0119927
0.00265376
0.0127888
0.019301
0.0218365
0.0201692
0.0145174
0.0052802
-0.00712173
-0.0222928
-0.0398247
-0.0593133
-0.0803356
-0.102526
-0.125488
-0.148891
-0.172374
-0.195724
-0.218497
-0.240844
-0.261773
-0.282892
-0.300807
-0.319477
-0.326656
-0.344849
-0.336638
-0.378191
-0.317863
-0.452652
-0.212214
-0.671258
0.150309
-1.31665
1.23196
-3.20668
)
;

boundaryField
{
    inlet
    {
        type            freestreamPressure;
        freestreamValue uniform 0;
        value           nonuniform List<scalar> 
134
(
4.80495
6.88859
8.9375
10.5555
11.5615
11.9351
11.5327
10.3387
8.27773
4.67032
1.52911
2.35157
3.63909
4.80636
5.93014
7.05054
8.17511
9.30586
10.456
11.646
2.65603
12.8999
14.2161
15.5155
16.64
17.357
17.5686
18.1503
17.9621
17.9531
20.7395
19.2359
19.1019
19.2004
19.2376
19.1783
19.1296
19.237
19.7451
20.1908
0.525562
-1.78507
-3.92957
-5.38468
-5.83378
-4.81483
-2.03035
21.7258
21.272
20.6323
20.2201
19.9083
19.5571
19.1634
18.7613
18.3587
17.9484
17.5247
17.0863
16.6322
16.1588
15.661
15.1312
14.5577
13.931
13.2274
12.658
12.0748
11.3907
10.5931
9.66026
8.49503
6.99815
4.66924
1.86215
-0.368999
-0.951074
-1.69937
-2.53091
-3.42589
-4.35545
-5.20934
-5.90611
-6.43044
-6.77794
-6.9822
-7.09017
-7.14466
-7.18187
-7.25386
-7.44645
-7.79962
-8.20027
-8.55219
-8.85959
-9.14002
-9.39521
-9.61743
-9.80057
-9.94412
-10.0522
-10.1401
-10.2419
-10.4493
-10.9077
-11.8739
-12.3083
-11.9837
-11.59
-11.3391
-11.1368
-10.9061
-10.6515
-10.3926
-10.1329
-9.86828
-9.59641
-9.31642
-9.02734
-8.72637
-8.40841
-8.06598
-7.68405
-7.24871
-6.70523
-6.44363
-6.22978
-5.94793
-5.6153
-5.24247
-4.77571
-4.15844
-3.01478
-1.45463
)
;
    }
    outlet
    {
        type            freestreamPressure;
        freestreamValue uniform 0;
        value           nonuniform List<scalar> 
160
(
0.00187211
0.00187361
0.00187032
0.00187497
0.00186842
0.00187653
0.00186632
0.00187818
0.00186401
0.00187987
0.0018615
0.00188163
0.00185879
0.00188342
0.00185584
0.00188532
0.00185261
0.00188734
0.00184907
0.00188945
0.00184524
0.00189169
0.00184111
0.00189408
0.00183665
0.00189668
0.0018318
0.0018995
0.00182657
0.00190258
0.00182092
0.00190599
0.00181487
0.00190981
0.00180837
0.00191412
0.00180139
0.00191901
0.00179395
0.00192466
0.00178604
0.00193127
0.00177761
0.00193894
0.00176871
0.0019476
0.0017593
0.00195678
0.00174938
0.00196587
0.00173903
0.0019755
0.00172817
0.00199008
0.00171689
0.00201989
0.00170525
0.00207935
0.00169323
0.00217752
0.00168091
0.00230234
0.00166837
0.00240892
0.00165566
0.00242494
0.00164287
0.00227681
0.00163014
0.00192682
0.00161749
0.00140264
0.00160509
0.00080132
0.00159304
0.000255986
0.0015814
-0.0001226
0.00157032
-0.000295462
0.00156
-0.000302557
0.00155047
-0.000225162
0.00154172
-0.000134921
0.00153396
-6.6546e-05
0.00152731
-2.29383e-05
0.00152166
5.07602e-06
0.00151708
2.44612e-05
0.00151366
3.6915e-05
0.00151125
4.17621e-05
0.00150986
3.8572e-05
0.00150945
2.77634e-05
0.00150995
1.00983e-05
0.00151131
-1.36213e-05
0.00151338
-4.26439e-05
0.00151597
-7.61967e-05
0.00151894
-0.000113518
0.0015221
-0.000153813
0.00152512
-0.000196399
0.0015278
-0.00024054
0.00152986
-0.000285624
0.00153114
-0.000330989
0.00153147
-0.000376252
0.00153095
-0.000420595
0.00152944
-0.000464327
0.00152696
-0.000505594
0.00152385
-0.00054747
0.001522
-0.000583545
0.0015267
-0.000621031
0.00152331
-0.000636495
0.00151607
-0.000673126
0.00150516
-0.000659677
0.00149146
-0.000741658
0.00147615
-0.0006283
0.00145766
-0.000890874
0.00145256
-0.000425933
0.00155428
-0.00131711
0.00126799
0.000311551
0.00278271
-0.00251476
-0.000869276
0.00275982
0.00735287
-0.00552863
)
;
    }
    walls
    {
        type            zeroGradient;
    }
    frontAndBack
    {
        type            empty;
    }
}


// ************************************************************************* //
