/*--------------------------------*- C++ -*----------------------------------*\
| =========                 |                                                 |
| \\      /  F ield         | OpenFOAM: The Open Source CFD Toolbox           |
|  \\    /   O peration     | Version:  v1806                                 |
|   \\  /    A nd           | Web:      www.OpenFOAM.com                      |
|    \\/     M anipulation  |                                                 |
\*---------------------------------------------------------------------------*/
FoamFile
{
    version     2.0;
    format      ascii;
    class       volScalarField;
    location    "282";
    object      p;
}
// * * * * * * * * * * * * * * * * * * * * * * * * * * * * * * * * * * * * * //

dimensions      [0 2 -2 0 0 0 0];


internalField   nonuniform List<scalar> 
10720
(
-468.4
-13.8651
469.389
906.92
1274.68
1568.65
1775.56
1892.32
1930.84
1915.4
1843.56
1720.61
1566.1
1390.73
1200.97
1004.66
808.364
619.697
442.554
283.716
146.282
36.0189
-48.0361
-105.549
-144.783
-180.939
-214.02
-235.53
-245.602
-245.642
-235.881
-216.731
-188.65
-151.805
-106.139
-48.9509
22.9975
133.123
301.106
-962.132
-1450.78
-2052.37
-2687.93
-3301.54
-3885.69
-4382.12
-4699.07
-4813.18
-4807.69
-4695.07
-4485.35
-4235.93
-3977.79
-3717.56
-3473.01
-3241.38
-3027.21
-2833.99
-2670.68
-2536.38
-2428.91
-2339.67
-2258.56
-2161.38
-2038.42
-1904.81
-1765.81
-1621.18
-1470.54
-1315.01
-1155.51
-992.427
-824.924
-651.965
-468.332
-271.323
-31.8283
220.139
169.399
484.598
797.046
1094.39
1356.9
1576.69
1741.77
1844.21
1886.33
1875.28
1813.01
1707.75
1571.79
1413.46
1239
1055.42
869.268
687.287
514.272
356.197
217.064
101.774
10.7543
-55.9568
-104.795
-147.581
-185.047
-210.736
-224.509
-227.754
-220.875
-204.299
-178.478
-143.565
-99.4659
-43.4866
27.5308
137.158
298.808
-156.185
-517.624
-930.805
-1381.29
-1846.98
-2311.39
-2741.9
-3100.37
-3360.54
-3520.82
-3589.9
-3590.92
-3550.18
-3476.13
-3367.43
-3233.53
-3079.41
-2917.17
-2758.58
-2616.45
-2494.22
-2392.31
-2304.7
-2222.68
-2126.59
-2007.78
-1878.19
-1742.89
-1601.77
-1454.47
-1301.99
-1145.16
-984.321
-818.666
-647.169
-464.67
-268.569
-29.3621
217.638
276.407
564.956
848.282
1112.45
1342.71
1535.34
1681.37
1775.04
1818.52
1815.01
1765.42
1675.81
1554.37
1408.52
1244.81
1069.91
890.416
712.849
542.674
385.543
245.976
128.405
34.1597
-36.9144
-89.7607
-134.047
-171.94
-198.703
-213.663
-218.075
-212.397
-196.979
-172.233
-138.28
-94.9787
-39.6323
30.9104
139.725
295.753
-15.0196
-331.509
-690.029
-1095.72
-1522.94
-1955.39
-2371.1
-2736.41
-3017.37
-3204.8
-3314.64
-3355.7
-3341
-3282.35
-3189.1
-3072.31
-2940.36
-2802.32
-2666.67
-2542.17
-2432.58
-2338.6
-2255.85
-2176.91
-2086.23
-1975.04
-1851.73
-1721.39
-1584.34
-1440.45
-1290.76
-1136.22
-977.25
-813.125
-642.846
-461.334
-266.053
-27.7562
216.43
424.226
659.252
892.589
1113.69
1308.59
1475.35
1605.18
1692.08
1737.08
1740.72
1702.85
1628.08
1522.34
1391.75
1242.27
1079.99
911.073
741.72
577.534
423.984
285.804
167.242
70.2355
-5.19468
-62.8044
-110.436
-150.8
-180.275
-197.853
-204.617
-201.092
-187.585
-164.494
-131.938
-89.7635
-35.3069
34.5096
142.052
292.597
185.723
-74.7899
-375.282
-714.58
-1074.43
-1445.88
-1810.47
-2141.94
-2419.18
-2635.8
-2794.88
-2896.6
-2944.91
-2947.49
-2912.41
-2847.78
-2761.6
-2661.94
-2556.96
-2454.83
-2360.72
-2276.45
-2199.49
-2124.01
-2038.26
-1934.34
-1817.69
-1693.15
-1561.28
-1421.95
-1276.15
-1124.83
-968.474
-806.449
-637.825
-457.663
-263.55
-26.8141
214.76
477.43
684.536
890.679
1085.26
1256.64
1404.82
1521.96
1603.29
1649.12
1658.61
1631.35
1570.27
1479.56
1363.95
1228.61
1079
920.86
760.062
602.23
452.721
316.447
197.607
98.5799
19.7124
-41.7714
-92.0788
-134.112
-165.338
-184.659
-193.017
-190.996
-178.891
-157.081
-125.671
-84.476
-30.8487
38.1979
144.29
289.159
266.669
38.3489
-225.339
-525.565
-845.226
-1179.63
-1515.06
-1829.91
-2106.48
-2335.49
-2511.63
-2634.8
-2707.92
-2737.77
-2731.15
-2694.13
-2633.46
-2556.24
-2469.98
-2382.06
-2297.94
-2219.94
-2146.68
-2073.47
-1991.34
-1893.28
-1782.45
-1663.12
-1536.06
-1401.19
-1259.36
-1111.5
-958.087
-798.532
-631.929
-453.482
-260.922
-26.3153
211.728
510.719
691.98
873.654
1045.66
1197.49
1330.24
1436.66
1513.03
1558.99
1573
1554.67
1505.61
1428.71
1327.56
1206.41
1070.05
923.641
772.643
622.494
478.45
345.412
227.573
127.642
46.3376
-18.2913
-71.0834
-114.876
-148.003
-169.344
-179.641
-179.48
-169.113
-148.875
-118.846
-78.8153
-26.1717
41.9548
146.305
285.351
326.187
126.845
-104.943
-369.7
-652.085
-950.203
-1252.77
-1540.64
-1799.21
-2020.55
-2200.25
-2338.05
-2434.91
-2493.47
-2517.47
-2510.94
-2479.18
-2428.2
-2364.58
-2294.9
-2224.49
-2156.07
-2089.25
-2020.57
-1943.3
-1851.5
-1746.7
-1632.63
-1510.28
-1379.7
-1241.72
-1097.27
-946.812
-789.822
-625.418
-448.939
-258.283
-26.4299
207.293
519.84
681.702
844.612
998.835
1135.01
1255.05
1352.36
1424.1
1469.56
1486.92
1475.84
1437.08
1372.54
1284.81
1177.27
1053.97
919.464
778.709
636.875
499.031
370.003
253.979
153.918
70.9249
3.75583
-51.2525
-96.6861
-131.534
-154.729
-166.799
-168.325
-159.54
-140.75
-112.018
-73.1098
-21.4583
45.678
148.036
281.208
354.834
177.216
-29.9173
-267.409
-520.887
-790.207
-1066.34
-1332.29
-1575.68
-1790.2
-1971.32
-2116.19
-2224.92
-2298.85
-2340.93
-2354.42
-2343.41
-2312.55
-2267.17
-2212.77
-2154.15
-2094.19
-2033.19
-1968.76
-1895.91
-1809.72
-1710.65
-1601.71
-1484.02
-1357.73
-1223.59
-1082.52
-935.017
-780.627
-618.507
-444.17
-255.728
-27.2586
201.504
517.124
662.621
809.715
949.034
1072.08
1181.25
1270.73
1338.09
1382.49
1402.26
1396.94
1366.82
1313.08
1237.53
1142.74
1032.06
909.392
779.184
646.214
515.283
391.089
277.785
178.489
94.6566
25.6676
-31.1677
-78.0712
-114.491
-139.447
-153.277
-156.524
-149.394
-132.146
-104.811
-67.1278
-16.5839
49.4163
149.497
276.765
368.679
209.395
23.0348
-191.2
-419.918
-664.058
-916.097
-1160.62
-1386.9
-1589.8
-1764.95
-1909.58
-2024.08
-2109.06
-2165.99
-2196.91
-2204.49
-2192.08
-2163.84
-2124.31
-2077.73
-2026.97
-1972.78
-1913.64
-1845.96
-1765.75
-1672.76
-1569.31
-1456.58
-1334.82
-1204.72
-1067.2
-922.773
-771.063
-611.316
-439.255
-253.298
-28.7774
194.404
505.775
637.699
771.53
898.301
1010.23
1110.01
1192.62
1255.85
1298.84
1320.2
1319.4
1296.43
1252
1187.29
1104.22
1005.46
894.3
774.632
650.779
527.224
408.476
298.61
200.83
116.903
46.7362
-11.5468
-59.7413
-97.5791
-124.181
-139.702
-144.621
-139.113
-123.388
-97.4503
-61.0164
-11.6425
53.1103
150.66
272.017
371.072
226.904
57.845
-136.966
-344.873
-567.629
-798.825
-1024.45
-1234.88
-1426.12
-1594.29
-1736.67
-1853.29
-1944.43
-2010.74
-2053.63
-2075
-2077.16
-2063.25
-2036.78
-2001.28
-1959.34
-1911.96
-1858.24
-1795.68
-1721.17
-1634.02
-1535.98
-1428.2
-1311.02
-1185.08
-1051.23
-910.017
-761.125
-603.872
-434.227
-250.973
-30.881
186.142
489.276
609.599
732.038
848.025
950.391
1042.01
1118.5
1177.81
1219.17
1241.47
1244.15
1227.05
1190.54
1135.37
1062.9
975.217
875.032
765.682
651.015
535.162
422.36
316.558
221.003
137.702
67.0053
7.70762
-41.544
-80.6152
-108.718
-125.849
-132.398
-128.506
-114.326
-89.8294
-54.7083
-6.59903
56.7694
151.531
266.978
366.316
235.057
80.7997
-97.3077
-287.281
-491.383
-704.147
-912.559
-1107.97
-1287.22
-1446.87
-1584.28
-1699.65
-1793.39
-1865.7
-1917.37
-1949.65
-1963.98
-1962.5
-1947.83
-1922.75
-1889.47
-1849.07
-1801.12
-1743.94
-1675.16
-1593.91
-1501.39
-1398.69
-1286.2
-1164.54
-1034.51
-896.667
-750.752
-596.157
-429.098
-248.723
-33.463
176.982
469.499
579.824
692.397
799.01
893.019
977.488
1048.49
1104.12
1143.74
1166.45
1171.78
1159.46
1129.65
1082.77
1019.78
942.257
852.377
752.965
647.39
539.385
432.875
331.643
238.919
156.889
86.2669
26.3899
-23.6604
-63.7713
-93.2218
-111.867
-119.988
-117.684
-105.047
-82.0111
-48.2478
-1.48421
60.3692
152.11
261.666
356.667
236.483
95.0048
-68.6604
-243.107
-430.937
-627.393
-820.381
-1002.02
-1169.77
-1320.6
-1452.1
-1564.66
-1658.64
-1734.14
-1791.58
-1831.75
-1855.5
-1864.21
-1859.65
-1843.92
-1818.79
-1785.24
-1743.14
-1691.39
-1628.27
-1552.8
-1465.78
-1368.18
-1260.46
-1143.17
-1017.07
-882.73
-739.934
-588.156
-423.874
-246.555
-36.4751
167.176
447.845
549.436
653.353
751.732
838.394
916.548
982.583
1034.73
1072.58
1095.35
1102.64
1094.19
1070
1030.3
975.704
907.392
827.076
737.102
640.372
540.209
440.212
343.949
254.58
174.406
104.423
44.4099
-6.15285
-47.0901
-77.7145
-97.7586
-107.381
-106.633
-95.5344
-73.9833
-41.6293
3.69854
63.9012
152.4
256.106
343.848
233.314
102.981
-48.0164
-208.869
-382.343
-564.255
-743.346
-912.306
-1069.13
-1211.11
-1336.08
-1444.53
-1536.94
-1613.49
-1674.39
-1720.1
-1751.06
-1768.04
-1772.14
-1764.77
-1747.25
-1720.38
-1684.15
-1637.91
-1580.37
-1510.63
-1429.11
-1336.67
-1233.78
-1120.96
-998.919
-868.205
-728.676
-579.877
-418.57
-244.5
-39.9071
156.849
425.214
519.127
615.379
706.466
786.614
859.138
920.661
969.543
1005.62
1028.19
1036.91
1031.57
1012.09
978.561
931.346
871.313
799.778
718.659
630.418
537.978
444.588
353.576
267.986
190.176
121.356
61.6426
10.8704
-30.6649
-62.2782
-83.5913
-94.6308
-95.3948
-85.821
-65.7707
-34.8724
8.93256
67.3522
152.41
250.32
329.023
226.938
106.44
-33.3794
-182.215
-342.975
-511.89
-678.412
-835.789
-982.381
-1115.79
-1234.01
-1337.71
-1427.47
-1503.51
-1566.07
-1615.36
-1651.54
-1674.97
-1686.21
-1686.11
-1675.51
-1654.97
-1624.51
-1583.7
-1531.65
-1467.51
-1391.47
-1304.2
-1206.19
-1097.92
-980.045
-853.094
-716.979
-571.329
-413.197
-242.593
-43.767
146.049
402.253
489.359
578.768
663.346
737.683
805.154
862.57
908.42
942.745
964.904
974.646
971.795
956.248
927.998
887.243
834.598
771.055
698.161
617.979
533.044
446.251
360.668
279.188
204.177
136.988
77.991
27.3212
-14.5724
-46.9771
-69.4137
-81.7741
-83.9937
-75.9243
-57.3868
-27.9894
14.2056
70.7088
152.151
244.333
312.994
218.412
106.623
-23.2303
-161.382
-310.772
-467.991
-623.151
-769.93
-907.017
-1032.22
-1143.72
-1242.3
-1328.64
-1403.04
-1465.84
-1517.13
-1556.88
-1585.18
-1602.19
-1608.28
-1603.86
-1589.24
-1564.34
-1528.87
-1482.19
-1423.53
-1352.89
-1270.8
-1177.71
-1074.07
-960.454
-837.394
-704.845
-562.515
-407.763
-240.856
-48.0443
134.805
379.408
460.417
543.69
622.416
691.552
754.456
808.108
851.161
883.766
905.371
915.812
914.951
902.679
878.942
843.814
797.726
741.412
676.096
603.483
525.747
445.449
365.381
288.254
216.398
151.251
93.361
43.1094
1.10481
-31.8847
-55.2862
-68.8588
-72.4671
-65.8728
-48.8535
-20.9983
19.5022
73.9614
151.635
238.177
296.342
208.455
104.468
-16.4651
-145.04
-284.21
-430.873
-575.703
-712.8
-841.059
-958.501
-1063.45
-1156.79
-1239.29
-1311.3
-1373.28
-1425.31
-1467.27
-1499.05
-1520.56
-1531.78
-1532.77
-1523.55
-1503.93
-1473.61
-1432.13
-1378.8
-1313.48
-1236.54
-1148.38
-1049.41
-940.156
-821.11
-692.273
-553.436
-402.272
-239.294
-52.728
123.167
356.974
432.49
510.229
583.667
648.126
706.871
757.075
797.542
828.487
849.449
860.339
861.058
851.508
831.616
801.385
761.094
711.276
652.89
587.328
516.434
442.449
367.889
295.272
226.849
164.093
107.668
58.1445
16.284
-17.0755
-41.272
-55.9354
-60.8532
-55.6962
-40.194
-13.9181
24.807
77.0984
150.879
231.882
279.487
197.609
100.636
-12.2486
-132.195
-262.129
-399.218
-534.635
-662.854
-782.943
-893.095
-991.747
-1079.85
-1158.26
-1227.38
-1287.76
-1339.58
-1382.62
-1416.73
-1441.59
-1456.95
-1462.57
-1458.2
-1443.49
-1418.09
-1381.61
-1333.43
-1273.3
-1201.46
-1118.23
-1023.98
-919.165
-804.247
-679.269
-544.098
-396.727
-237.903
-57.7825
111.184
335.155
405.71
478.427
547.064
607.289
662.241
709.285
747.346
776.703
796.97
808.11
810.074
802.791
786.176
760.19
725.007
681
628.913
569.873
505.427
437.516
368.388
300.359
235.577
175.501
120.861
72.3572
30.8917
-2.62097
-27.4346
-43.0576
-49.1945
-45.4282
-31.435
-6.77027
30.1032
80.1123
149.901
225.477
262.722
186.267
95.6421
-9.94474
-122.085
-243.624
-371.985
-498.808
-618.868
-731.403
-834.722
-927.373
-1010.36
-1084.58
-1150.51
-1208.77
-1259.62
-1302.88
-1338.31
-1365.54
-1384.12
-1393.59
-1393.49
-1383.28
-1362.51
-1330.79
-1287.55
-1232.47
-1165.64
-1087.32
-997.81
-897.501
-786.82
-665.839
-534.506
-391.13
-236.678
-63.1675
98.9093
314.092
380.139
448.267
512.545
568.907
620.404
664.535
700.367
728.211
747.746
758.988
761.936
756.534
742.713
720.403
689.708
650.883
604.495
551.447
493.03
430.908
367.078
303.649
242.639
185.47
132.887
85.6766
44.8524
11.4048
-13.841
-30.2831
-37.5376
-35.1068
-22.6066
0.421088
35.3744
82.9951
148.723
219
246.255
174.723
89.869
-9.07214
-114.103
-227.994
-348.362
-467.293
-579.857
-685.391
-782.326
-869.298
-947.346
-1017.39
-1079.96
-1135.74
-1185.08
-1227.86
-1263.83
-1292.57
-1313.55
-1326.14
-1329.71
-1323.53
-1307.05
-1279.82
-1241.3
-1191.09
-1129.18
-1055.71
-970.943
-875.193
-768.843
-651.994
-524.667
-385.482
-235.613
-68.8328
86.4088
293.872
355.801
419.739
480.02
532.865
581.186
622.638
656.397
682.812
701.601
712.83
716.543
712.706
701.262
682.139
655.384
621.166
579.914
532.343
479.524
422.876
364.159
305.277
248.111
194.016
143.718
98.048
58.1005
24.9332
-0.557484
-17.6709
-25.932
-24.7725
-13.7413
7.63079
40.6026
85.7411
147.366
212.486
230.231
163.19
83.6066
-9.25928
-107.782
-214.67
-327.697
-439.368
-545.011
-644.052
-735.023
-816.647
-889.968
-955.923
-1015.08
-1068.17
-1115.61
-1157.37
-1193.24
-1222.78
-1245.43
-1260.45
-1267.1
-1264.49
-1251.92
-1228.89
-1194.82
-1149.29
-1092.15
-1023.48
-943.431
-852.274
-750.34
-637.747
-514.586
-379.784
-234.694
-74.7299
73.7466
274.545
332.706
392.796
449.414
499.03
544.435
583.414
615.251
640.311
658.353
669.484
673.788
671.25
661.836
645.471
622.173
592.043
555.402
512.815
465.165
413.655
359.828
305.391
252.083
201.174
153.343
109.429
70.5768
37.8979
12.3494
-5.28205
-14.4314
-14.4694
-4.87504
14.8307
45.7699
88.3457
145.856
205.968
214.756
151.826
77.0731
-10.2146
-102.765
-203.206
-309.471
-414.436
-513.676
-606.691
-692.104
-768.696
-837.506
-899.497
-955.245
-1005.54
-1050.84
-1091.19
-1126.45
-1156.21
-1179.89
-1196.73
-1205.88
-1206.36
-1197.32
-1178.14
-1148.26
-1107.18
-1054.67
-990.693
-915.333
-828.788
-731.337
-623.115
-504.273
-374.031
-233.905
-80.8046
60.9881
256.146
310.838
367.383
420.632
467.28
509.995
546.696
576.745
600.524
617.831
628.805
633.557
632.101
624.416
610.439
590.171
563.662
531.153
493.087
450.189
403.471
354.282
304.148
254.661
206.994
161.766
119.79
82.2305
50.2379
24.8153
6.82258
-3.09079
-4.24376
3.95431
21.9915
50.8583
90.807
144.217
199.486
199.895
140.744
70.4363
-11.7095
-98.7588
-193.258
-293.267
-392.031
-485.336
-572.741
-652.958
-724.83
-789.376
-847.554
-899.96
-947.409
-990.416
-1029.07
-1063.34
-1092.85
-1117.04
-1135.14
-1146.27
-1149.36
-1143.43
-1127.77
-1101.78
-1064.91
-1016.85
-957.447
-886.716
-804.781
-711.868
-608.117
-493.737
-368.221
-233.225
-86.999
48.2038
238.678
290.171
343.44
393.581
437.492
477.724
512.32
540.704
563.273
579.864
590.635
595.726
595.166
588.96
577.056
559.44
536.139
507.326
473.347
434.794
392.523
347.706
301.701
255.956
211.543
169.006
129.115
93.0222
61.8984
36.7795
18.5818
8.03297
5.85562
12.7062
29.0822
55.8492
93.1229
142.476
193.076
185.694
130.027
63.8242
-13.5682
-95.532
-184.535
-278.748
-371.746
-459.537
-541.718
-617.083
-684.523
-745.038
-799.573
-848.733
-893.355
-933.984
-970.78
-1003.77
-1032.65
-1056.9
-1075.78
-1088.41
-1093.66
-1090.43
-1077.94
-1055.53
-1022.62
-978.8
-923.836
-857.655
-780.311
-691.971
-592.778
-482.987
-362.346
-232.63
-93.2573
35.468
222.134
270.673
320.905
368.176
409.56
447.487
480.137
506.971
528.404
544.297
554.833
560.17
560.358
555.418
545.311
530.023
509.559
484.044
453.751
419.161
380.998
340.277
298.201
256.083
214.892
175.097
137.399
102.922
72.8309
48.1837
29.9363
18.8826
15.7771
21.3383
36.0707
60.7243
95.2935
140.656
186.771
172.18
119.73
57.3261
-15.6545
-92.9078
-176.81
-265.63
-353.264
-435.908
-513.22
-584.043
-647.325
-704.043
-755.123
-801.157
-843.001
-881.233
-916.062
-947.566
-975.535
-999.492
-1018.75
-1032.43
-1039.41
-1038.49
-1028.82
-1009.67
-980.447
-940.648
-889.963
-828.234
-755.437
-671.689
-577.124
-472.035
-356.399
-232.087
-99.5186
22.8496
206.503
252.303
299.717
344.326
383.369
419.162
450.004
475.395
495.759
510.983
521.262
526.773
527.579
523.723
515.179
501.934
483.979
461.408
434.432
403.448
369.061
332.157
293.794
255.16
217.127
180.081
144.652
111.909
82.9961
58.9752
40.8294
29.4003
25.4694
29.8065
42.9239
65.4647
97.32
138.784
180.607
159.359
109.896
51.0179
-17.8652
-90.7414
-169.892
-253.686
-336.31
-414.16
-486.918
-553.487
-612.866
-666.007
-713.808
-756.858
-796.013
-831.865
-864.671
-894.566
-921.404
-944.783
-964.065
-978.43
-986.738
-987.756
-980.543
-964.348
-938.527
-902.523
-855.937
-798.538
-730.233
-651.072
-561.183
-460.892
-350.371
-231.564
-105.722
10.4227
191.765
235.016
279.811
321.947
358.814
392.628
421.787
445.833
465.195
479.777
489.786
495.412
496.733
493.809
486.624
475.172
459.439
439.493
415.5
387.786
356.862
323.492
288.62
253.309
218.339
184.019
150.896
119.976
92.3647
69.1106
51.2063
39.5313
34.8809
38.0673
49.6084
70.0532
99.2039
136.881
174.615
147.236
100.546
44.9499
-20.1118
-88.9095
-163.626
-242.728
-320.675
-394.037
-462.527
-525.108
-580.827
-630.6
-675.298
-715.505
-752.074
-785.601
-816.38
-844.586
-870.144
-892.73
-911.762
-926.474
-935.758
-938.354
-933.263
-919.705
-897.001
-864.547
-821.873
-768.664
-704.766
-630.174
-544.994
-449.569
-344.252
-231.025
-111.808
-1.7425
177.893
218.769
261.126
300.959
335.802
367.775
395.369
418.16
436.58
450.548
460.28
465.973
467.721
465.597
459.598
449.723
435.958
418.352
397.039
372.284
344.523
314.42
282.807
250.643
218.617
186.968
156.159
127.125
100.915
78.5499
61.0182
49.2212
43.9601
46.0755
56.0909
74.4702
100.948
134.972
168.824
135.801
91.695
39.1591
-22.3314
-87.3208
-157.894
-232.598
-306.164
-375.321
-439.81
-498.647
-550.927
-597.535
-639.311
-676.824
-710.914
-742.19
-770.962
-797.452
-821.633
-843.261
-861.818
-876.6
-886.548
-890.396
-887.104
-875.878
-856.009
-826.854
-787.88
-738.711
-679.12
-609.05
-528.586
-438.082
-338.028
-230.432
-117.717
-13.5759
164.856
203.518
243.594
281.282
314.239
344.497
370.633
392.253
409.787
423.168
432.621
438.348
440.45
439.015
434.051
425.563
413.54
398.024
379.113
357.034
332.155
305.059
276.478
247.271
218.055
188.996
160.484
133.367
108.634
87.2621
70.2221
58.4214
52.6577
53.7884
62.3369
78.6989
102.555
133.072
163.258
125.041
83.3472
33.6734
-24.4793
-85.9017
-152.596
-223.175
-292.626
-357.836
-418.568
-473.886
-522.933
-566.561
-605.582
-640.552
-672.287
-701.395
-728.212
-752.983
-775.741
-796.289
-814.198
-828.827
-839.168
-843.97
-842.179
-832.989
-815.677
-789.568
-754.081
-708.779
-653.377
-587.764
-512
-426.444
-331.688
-229.742
-123.394
-25.0109
152.623
189.213
227.16
262.841
294.039
322.696
347.472
368
384.701
397.526
406.699
412.43
414.825
413.984
409.925
402.659
392.183
378.527
361.775
342.112
319.855
295.514
269.74
243.302
216.744
190.178
163.916
138.725
115.518
95.2238
78.7804
67.0855
60.9266
61.1622
68.315
82.7214
104.025
131.2
157.938
114.94
75.5018
28.5061
-26.5146
-84.5944
-147.648
-214.35
-279.933
-341.431
-398.628
-450.64
-496.647
-537.474
-573.898
-606.466
-635.97
-663.014
-687.941
-711.025
-732.334
-751.73
-768.863
-783.152
-793.654
-799.15
-798.584
-791.152
-776.124
-752.808
-720.586
-678.972
-627.622
-566.379
-495.28
-414.668
-325.223
-228.921
-128.778
-35.9835
141.16
175.81
211.762
245.565
275.121
302.284
325.788
345.292
361.212
373.508
382.403
388.116
390.755
390.426
387.16
380.976
371.872
359.876
345.057
327.574
307.699
285.878
262.691
238.83
214.773
190.584
166.507
143.224
121.572
102.42
86.6615
75.1733
68.724
68.157
73.9936
86.5214
105.363
129.369
152.88
105.475
68.1515
23.6681
-28.4101
-83.3513
-142.982
-206.037
-267.974
-325.977
-379.848
-428.745
-471.894
-510.089
-544.075
-574.376
-601.773
-626.851
-649.967
-671.407
-691.277
-709.485
-725.745
-739.549
-750.021
-755.983
-756.395
-750.461
-737.463
-716.694
-687.511
-649.387
-601.942
-544.965
-478.465
-402.776
-318.618
-227.921
-133.822
-46.4349
130.435
163.265
197.343
229.389
257.407
283.17
305.486
324.031
339.217
351.011
359.635
365.311
368.15
368.265
365.695
360.466
352.582
342.067
328.983
313.464
295.748
276.229
255.42
233.945
212.227
190.289
168.314
146.902
126.811
108.844
93.8443
82.6513
76.0105
74.7359
79.3435
90.0829
106.567
127.591
148.097
96.625
61.2864
19.1627
-30.1489
-82.1381
-138.544
-198.164
-256.662
-311.371
-362.104
-408.066
-448.525
-484.24
-515.936
-544.111
-569.521
-592.742
-614.127
-633.984
-652.442
-669.449
-684.773
-697.986
-708.273
-714.505
-715.675
-711.003
-699.79
-681.327
-654.959
-620.131
-576.421
-523.588
-461.602
-390.781
-311.864
-226.711
-138.475
-56.3135
120.413
151.533
183.853
214.247
240.824
265.278
286.479
304.126
318.622
329.94
338.301
343.924
346.928
347.426
345.467
341.085
334.286
325.094
313.565
299.817
284.056
266.631
248.003
228.73
209.187
189.366
169.394
149.797
131.254
114.498
100.312
89.4916
82.7519
80.8646
84.338
93.3904
107.638
125.872
143.594
88.3655
54.8916
14.9896
-31.7168
-80.9246
-134.292
-190.666
-245.924
-297.522
-345.295
-388.487
-426.412
-459.796
-489.335
-515.514
-539.058
-560.529
-580.278
-598.619
-615.705
-631.52
-645.877
-658.42
-668.398
-674.738
-676.471
-672.85
-663.193
-646.807
-623.032
-591.295
-551.148
-502.314
-444.739
-378.704
-304.952
-225.253
-142.694
-65.5713
111.059
140.571
171.236
200.081
225.305
248.53
268.687
285.492
299.339
310.205
318.309
323.87
327.007
327.837
326.416
322.784
316.951
308.943
298.81
286.656
272.662
257.142
240.504
223.255
205.726
187.882
169.808
151.955
134.929
119.39
106.058
95.6747
88.9199
86.5145
88.953
96.4298
108.576
124.215
139.373
80.6721
48.9526
11.1421
-33.105
-79.6908
-130.189
-183.498
-235.694
-284.352
-329.33
-369.91
-405.447
-436.639
-464.153
-488.457
-510.25
-530.074
-548.28
-565.182
-580.948
-595.594
-608.973
-620.792
-630.367
-636.683
-638.815
-636.055
-627.748
-613.222
-591.824
-562.974
-526.205
-481.213
-427.918
-366.567
-297.877
-223.513
-146.438
-74.1659
102.34
130.337
159.444
186.831
210.784
232.856
252.032
268.045
281.281
291.719
299.575
305.065
308.31
309.428
308.482
305.514
300.542
293.594
284.712
273.993
261.597
247.803
232.98
217.585
201.911
185.905
169.613
153.424
137.868
123.535
111.081
101.188
94.4929
91.6611
93.1675
99.1889
109.377
122.622
135.43
73.5179
43.4521
7.61462
-34.3116
-78.4212
-126.209
-176.622
-225.916
-271.799
-314.137
-352.25
-385.535
-414.664
-440.278
-462.823
-482.975
-501.257
-518.009
-533.552
-548.061
-561.575
-573.985
-585.049
-594.149
-600.333
-602.724
-600.659
-593.517
-580.649
-561.42
-535.251
-501.67
-460.352
-411.188
-354.39
-290.634
-221.468
-149.676
-82.0643
94.2233
120.792
148.43
174.443
197.2
218.189
236.442
251.712
264.37
274.403
282.019
287.432
290.762
292.13
291.602
289.226
285.022
279.02
271.262
261.833
250.881
238.652
225.479
211.776
197.804
183.497
168.869
154.251
140.106
126.956
115.389
106.026
99.4559
96.2856
96.9646
101.655
110.039
121.089
131.757
66.8774
38.3713
4.39709
-35.3359
-77.1049
-122.33
-169.999
-216.551
-259.806
-299.646
-335.429
-366.592
-393.778
-417.607
-438.507
-457.125
-473.962
-489.356
-503.618
-516.935
-529.362
-540.824
-551.12
-559.7
-565.671
-568.208
-566.692
-560.545
-549.149
-531.891
-508.206
-477.618
-439.792
-394.593
-342.197
-283.228
-219.096
-152.379
-89.2432
86.6753
111.896
138.148
162.866
184.496
204.465
221.851
236.421
248.536
258.183
265.567
270.899
274.295
275.879
275.721
273.87
270.351
265.196
258.446
250.18
240.527
229.714
218.039
205.877
193.46
180.714
167.63
154.487
141.685
129.681
118.996
110.19
103.801
100.375
100.331
103.82
110.556
119.611
128.342
60.7246
33.692
1.47829
-36.1793
-75.734
-118.533
-163.604
-207.558
-248.327
-285.802
-319.385
-348.546
-373.908
-396.062
-415.422
-432.605
-448.094
-462.219
-475.281
-487.474
-498.868
-509.413
-518.944
-526.972
-532.67
-535.26
-534.172
-528.869
-518.774
-503.302
-481.906
-454.117
-419.593
-378.181
-330.014
-275.656
-216.381
-154.528
-95.6811
79.6662
103.613
128.555
152.052
172.618
191.627
208.196
222.105
233.707
242.987
250.149
255.394
258.841
260.612
260.78
259.396
256.488
252.092
246.247
239.025
230.545
221.01
210.692
199.927
188.927
177.61
165.951
154.181
142.645
131.74
121.923
113.69
107.527
103.921
103.257
105.676
110.924
118.179
125.168
55.034
29.3938
-1.15401
-36.8474
-74.3059
-114.807
-157.417
-198.907
-237.322
-272.562
-304.066
-331.34
-354.984
-375.567
-393.487
-409.331
-423.565
-436.506
-448.448
-459.588
-470.003
-479.669
-488.451
-495.915
-501.292
-503.864
-503.102
-498.514
-489.567
-475.707
-456.41
-431.226
-399.809
-361.991
-317.866
-267.929
-213.312
-156.111
-101.368
73.1651
95.9067
119.612
141.953
161.517
179.619
195.417
208.704
219.819
228.752
235.697
240.855
244.338
246.269
246.724
245.755
243.394
239.678
234.644
228.361
220.936
212.555
203.462
193.963
184.248
174.233
163.881
153.382
143.031
133.169
124.194
116.541
110.641
106.924
105.739
107.216
111.136
116.782
122.216
49.7804
25.4578
-3.51336
-37.3453
-72.818
-111.141
-151.416
-190.574
-226.758
-259.882
-289.421
-314.916
-336.948
-356.057
-372.629
-387.227
-400.292
-412.133
-423.034
-433.189
-442.686
-451.517
-459.572
-466.472
-471.501
-473.995
-473.476
-469.493
-461.554
-449.143
-431.77
-408.999
-380.49
-346.065
-305.78
-260.057
-209.888
-157.119
-106.299
67.1423
88.7435
111.277
132.527
151.143
168.388
183.459
196.157
206.812
215.415
222.151
227.219
230.726
232.795
233.502
232.902
231.029
227.92
223.614
218.174
211.7
204.357
196.369
188.013
179.459
170.627
161.467
152.137
142.888
134.008
125.841
118.763
113.155
109.388
107.776
108.437
111.186
115.407
119.465
44.9399
21.8639
-5.61233
-37.6801
-71.2705
-107.528
-145.589
-182.535
-216.606
-247.728
-275.41
-299.229
-319.743
-337.473
-352.787
-366.224
-378.205
-389.024
-398.959
-408.198
-416.838
-424.881
-432.24
-438.583
-443.249
-445.626
-445.28
-441.805
-434.752
-423.643
-408.024
-387.479
-361.68
-330.441
-293.783
-252.056
-206.112
-157.557
-110.479
61.5697
82.0914
103.515
123.731
141.451
157.886
172.269
184.41
194.63
202.918
209.453
214.427
217.948
220.134
221.063
220.79
219.353
216.787
213.133
208.45
202.828
196.42
189.427
182.1
174.593
166.829
158.752
150.492
142.259
134.296
126.897
120.384
115.086
111.324
109.373
109.339
111.069
114.042
116.89
40.4876
18.5935
-7.46648
-37.8599
-69.6654
-103.964
-139.925
-174.772
-206.841
-236.07
-261.998
-284.237
-303.326
-319.763
-333.904
-346.261
-357.236
-367.111
-376.152
-384.543
-392.383
-399.687
-406.389
-412.191
-416.488
-418.719
-418.492
-415.444
-409.168
-399.228
-385.202
-366.704
-343.418
-315.153
-281.901
-243.943
-201.996
-157.431
-113.918
56.4206
75.9184
96.2899
115.527
132.399
148.067
161.799
173.413
183.219
191.205
197.545
202.426
205.95
208.236
209.358
209.376
208.326
206.247
203.176
199.171
194.315
188.746
182.646
176.243
169.677
162.875
155.778
148.49
141.188
134.076
127.4
121.433
116.458
112.746
110.536
109.923
110.779
112.67
114.466
36.4009
15.6267
-9.08943
-37.8946
-68.0061
-100.446
-134.413
-167.27
-197.444
-224.881
-249.152
-269.905
-287.654
-302.883
-315.93
-327.284
-337.327
-346.329
-354.544
-362.153
-369.253
-375.87
-381.952
-387.235
-391.166
-393.232
-393.083
-390.394
-384.8
-375.906
-363.325
-346.701
-325.735
-300.234
-270.164
-235.739
-197.553
-156.757
-116.634
51.6686
70.1954
89.5689
107.877
123.946
138.887
152.002
163.116
172.528
180.228
186.379
191.165
194.683
197.051
198.343
198.616
197.911
196.266
193.718
190.32
186.15
181.332
176.033
170.458
164.735
158.796
152.58
146.173
139.72
133.39
127.388
121.946
117.299
113.676
111.279
110.193
110.313
111.278
112.169
32.6567
12.9458
-10.496
-37.7925
-66.2967
-96.9714
-129.048
-160.018
-188.397
-214.139
-236.846
-256.199
-272.692
-286.79
-298.819
-309.242
-318.423
-326.621
-334.078
-340.965
-347.382
-353.362
-358.863
-363.655
-367.23
-369.121
-369.018
-366.631
-361.635
-353.677
-342.404
-327.49
-308.656
-285.71
-258.596
-227.469
-192.805
-155.556
-118.648
47.2889
64.8938
83.3199
100.747
116.054
130.306
142.834
153.474
162.512
169.936
175.905
180.594
184.099
186.533
187.972
188.472
188.073
186.814
184.732
181.877
178.32
174.175
169.593
164.758
159.787
154.619
149.193
143.578
137.894
132.279
126.904
121.958
117.639
114.136
111.618
110.156
109.665
109.852
109.974
29.234
10.5316
-11.6991
-37.5637
-64.5416
-93.5413
-123.823
-153.004
-179.682
-203.822
-225.055
-243.09
-258.407
-271.448
-282.529
-292.089
-300.476
-307.933
-314.692
-320.917
-326.706
-332.098
-337.061
-341.39
-344.625
-346.338
-346.256
-344.125
-339.656
-332.533
-322.441
-309.083
-292.2
-271.604
-247.223
-219.157
-187.779
-153.855
-119.989
43.2575
59.9872
77.5127
94.104
108.687
122.284
134.257
144.445
153.125
160.285
166.076
170.668
174.153
176.64
178.205
178.904
178.776
177.861
176.194
173.823
170.814
167.269
163.325
159.15
154.849
150.368
145.648
140.743
135.752
130.787
125.988
121.51
117.514
114.154
111.571
109.821
108.836
108.377
107.856
26.1119
8.36696
-12.7136
-37.2178
-62.7469
-90.1566
-118.735
-146.218
-171.287
-193.913
-213.756
-230.553
-244.767
-256.822
-267.022
-275.785
-283.438
-290.215
-296.334
-301.953
-307.168
-312.018
-316.484
-320.382
-323.293
-324.831
-324.754
-322.84
-318.835
-312.459
-303.431
-291.484
-276.379
-257.937
-236.07
-210.833
-182.503
-151.686
-120.69
39.5517
55.4496
72.1195
87.9158
101.811
114.787
126.231
135.988
144.327
151.233
156.851
161.345
164.803
167.331
169.003
169.875
169.986
169.376
168.078
166.138
163.617
160.607
157.232
153.643
149.937
146.065
141.972
137.702
133.332
128.955
124.682
120.64
116.958
113.761
111.159
109.2
107.826
106.842
105.792
23.27
6.43505
-13.5532
-36.7643
-60.917
-86.8168
-113.779
-139.655
-163.2
-184.396
-202.929
-218.563
-231.745
-242.881
-252.263
-260.288
-267.266
-273.419
-278.952
-284.018
-288.708
-293.064
-297.075
-300.573
-303.181
-304.549
-304.465
-302.738
-299.143
-293.434
-285.363
-274.692
-261.201
-244.723
-225.158
-202.522
-177.01
-149.085
-120.789
36.15
51.2571
67.1131
82.1535
95.3958
107.779
118.719
128.067
136.079
142.74
148.19
152.584
156.009
158.566
160.329
161.351
161.673
161.331
160.361
158.803
156.716
154.181
151.311
148.242
145.061
141.728
138.192
134.484
130.67
126.821
123.027
119.389
116.01
112.987
110.408
108.307
106.637
105.236
103.762
20.6896
4.71942
-14.2306
-36.2129
-59.0588
-83.5254
-108.953
-133.306
-155.411
-175.256
-192.555
-207.098
-219.315
-229.594
-238.218
-245.563
-251.921
-257.501
-262.501
-267.062
-271.274
-275.18
-278.772
-281.903
-284.23
-285.438
-285.341
-283.775
-280.543
-275.43
-268.219
-258.697
-246.669
-231.974
-214.507
-194.252
-171.333
-146.091
-120.327
33.0316
47.3865
62.4681
76.789
89.4095
101.229
111.689
120.645
128.344
134.77
140.054
144.349
147.735
150.311
152.148
153.299
153.804
153.7
153.018
151.8
150.096
147.983
145.56
142.95
140.233
137.376
134.33
131.121
127.8
124.424
121.063
117.797
114.706
111.866
109.341
107.158
105.272
103.553
101.746
18.3526
3.20425
-14.7585
-35.5734
-57.1775
-80.2828
-104.256
-127.166
-147.908
-166.48
-182.619
-196.139
-207.453
-216.936
-224.857
-231.574
-237.363
-242.42
-246.934
-251.037
-254.815
-258.312
-261.523
-264.318
-266.386
-267.445
-267.331
-265.904
-262.995
-258.415
-251.975
-243.489
-232.779
-219.698
-204.135
-186.05
-165.508
-142.746
-119.346
30.1771
43.8162
58.1606
71.7963
83.8247
95.1067
105.108
113.69
121.088
127.287
132.41
136.603
139.945
142.53
144.428
145.689
146.353
146.456
146.03
145.111
143.746
142.005
139.976
137.771
135.462
133.022
130.408
127.639
124.755
121.8
118.829
115.904
113.085
110.43
107.987
105.769
103.739
101.785
99.729
16.2413
1.87461
-15.1496
-34.8545
-55.2789
-77.0927
-99.6862
-121.229
-140.684
-158.056
-173.104
-185.664
-196.137
-204.88
-212.151
-218.289
-223.556
-228.137
-232.208
-235.895
-239.281
-242.407
-245.273
-247.762
-249.594
-250.515
-250.383
-249.079
-246.456
-242.354
-236.605
-229.048
-219.524
-207.898
-194.057
-177.942
-159.57
-139.091
-117.892
27.568
40.5256
54.1677
67.1507
78.6147
89.3841
98.948
107.171
114.28
120.258
125.223
129.315
132.608
135.193
137.138
138.491
139.293
139.577
139.373
138.717
137.651
136.237
134.556
132.706
130.755
128.681
126.445
124.062
121.563
118.982
116.362
113.747
111.184
108.715
106.371
104.16
102.044
99.9294
97.6963
14.3396
0.716138
-15.4153
-34.0647
-53.3692
-73.9566
-95.242
-115.491
-133.73
-149.971
-163.994
-175.657
-185.346
-193.401
-200.072
-205.678
-210.466
-214.613
-218.282
-221.593
-224.624
-227.415
-229.969
-232.182
-233.8
-234.595
-234.446
-233.25
-230.884
-227.208
-222.079
-215.353
-206.894
-196.575
-184.287
-169.953
-153.555
-135.168
-116.012
25.1864
37.4952
50.468
62.8286
73.7544
84.0341
93.1796
101.059
107.89
113.654
118.464
122.454
125.693
128.27
130.249
131.679
132.598
133.038
133.029
132.603
131.799
130.673
129.296
127.757
126.118
124.364
122.459
120.414
118.254
116.004
113.695
111.362
109.038
106.751
104.522
102.35
100.198
97.9846
95.637
12.6316
-0.284631
-15.5667
-33.2133
-51.4534
-70.8772
-90.9228
-109.948
-127.039
-142.214
-155.276
-166.099
-175.057
-182.475
-188.591
-193.709
-198.06
-201.812
-205.117
-208.088
-210.798
-213.288
-215.562
-217.525
-218.95
-219.632
-219.467
-218.369
-216.233
-212.938
-208.362
-202.382
-194.874
-185.727
-174.832
-162.105
-147.495
-131.022
-113.753
23.0161
34.7067
47.0414
58.8084
69.2204
79.0322
87.7766
95.3263
101.889
107.446
112.103
115.989
119.171
121.732
123.735
125.227
126.244
126.819
126.978
126.753
126.178
125.303
124.192
122.924
121.558
120.081
118.465
116.716
114.852
112.893
110.863
108.784
106.681
104.572
102.467
100.36
98.2122
95.9515
93.5429
11.1027
-1.14064
-15.6151
-32.3077
-49.5369
-67.8566
-86.7265
-104.594
-120.602
-134.775
-146.934
-156.974
-165.251
-172.078
-177.684
-182.353
-186.306
-189.698
-192.674
-195.338
-197.761
-199.98
-202.002
-203.741
-204.992
-205.574
-205.395
-204.387
-202.456
-199.503
-195.421
-190.106
-183.449
-175.348
-165.702
-154.417
-141.423
-126.693
-111.161
21.0413
32.1428
43.8689
55.0694
64.9907
74.3548
82.715
89.9479
96.2516
101.607
106.114
109.896
113.016
115.554
117.571
119.111
120.211
120.9
121.204
121.152
120.776
120.12
119.241
118.209
117.079
115.844
114.478
112.986
111.381
109.679
107.895
106.045
104.146
102.208
100.233
98.2085
96.0977
93.833
91.4082
9.73875
-1.86403
-15.5699
-31.3557
-47.625
-64.8968
-82.6532
-99.4255
-114.413
-127.644
-138.957
-148.264
-155.909
-162.19
-167.325
-171.584
-175.173
-178.239
-180.916
-183.305
-185.469
-187.446
-189.242
-190.78
-191.877
-192.369
-192.181
-191.252
-189.507
-186.86
-183.22
-178.497
-172.599
-165.431
-156.899
-146.907
-135.368
-122.22
-108.281
19.2472
29.7872
40.9328
51.592
61.0444
69.98
77.9718
84.8997
90.9531
96.1127
100.472
104.149
107.204
109.712
111.734
113.31
114.477
115.262
115.69
115.788
115.583
115.117
114.438
113.611
112.686
111.659
110.51
109.241
107.863
106.385
104.819
103.175
101.464
99.688
97.8446
95.9173
93.8682
91.6339
89.2298
8.5268
-2.4665
-15.4411
-30.3646
-45.7221
-62.0001
-78.7016
-94.4389
-108.464
-120.808
-131.329
-139.955
-147.012
-152.788
-157.49
-161.373
-164.63
-167.4
-169.81
-171.95
-173.883
-175.642
-177.236
-178.596
-179.556
-179.97
-179.774
-178.919
-177.342
-174.968
-171.722
-167.528
-162.303
-155.966
-148.427
-139.59
-129.357
-117.64
-105.158
17.62
27.6245
38.2159
48.3583
57.3623
65.8874
73.5253
80.1596
85.9709
90.9394
95.153
98.7249
101.711
104.184
106.202
107.804
109.023
109.888
110.421
110.646
110.59
110.287
109.782
109.131
108.382
107.535
106.573
105.497
104.316
103.034
101.661
100.202
98.6613
97.0392
95.3272
93.5061
91.5374
89.3606
87.0069
7.45419
-2.95878
-15.2375
-29.3413
-43.8329
-59.1678
-74.8703
-89.6298
-102.747
-114.26
-124.04
-132.029
-138.542
-143.851
-148.154
-151.693
-154.649
-157.152
-159.319
-161.236
-162.962
-164.527
-165.942
-167.143
-167.981
-168.327
-168.127
-167.34
-165.913
-163.785
-160.891
-157.167
-152.541
-146.942
-140.284
-132.477
-123.413
-112.989
-101.833
16.1466
25.6404
35.7027
45.351
53.926
62.0575
69.3555
75.7065
81.2835
86.0654
90.1354
93.6013
96.5157
98.9491
100.955
102.572
103.832
104.762
105.382
105.716
105.786
105.623
105.267
104.768
104.17
103.478
102.677
101.768
100.757
99.6478
98.4442
97.1498
95.7652
94.2872
92.704
90.9944
89.1194
87.0205
84.7405
6.50927
-3.35104
-14.9677
-28.292
-41.9611
-56.4019
-71.1581
-84.994
-97.2568
-107.988
-117.075
-124.471
-130.479
-135.357
-139.295
-142.519
-145.201
-147.462
-149.411
-151.129
-152.669
-154.062
-155.316
-156.377
-157.108
-157.396
-157.194
-156.469
-155.179
-153.271
-150.691
-147.384
-143.29
-138.344
-132.47
-125.578
-117.559
-108.298
-98.345
14.8147
23.8213
33.3784
42.5543
50.7185
58.4724
65.4432
71.5211
76.8707
81.4705
85.399
88.7587
91.599
93.9872
95.9748
97.598
98.8879
99.8689
100.561
100.986
101.163
101.119
100.891
100.522
100.054
99.494
98.8317
98.067
97.2037
96.2438
95.1896
94.0421
92.7992
91.4554
89.9969
88.4008
86.6283
84.6223
82.4337
5.6812
-3.65296
-14.6394
-27.2227
-40.1109
-53.7034
-67.5636
-80.5271
-91.9853
-101.983
-110.422
-117.267
-122.806
-127.286
-130.889
-133.826
-136.259
-138.301
-140.054
-141.593
-142.968
-144.207
-145.32
-146.255
-146.892
-147.13
-146.929
-146.263
-145.096
-143.385
-141.085
-138.149
-134.527
-130.16
-124.98
-118.9
-111.812
-103.594
-94.731
13.613
22.1546
31.2292
39.953
47.7236
55.1152
61.7711
67.5851
72.7139
77.1359
80.9247
84.1778
86.9418
89.2807
91.2436
92.865
94.1744
95.1952
95.9461
96.4457
96.7126
96.7705
96.6507
96.3928
96.0353
95.5885
95.0449
94.4041
93.6685
92.8389
91.916
90.8992
89.7847
88.5654
87.2261
85.7433
84.0784
82.1754
80.0909
4.95963
-3.87336
-14.2601
-26.1388
-38.2854
-51.0736
-64.0854
-76.2249
-86.9251
-96.2352
-104.068
-110.4
-115.505
-119.62
-122.914
-125.59
-127.796
-129.64
-131.217
-132.596
-133.823
-134.926
-135.913
-136.738
-137.293
-137.488
-137.29
-136.678
-135.623
-134.089
-132.039
-129.433
-126.228
-122.374
-117.807
-112.447
-106.188
-98.905
-91.0243
12.5305
20.6285
29.242
37.5331
44.9267
51.97
58.3226
63.8816
68.796
73.0441
76.6947
79.8411
82.5267
84.8125
86.7452
88.3577
89.678
90.7278
91.5249
92.0862
92.428
92.5712
92.5432
92.3794
92.1161
91.7656
91.3236
90.7893
90.164
89.4477
88.6402
87.7396
86.7411
85.6366
84.4105
83.0386
81.4833
79.6895
77.7174
4.33497
-4.02081
-13.8367
-25.0455
-36.4876
-48.5132
-60.7216
-72.0828
-82.0695
-90.7339
-98.001
-103.855
-108.56
-112.336
-115.349
-117.785
-119.787
-121.452
-122.87
-124.106
-125.202
-126.183
-127.059
-127.787
-128.27
-128.429
-128.236
-127.675
-126.721
-125.346
-123.518
-121.205
-118.37
-114.969
-110.945
-106.222
-100.699
-94.2513
-87.2548
11.5573
19.2319
27.4048
35.2819
42.3137
49.0224
55.0824
60.3946
65.1003
69.1783
72.6927
75.7322
78.3377
80.5671
82.465
84.062
85.3852
86.4549
87.2876
87.8982
88.3019
88.5162
88.5655
88.4813
88.2977
88.0294
87.6741
87.2311
86.7011
86.0834
85.3771
84.5797
83.6858
82.6869
81.5671
80.3026
78.8564
77.1749
75.3199
3.79822
-4.103
-13.3757
-23.9476
-34.7207
-46.0228
-57.4701
-68.0965
-77.4108
-85.4694
-92.2082
-97.6191
-101.952
-105.417
-108.171
-110.39
-112.205
-113.709
-114.985
-116.093
-117.072
-117.945
-118.722
-119.366
-119.786
-119.915
-119.728
-119.214
-118.353
-117.12
-115.491
-113.438
-110.93
-107.929
-104.384
-100.225
-95.3553
-89.6523
-83.4495
10.6839
17.9544
25.7063
33.1868
39.8716
46.2585
52.0362
57.1093
61.6118
65.5233
68.9032
71.8357
74.3597
76.5301
78.3885
79.9647
81.2839
82.3653
83.224
83.8738
84.3276
84.6009
84.715
84.6978
84.5816
84.383
84.1016
83.737
83.2891
82.7572
82.1398
81.4341
80.6344
79.7321
78.7117
77.5498
76.2105
74.6416
72.9055
3.34096
-4.12755
-12.8831
-22.8496
-32.9872
-43.603
-54.329
-64.2612
-72.9419
-80.4319
-86.6778
-91.6765
-95.665
-98.8436
-101.36
-103.381
-105.027
-106.386
-107.534
-108.527
-109.402
-110.18
-110.87
-111.438
-111.805
-111.908
-111.729
-111.259
-110.482
-109.377
-107.925
-106.104
-103.886
-101.238
-98.1159
-94.4549
-90.1635
-85.1241
-79.6322
9.9016
16.7865
24.136
31.2367
37.5886
43.6657
49.1707
54.0121
58.3165
62.0649
65.3116
68.1371
70.5785
72.6874
74.5029
76.0533
77.3626
78.4486
79.3252
80.0049
80.499
80.8208
80.9887
81.0278
80.9685
80.8289
80.6106
80.3131
79.9363
79.4789
78.9397
78.3154
77.6004
76.7864
75.8583
74.7936
73.5576
72.0997
70.4818
2.95538
-4.10107
-12.3647
-21.7556
-31.2897
-41.2546
-51.2966
-60.5729
-68.655
-75.611
-81.3971
-86.013
-89.6829
-92.5972
-94.8966
-96.7356
-98.2286
-99.4565
-100.49
-101.38
-102.162
-102.856
-103.469
-103.971
-104.291
-104.373
-104.203
-103.774
-103.073
-102.085
-100.791
-99.175
-97.2136
-94.8788
-92.1296
-88.9083
-85.1291
-80.6799
-75.8234
9.2024
15.7193
22.6842
29.421
35.4532
41.2322
46.4734
51.09
55.2011
58.7898
61.9043
64.6227
66.9809
69.0263
70.7957
72.316
73.6102
74.6947
75.5822
76.2841
76.8101
77.1713
77.384
77.4702
77.4588
77.3692
77.2048
76.965
76.6495
76.2572
75.7866
75.2346
74.5958
73.8623
73.0197
72.0464
70.9093
69.5591
68.057
2.63426
-4.02982
-11.8255
-20.6692
-29.6301
-38.9773
-48.3705
-57.0272
-64.5425
-70.9964
-76.3542
-80.6147
-83.9893
-86.6598
-88.7598
-90.4335
-91.7872
-92.8965
-93.8267
-94.6255
-95.3247
-95.9435
-96.4886
-96.9331
-97.2126
-97.2784
-97.1181
-96.7273
-96.096
-95.2113
-94.0596
-92.6261
-90.8923
-88.8336
-86.414
-83.581
-80.2549
-76.3302
-72.0408
8.57894
14.7446
21.3421
27.7296
33.4547
38.9463
43.9322
48.3305
52.2527
55.685
58.6683
61.2803
63.5554
65.5356
67.2557
68.742
70.0166
71.0944
71.987
72.7044
73.255
73.6482
73.8978
74.0234
74.0525
74.0055
73.887
73.6969
73.4346
73.0992
72.6892
72.2016
71.6314
70.9711
70.2073
69.3194
68.2758
67.0292
65.6392
2.37104
-3.91936
-11.2695
-19.5931
-28.0091
-36.77
-45.5471
-53.6188
-60.5965
-66.579
-71.5383
-75.4681
-78.5683
-81.0134
-82.9302
-84.453
-85.6804
-86.6824
-87.5199
-88.2368
-88.8623
-89.4145
-89.8996
-90.2936
-90.5383
-90.5908
-90.441
-90.086
-89.5183
-88.7275
-87.7027
-86.4321
-84.9002
-83.0858
-80.9573
-78.4672
-75.542
-72.0831
-68.2992
8.02384
13.8543
20.1011
26.1539
31.5843
36.7981
41.5365
45.7223
49.4588
52.7382
55.5904
58.0973
60.2905
62.2042
63.8719
65.3211
66.5726
67.6394
68.5319
69.2593
69.8286
70.2474
70.5274
70.6861
70.7495
70.7386
70.6597
70.5126
70.2967
70.0113
69.6549
69.2248
68.7164
68.1228
67.4314
66.623
65.6675
64.5194
63.237
2.15911
-3.7759
-10.7029
-18.5315
-26.4293
-34.633
-42.8234
-50.3416
-56.8063
-62.349
-66.9405
-70.562
-73.4055
-75.6413
-77.3895
-78.7741
-79.8863
-80.7913
-81.5452
-82.1886
-82.7486
-83.2418
-83.674
-84.0237
-84.2387
-84.2808
-84.142
-83.8208
-83.3114
-82.6056
-81.6948
-80.5694
-79.2167
-77.6189
-75.7477
-73.5605
-70.99
-67.9447
-64.611
7.52933
13.0415
18.9542
24.687
29.8341
34.7807
39.2791
43.2572
46.8111
49.9414
52.6581
55.0591
57.1726
59.0187
60.6313
62.0411
63.267
64.3198
65.2087
65.9419
66.5254
66.9649
67.2704
67.457
67.5495
67.5698
67.5251
67.4154
67.2402
66.9988
66.6901
66.3114
65.8588
65.3259
64.701
63.9662
63.0933
62.0381
60.8579
1.99087
-3.60696
-10.1324
-17.4923
-24.8982
-32.5732
-40.2039
-47.1952
-53.1564
-58.2895
-62.5473
-65.8827
-68.4853
-70.5265
-72.1198
-73.378
-74.3849
-75.2017
-75.8801
-76.4576
-76.9588
-77.3993
-77.7847
-78.0957
-78.2852
-78.3193
-78.192
-77.9025
-77.4466
-76.8179
-76.0097
-75.0143
-73.8213
-72.4155
-70.7722
-68.853
-66.5966
-63.9185
-60.986
7.09045
12.3001
17.8943
23.321
28.1969
32.8864
37.1521
40.9281
44.3041
47.2898
49.8621
52.1555
54.1905
55.9672
57.5221
58.8905
60.089
61.1252
62.0075
62.7437
63.3381
63.7948
64.1223
64.3333
64.4515
64.4991
64.4846
64.4081
64.269
64.0671
63.801
63.4688
63.0668
62.5892
62.0255
61.3588
60.5626
59.5946
58.5109
1.86182
-3.41595
-9.56226
-16.478
-23.4185
-30.5931
-37.6945
-44.1867
-49.6393
-54.3862
-58.3428
-61.4122
-63.7883
-65.6492
-67.1007
-68.2437
-69.1552
-69.8921
-70.5026
-71.021
-71.4697
-71.8635
-72.2077
-72.4848
-72.6522
-72.681
-72.5655
-72.3059
-71.8993
-71.3408
-70.6254
-69.7464
-68.6958
-67.4606
-66.0192
-64.3373
-62.3594
-60.0075
-57.4325
6.70703
11.6267
16.914
22.0456
26.6596
31.0987
35.1394
38.7179
41.9223
44.7611
47.1922
49.3932
51.3526
53.0529
54.5453
55.8703
57.0384
58.0542
58.9262
59.662
60.2639
60.7346
61.0807
61.3127
61.4535
61.5256
61.5381
61.4915
61.385
61.2186
60.9913
60.7012
60.3454
59.9185
59.411
58.8073
58.0825
57.196
56.2027
1.77444
-3.19825
-8.98049
-15.4719
-21.969
-28.6674
-35.2706
-41.2983
-46.2722
-50.6657
-54.3401
-57.1486
-59.3058
-60.9971
-62.3163
-63.352
-64.1752
-64.8389
-65.3878
-65.8529
-66.2548
-66.6071
-66.9152
-67.163
-67.3118
-67.3371
-67.2336
-67.0026
-66.6416
-66.1476
-65.5162
-64.742
-63.8194
-62.7363
-61.4746
-60.0037
-58.273
-56.2111
-53.954
6.37588
11.0171
16.0068
20.8525
25.2099
29.4014
33.2189
36.6014
39.6374
42.3213
44.6166
46.7667
48.663
50.2724
51.6945
52.9769
54.1145
55.1074
55.9665
56.6993
57.3066
57.7887
58.1504
58.401
58.5616
58.6553
58.6921
58.6722
58.5951
58.4612
58.269
58.017
57.7033
57.3229
56.867
56.3212
55.6627
54.8522
53.9438
1.72661
-2.95354
-8.38358
-14.4646
-20.5316
-26.7675
-32.8925
-38.4716
-43.0198
-47.1534
-50.567
-53.0977
-55.0348
-56.5668
-57.7626
-58.6965
-59.436
-60.0311
-60.5231
-60.9392
-61.2984
-61.6128
-61.8881
-62.1099
-62.2438
-62.2673
-62.1766
-61.9731
-61.6549
-61.22
-60.6647
-59.9859
-59.1778
-58.2309
-57.1293
-55.8458
-54.3349
-52.532
-50.5587
6.1249
10.5471
15.3031
19.899
24.0182
27.9531
31.5014
34.6123
37.3683
39.7819
41.7568
43.984
45.9853
47.5983
49.0315
50.3523
51.5295
52.5561
53.4485
54.2155
54.856
55.3692
55.7591
56.0349
56.2176
56.3319
56.3898
56.3907
56.3363
56.2266
56.0545
55.8266
55.5403
55.1899
54.7671
54.2585
53.643
52.8818
52.0297
1.69471
-2.75396
-7.91067
-13.6412
-19.3079
-25.0645
-30.5899
-35.4678
-39.2788
-43.6157
-47.0382
-49.4255
-51.2565
-52.7352
-53.8907
-54.7862
-55.4916
-56.06
-56.5297
-56.9271
-57.2704
-57.5717
-57.8364
-58.0517
-58.1857
-58.2167
-58.1419
-57.9629
-57.6792
-57.2886
-56.7891
-56.1782
-55.4508
-54.6001
-53.611
-52.4592
-51.1033
-49.4846
-47.7135
5.92664
10.1679
14.7216
19.0936
22.9831
26.6509
29.9046
32.6941
35.0953
37.1498
38.6797
41.0985
43.3182
45.005
46.5058
47.9189
49.1838
50.2852
51.2444
52.0719
52.7659
53.3246
53.7522
54.0581
54.265
54.4001
54.4777
54.4959
54.46
54.369
54.207
53.9933
53.7244
53.3925
52.9895
52.5033
51.9136
51.1818
50.3643
1.67673
-2.58002
-7.49806
-12.9099
-18.1855
-23.4332
-28.2824
-32.3703
-35.3058
-40.0711
-43.6856
-46.0268
-47.8257
-49.3165
-50.4868
-51.3865
-52.0924
-52.6617
-53.1326
-53.5314
-53.8766
-54.1813
-54.4517
-54.676
-54.8228
-54.8698
-54.814
-54.6584
-54.403
-54.0465
-53.5881
-53.0258
-52.3563
-51.5738
-50.6653
-49.6083
-48.3647
-46.8782
-45.2517
5.73709
9.79594
14.1459
18.2938
21.9546
25.3564
28.3229
30.7975
32.8591
34.5656
35.6777
38.2281
40.6387
42.3934
43.9481
45.4397
46.7858
47.9582
48.9815
49.8683
50.6161
51.2209
51.687
52.024
52.2555
52.412
52.51
52.5466
52.53
52.4589
52.3082
52.1095
51.8592
51.5465
51.1638
50.7007
50.1377
49.4361
48.6544
1.66965
-2.39319
-7.07006
-12.1616
-17.0515
-21.797
-26.0025
-29.355
-31.4587
-36.5153
-40.3119
-42.6096
-44.3568
-45.8437
-47.0226
-47.9235
-48.6273
-49.195
-49.6662
-50.066
-50.4128
-50.7207
-50.9973
-51.2312
-51.3916
-51.4556
-51.4213
-51.2917
-51.0673
-50.7484
-50.334
-49.8231
-49.214
-48.5012
-47.6732
-46.7104
-45.5772
-44.2218
-42.7484
5.55662
9.43344
13.5794
17.5055
20.9398
24.0786
26.7663
28.931
30.6699
32.0248
32.7559
35.3787
37.943
39.7624
41.3627
42.9198
44.3392
45.5788
46.6633
47.6079
48.4093
49.0617
49.5688
49.9393
50.1975
50.3767
50.4959
50.5512
50.555
50.5042
50.3664
50.1842
49.9539
49.6622
49.3016
48.8628
48.3276
47.6572
46.911
1.67216
-2.19717
-6.63288
-11.4057
-15.9184
-20.1692
-23.769
-26.4185
-27.7798
-32.9592
-36.9042
-39.1762
-40.8626
-42.3285
-43.5073
-44.4068
-45.1056
-45.6689
-46.137
-46.5352
-46.8811
-47.1898
-47.4696
-47.7104
-47.8808
-47.958
-47.9411
-47.8332
-47.6358
-47.35
-46.9753
-46.5121
-45.9598
-45.3139
-44.5644
-43.6942
-42.6698
-41.4399
-40.0921
5.38674
9.08361
13.0269
16.7355
19.9466
22.8272
25.2453
27.1035
28.5341
29.5243
29.91
32.5491
35.2245
37.1023
38.7438
40.3584
41.8458
43.151
44.2957
45.297
46.1512
46.8513
47.3998
47.8059
48.0947
48.3013
48.4459
48.5235
48.5498
48.5198
48.3964
48.2309
48.0198
47.7487
47.4106
46.9973
46.4916
45.8551
45.1497
1.684
-1.99374
-6.19101
-10.6495
-14.797
-18.5622
-21.5965
-23.5592
-24.2841
-29.4256
-33.4591
-35.7191
-37.3445
-38.7753
-39.9436
-40.8374
-41.5288
-42.0866
-42.5528
-42.952
-43.3012
-43.615
-43.9019
-44.155
-44.344
-44.4457
-44.4576
-44.3833
-44.2253
-43.9838
-43.6596
-43.2533
-42.7645
-42.1893
-41.5196
-40.739
-39.8202
-38.7216
-37.552
5.22899
8.75041
12.4959
15.9923
18.9849
21.6133
23.7717
25.325
26.4585
27.0613
27.1277
29.7334
32.4772
34.4013
36.0781
37.7433
39.2969
40.6712
41.8818
42.9459
43.8585
44.6098
45.1998
45.6381
45.9532
46.1857
46.3574
46.4622
46.5175
46.5143
46.4135
46.272
46.0853
45.838
45.5234
45.1345
44.655
44.0453
43.3632
1.70391
-1.78717
-5.75092
-9.90376
-13.6997
-16.9923
-19.5009
-20.7841
-20.9733
-25.933
-29.9784
-32.2316
-33.8018
-35.1877
-36.3361
-37.2196
-37.8997
-38.444
-38.8964
-39.2826
-39.6211
-39.9272
-40.2105
-40.4626
-40.6516
-40.7557
-40.7743
-40.7122
-40.5727
-40.3563
-40.0649
-39.7003
-39.263
-38.7507
-38.1574
-37.4677
-36.6517
-35.6547
-34.5281
5.08529
8.44081
11.9978
15.2906
18.0679
20.4493
22.3506
23.5916
24.4318
24.6188
24.3819
26.9155
29.6967
31.6554
33.3553
35.0563
36.6656
38.1065
39.3877
40.5247
41.5115
42.3349
42.9897
43.4789
43.8278
44.0822
44.2706
44.3907
44.4642
44.478
44.3974
44.2791
44.1206
43.9063
43.6295
43.2829
42.8527
42.3056
41.7198
1.72842
-1.58566
-5.32537
-9.18531
-12.6424
-15.4738
-17.4894
-18.0938
-17.837
-22.4946
-26.4676
-28.7074
-30.2302
-31.5649
-32.6828
-33.5524
-34.2308
-34.7838
-35.2529
-35.6593
-36.0175
-36.3412
-36.6429
-36.9204
-37.1494
-37.3039
-37.3777
-37.3748
-37.2983
-37.1493
-36.9293
-36.639
-36.2785
-35.845
-35.3329
-34.7315
-34.0266
-33.2017
-32.4024
4.95629
8.15997
11.5428
14.6439
17.2114
19.3508
20.9839
21.8901
22.435
22.1721
21.6238
24.0546
26.8624
28.8638
30.5944
32.328
33.9797
35.4693
36.8031
37.9967
39.0432
39.9299
40.6559
41.2267
41.6598
41.9909
42.2419
42.4122
42.5271
42.5637
42.5011
42.3915
42.2343
42.0176
41.7383
41.3908
40.9574
40.3788
39.6913
1.75271
-1.39968
-4.93087
-8.51599
-11.6445
-14.0214
-15.5652
-15.4888
-14.8536
-19.117
-22.9313
-25.1376
-26.6216
-27.9082
-28.9866
-29.8151
-30.437
-30.9192
-31.3153
-31.6578
-31.9671
-32.2581
-32.5384
-32.7937
-32.9879
-33.1034
-33.1459
-33.1207
-33.0302
-32.8758
-32.6611
-32.3893
-32.0633
-31.6834
-31.2447
-30.7319
-30.1057
-29.283
-28.2193
4.84021
7.90379
11.1263
14.0516
16.4247
18.3399
19.6997
20.2681
20.5286
19.7459
18.8126
21.094
23.903
25.9514
27.7524
29.5763
31.3252
32.9063
34.3226
35.588
36.6892
37.6007
38.3133
38.8457
39.2551
39.6038
39.904
40.1496
40.3611
40.4782
40.5204
40.5261
40.4896
40.394
40.2311
39.9976
39.7008
39.3552
39.1248
1.77717
-1.22865
-4.56941
-7.90582
-10.7236
-12.6728
-13.7755
-12.9994
-11.9948
-15.8025
-19.3724
-21.5124
-22.9556
-24.1953
-25.2618
-26.1419
-26.8731
-27.4915
-28.0178
-28.4644
-28.8468
-29.1834
-29.4975
-29.8071
-30.1044
-30.3528
-30.5316
-30.6441
-30.6933
-30.6805
-30.6052
-30.4662
-30.2619
-29.9906
-29.651
-29.2446
-28.7922
-28.346
-28.1658
4.73858
7.67271
10.7488
13.5162
15.7194
17.4448
18.5575
18.8525
18.8569
17.391
15.9333
18.0418
20.7659
22.74
24.5314
26.4343
28.3301
30.0993
31.7289
33.2285
34.5851
35.7641
36.7169
37.3954
37.8085
38.0549
38.2129
38.2928
38.3298
38.3296
38.2231
38.043
37.8341
37.6034
37.3415
37.0247
36.5914
35.871
34.7262
1.8066
-1.064
-4.2322
-7.35201
-9.89506
-11.4967
-12.2147
-10.67
-9.24615
-12.5407
-15.7854
-17.8348
-19.2535
-20.403
-21.2698
-21.8501
-22.2213
-22.4872
-22.7229
-22.965
-23.2249
-23.5046
-23.7957
-24.055
-24.2231
-24.3028
-24.324
-24.2937
-24.2129
-24.085
-23.9161
-23.7139
-23.4846
-23.2308
-22.9456
-22.6012
-22.1135
-21.3072
-19.9191
4.66607
7.51743
10.491
13.1272
15.1732
16.7035
17.5493
17.5859
17.2203
14.8152
12.8438
14.9883
17.7055
19.499
21.0372
22.704
24.4283
26.1005
27.6948
29.21
30.6366
31.9789
33.2653
34.5082
35.6248
36.5615
37.3339
38.0124
38.6435
39.0316
39.3352
39.6009
39.7735
39.8375
39.8025
39.709
39.675
39.9618
41.0338
1.82134
-0.952998
-3.98876
-6.92501
-9.2133
-10.5135
-10.7865
-8.36499
-6.58148
-9.33449
-12.1345
-14.027
-15.5167
-16.9253
-18.2544
-19.4548
-20.4965
-21.3442
-21.9957
-22.4803
-22.8423
-23.1268
-23.395
-23.7311
-24.1791
-24.6565
-25.0793
-25.4385
-25.7388
-25.982
-26.1615
-26.2689
-26.2999
-26.2543
-26.1445
-26.0051
-25.9471
-26.1886
-27.2387
4.63872
7.52574
10.5012
13.0644
14.9477
16.1864
16.5772
16.0665
14.8017
11.1946
9.09633
11.6915
15.0077
17.3027
19.1445
20.9027
22.5918
24.166
25.6096
26.8931
27.9282
28.568
28.7032
28.3824
28.0082
27.8334
27.7766
27.6886
27.5047
27.4395
27.2156
26.9629
26.8261
26.7379
26.6348
26.4586
25.9788
24.7135
21.8995
1.75703
-1.03613
-4.04076
-6.83739
-8.8231
-9.65196
-9.04317
-5.66451
-3.90406
-6.22063
-8.50222
-9.98376
-10.9054
-11.3754
-11.4415
-11.2642
-11.0195
-10.8662
-10.8628
-11.0022
-11.2486
-11.5698
-11.9084
-12.1365
-12.1355
-11.9943
-11.8329
-11.6617
-11.4743
-11.268
-11.0571
-10.8572
-10.6789
-10.5244
-10.3775
-10.1778
-9.73629
-8.69823
-6.42168
4.6275
7.63531
10.6931
13.2503
15.0026
15.9221
15.7626
14.4606
11.8805
7.06523
4.40141
6.73795
10.3151
13.5843
16.7737
19.9862
23.2334
26.5142
29.8572
33.3081
36.9191
40.6715
44.3443
47.5167
49.5841
50.6201
51.7163
52.4463
53.6359
56.2933
55.3213
55.064
55.409
55.5712
55.4677
55.3872
55.7186
57.0978
60.1415
1.61025
-1.30355
-4.37441
-7.09702
-8.77937
-8.99576
-7.1576
-2.91559
-1.1737
-2.9467
-5.14461
-7.5337
-10.0876
-12.7446
-15.1958
-17.2078
-18.7336
-19.7533
-20.3579
-20.6798
-20.8416
-20.9482
-21.1511
-21.7024
-22.7219
-23.8814
-24.902
-25.7971
-26.6174
-27.3673
-28.0241
-28.5696
-29.0015
-29.3312
-29.6032
-29.918
-30.5488
-31.9341
-34.8521
680.312
658.146
634.562
609.493
583.668
557.611
531.76
506.338
481.465
457.227
433.696
410.941
389.026
368.004
347.921
328.812
310.702
293.604
277.52
262.443
248.353
235.224
223.021
211.707
201.235
191.56
182.634
174.408
166.835
159.871
153.469
147.59
142.191
137.236
132.687
128.508
124.665
121.125
117.855
114.822
111.996
109.345
106.843
104.46
102.172
99.9545
97.7873
95.6512
93.5302
91.4108
89.2822
87.1363
84.9675
82.7725
80.5499
78.3006
76.0271
73.7331
71.4235
69.1042
66.7813
64.4617
62.1526
59.8612
57.596
55.3632
53.176
51.3119
49.6794
48.005
46.2955
44.5735
42.8033
41.244
39.1065
38.9303
33.7917
41.7531
20.0794
62.3482
682.925
669.297
652.93
635.399
614.776
590.55
562.834
531.914
498.54
463.931
429.351
395.673
363.265
332.185
302.403
273.906
246.697
220.783
196.152
172.775
150.617
129.633
109.777
91.0019
73.2607
56.5141
40.7243
25.8587
11.8908
-1.19988
-13.4275
-24.8053
-35.3429
-45.0466
-53.9222
-61.9761
-69.2157
-75.6512
-81.2946
-86.1621
-90.2733
-93.6513
-96.3242
-98.3231
-99.6824
-100.44
-100.638
-100.318
-99.5242
-98.3019
-96.6962
-94.7521
-92.513
-90.0206
-87.3152
-84.4343
-81.4123
-78.2813
-75.0702
-71.8046
-68.5076
-65.1987
-61.8952
-58.6112
-55.3604
-52.1498
-48.9933
-46.3257
-43.9819
-41.6123
-39.0429
-36.6729
-33.6346
-31.8406
-27.3434
-28.0914
-18.8209
-27.9346
-4.96935
-36.2178
251.62
251.978
254.105
255.817
257.255
258.198
258.579
258.34
257.466
255.959
253.826
251.082
247.751
243.863
239.459
234.582
229.288
223.638
217.693
211.52
205.19
198.767
192.316
185.897
179.566
173.37
167.351
161.541
155.966
150.645
145.588
140.802
136.287
132.038
128.048
124.306
120.799
117.512
114.429
111.532
108.802
106.221
103.768
101.425
99.1718
96.9916
94.8665
92.7806
90.7196
88.6708
86.6236
84.5693
82.5012
80.4146
78.3067
76.1767
74.0251
71.8542
69.6671
67.4683
65.2631
63.0574
60.8578
58.671
56.5049
54.3652
52.2661
50.4738
48.9032
47.2908
45.6408
43.9785
42.2645
40.7619
38.6851
38.5304
33.5586
41.1915
20.5058
61.0457
251.848
251.019
250.526
250.337
249.977
249.512
248.934
247.98
246.296
243.569
239.6
234.32
227.739
219.892
210.842
200.692
189.572
177.62
164.991
151.836
138.304
124.541
110.682
96.8534
83.1638
69.7113
56.5786
43.8344
31.536
19.7308
8.45871
-2.2497
-12.3691
-21.8775
-30.7574
-38.9943
-46.5772
-53.4983
-59.7525
-65.3393
-70.2615
-74.5255
-78.1433
-81.1303
-83.5061
-85.2948
-86.5245
-87.2263
-87.434
-87.1836
-86.5132
-85.4618
-84.0682
-82.3713
-80.4092
-78.2187
-75.8344
-73.2894
-70.6141
-67.8365
-64.9819
-62.0729
-59.1299
-56.1698
-53.2092
-50.2584
-47.3322
-44.8437
-42.6453
-40.4232
-37.9829
-35.7542
-32.8228
-31.162
-26.7705
-27.5791
-18.5702
-27.3679
-5.34106
-35.3186
143.318
143.849
144.351
144.753
145.299
145.913
146.615
147.386
148.211
149.068
149.929
150.766
151.547
152.241
152.812
153.226
153.455
153.468
153.238
152.748
151.983
150.936
149.608
148.007
146.147
144.05
141.742
139.255
136.621
133.876
131.053
128.186
125.306
122.438
119.606
116.83
114.122
111.493
108.949
106.493
104.124
101.839
99.6313
97.4935
95.4167
93.3909
91.4058
89.4509
87.516
85.5916
83.6692
81.7413
79.8019
77.8464
75.8716
73.876
71.8591
69.8222
67.7674
65.6982
63.619
61.5351
59.4525
57.3775
55.3176
53.2781
51.2735
49.5591
48.0557
46.5104
44.9256
43.3283
41.6789
40.2301
38.2405
38.0522
33.3817
40.4347
21.1171
59.2631
142.638
141.343
139.834
138.32
136.702
134.931
133.009
130.918
128.642
126.19
123.588
120.878
118.096
115.244
112.278
109.127
105.709
101.949
97.7869
93.1752
88.0814
82.4893
76.4008
69.8368
62.8339
55.4433
47.7278
39.7587
31.6127
23.3691
15.1083
6.9068
-1.16324
-9.03292
-16.6408
-23.9311
-30.8549
-37.37
-43.4401
-49.0358
-54.1339
-58.7169
-62.7739
-66.2997
-69.2947
-71.7649
-73.7216
-75.1807
-76.1626
-76.6911
-76.7935
-76.4996
-75.8407
-74.8498
-73.56
-72.0047
-70.2164
-68.2268
-66.066
-63.7624
-61.3423
-58.8298
-56.2474
-53.6141
-50.9484
-48.2635
-45.5747
-43.2729
-41.2277
-39.1573
-36.859
-34.7672
-31.9767
-30.4057
-26.2203
-26.9403
-18.4418
-26.5853
-5.89854
-34.2117
146.979
147.413
147.694
147.88
147.955
147.893
147.706
147.39
146.951
146.394
145.725
144.955
144.093
143.148
142.133
141.055
139.925
138.749
137.532
136.278
134.986
133.655
132.281
130.859
129.383
127.847
126.246
124.577
122.839
121.032
119.16
117.231
115.253
113.236
111.192
109.134
107.072
105.019
102.982
100.971
98.9893
97.0414
95.128
93.2484
91.4001
89.5787
87.7794
85.9961
84.2224
82.452
80.6785
78.8963
77.1006
75.2871
73.453
71.5967
69.7173
67.8156
65.8933
63.953
61.9987
60.0349
58.0672
56.1015
54.145
52.2029
50.29
48.6498
47.2087
45.7256
44.2019
42.6653
41.0759
39.6794
37.76
37.5728
33.0926
39.8502
21.2825
58.1034
146.355
145.444
144.359
143.167
141.857
140.36
138.599
136.496
133.97
130.958
127.451
123.5
119.201
114.658
109.944
105.099
100.14
95.0778
89.9201
84.6742
79.3407
73.9137
68.3838
62.7401
56.9714
51.0691
45.0289
38.8526
32.549
26.1352
19.6369
13.0863
6.52118
-0.0136388
-6.47156
-12.8037
-18.9609
-24.896
-30.5638
-35.9229
-40.9369
-45.5733
-49.8057
-53.6137
-56.9825
-59.9028
-62.371
-64.3897
-65.9661
-67.1121
-67.8442
-68.1819
-68.1486
-67.7698
-67.0724
-66.0852
-64.837
-63.3568
-61.673
-59.8132
-57.8035
-55.6687
-53.4318
-51.1134
-48.7335
-46.3079
-43.8521
-41.7326
-39.8338
-37.9075
-35.7453
-33.786
-31.1278
-29.6561
-25.6398
-26.3458
-18.1953
-25.9912
-6.10085
-33.521
124.204
124.53
124.874
125.215
125.536
125.833
126.102
126.33
126.511
126.635
126.691
126.671
126.567
126.37
126.075
125.676
125.172
124.56
123.843
123.023
122.106
121.098
120.007
118.841
117.608
116.318
114.977
113.593
112.171
110.715
109.23
107.72
106.185
104.63
103.057
101.469
99.8691
98.2615
96.6493
95.0363
93.4255
91.8193
90.2193
88.6264
87.0401
85.4589
83.8808
82.3028
80.7211
79.1319
77.5311
75.9148
74.2794
72.6217
70.9396
69.2315
67.4969
65.7363
63.9511
62.1437
60.3176
58.4769
56.6267
54.7727
52.922
51.0793
49.26
47.6949
46.3169
44.8968
43.4352
41.9598
40.431
39.0876
37.235
37.0638
32.7286
39.3072
21.2296
57.2054
123.65
122.732
121.743
120.77
119.784
118.772
117.712
116.565
115.287
113.821
112.101
110.078
107.733
105.075
102.124
98.8975
95.4027
91.6403
87.6116
83.3254
78.7973
74.0464
69.0935
63.9608
58.6707
53.245
47.7049
42.0702
36.3595
30.591
24.7839
18.957
13.1306
7.32858
1.5762
-4.09825
-9.66399
-15.0885
-20.338
-25.3786
-30.1768
-34.7007
-38.9206
-42.811
-46.3496
-49.5185
-52.3043
-54.6993
-56.7003
-58.3088
-59.5309
-60.3771
-60.8616
-61.0023
-60.8189
-60.3343
-59.5724
-58.5583
-57.3172
-55.8746
-54.2556
-52.484
-50.5828
-48.5731
-46.4755
-44.3078
-42.0854
-40.1483
-38.3964
-36.6151
-34.5903
-32.7659
-30.2382
-28.8779
-25.0093
-25.7524
-17.8573
-25.4719
-6.11955
-32.9708
97.1424
97.4175
97.7376
98.0552
98.3807
98.7131
99.0507
99.3928
99.7373
100.082
100.424
100.76
101.086
101.397
101.686
101.947
102.173
102.356
102.488
102.561
102.568
102.503
102.358
102.13
101.815
101.413
100.924
100.35
99.6935
98.9595
98.1536
97.2815
96.3492
95.3628
94.3282
93.2508
92.1354
90.9867
89.8087
88.6049
87.3785
86.132
84.8675
83.5864
82.2897
80.9774
79.6492
78.3042
76.9406
75.5566
74.15
72.7186
71.2602
69.7728
68.2551
66.7062
65.1259
63.5148
61.8743
60.2067
58.5151
56.8035
55.0767
53.3402
51.6008
49.8632
48.1428
46.6577
45.3474
43.9948
42.6
41.1899
39.7263
38.4386
36.6615
36.4989
32.3323
38.6834
21.1715
56.191
96.6864
95.8917
95.0339
94.1965
93.3288
92.4248
91.5043
90.5579
89.5569
88.4753
87.2814
85.9367
84.4137
82.7067
80.8262
78.7851
76.591
74.2435
71.7322
69.0407
66.1554
63.0671
59.7704
56.263
52.5462
48.6255
44.5104
40.2146
35.7548
31.1511
26.4263
21.6046
16.7108
11.7724
6.81658
1.87158
-3.0337
-7.86992
-12.6071
-17.2151
-21.664
-25.9239
-29.9661
-33.7637
-37.2918
-40.5284
-43.4545
-46.0552
-48.3195
-50.2407
-51.8163
-53.0479
-53.9416
-54.5068
-54.7563
-54.7058
-54.3737
-53.7798
-52.9452
-51.8921
-50.643
-49.22
-47.645
-45.9388
-44.1216
-42.2123
-40.2255
-38.4743
-36.874
-35.2424
-33.3616
-31.6771
-29.2876
-28.0424
-24.3312
-25.1102
-17.4865
-24.9007
-6.13019
-32.3354
80.7279
81.0342
81.3699
81.7019
82.041
82.3828
82.7268
83.0719
83.4169
83.7606
84.1021
84.4399
84.7729
85.0997
85.4189
85.7286
86.027
86.3124
86.5815
86.8314
87.0592
87.2604
87.4304
87.5643
87.6573
87.7039
87.6991
87.638
87.5162
87.3304
87.0782
86.7582
86.3704
85.9153
85.3947
84.8113
84.168
83.4685
82.7164
81.9155
81.0692
80.1805
79.2523
78.2869
77.2863
76.2519
75.1844
74.0842
72.9511
71.7848
70.5846
69.3495
68.0786
66.7711
65.4263
64.0441
62.6247
61.1691
59.6786
58.1558
56.6034
55.0256
53.4266
51.8121
50.1884
48.5602
46.9433
45.5422
44.3033
43.0218
41.6975
40.3561
38.962
37.7319
36.0379
35.875
31.903
37.9765
21.1044
55.0579
80.3166
79.6804
78.9911
78.3037
77.5781
76.8019
75.9941
75.1678
74.3144
73.4107
72.4329
71.3521
70.1334
68.7518
67.2051
65.5092
63.683
61.7413
59.6936
57.5398
55.2721
52.8821
50.3641
47.7132
44.9247
41.994
38.9177
35.6945
32.3249
28.8125
25.1643
21.3904
17.5034
13.5205
9.46113
5.3474
1.20379
-2.9436
-7.06717
-11.1386
-15.1291
-19.0096
-22.7515
-26.3272
-29.7104
-32.8765
-35.8032
-38.4709
-40.8632
-42.9671
-44.7734
-46.2767
-47.4752
-48.3713
-48.9706
-49.2821
-49.3178
-49.0919
-48.6208
-47.9224
-47.0158
-45.9204
-44.6562
-43.2427
-41.699
-40.0444
-38.2922
-36.728
-35.2812
-33.8018
-32.069
-30.5271
-28.2827
-27.1527
-23.6119
-24.4169
-17.0914
-24.2722
-6.13519
-31.6282
69.434
69.7328
70.0534
70.3777
70.7118
71.0527
71.4005
71.7539
72.112
72.4736
72.8373
73.2016
73.5649
73.9254
74.2813
74.6304
74.971
75.3009
75.618
75.9203
76.2059
76.4728
76.7186
76.9415
77.1393
77.3098
77.4502
77.5581
77.6305
77.6645
77.6569
77.6049
77.5057
77.3567
77.1558
76.9013
76.5923
76.2283
75.8095
75.3366
74.8104
74.2324
73.604
72.9266
72.2017
71.4306
70.6141
69.7531
68.8481
67.8992
66.9066
65.8701
64.7896
63.6649
62.4962
61.2836
60.028
58.7305
57.3926
56.0168
54.6061
53.1642
51.6955
50.2052
48.6998
47.1837
45.6728
44.3582
43.1926
41.9843
40.7326
39.462
38.14
36.9682
35.3622
35.1941
31.4278
37.211
20.9785
53.8989
69.0641
68.5352
67.9631
67.3864
66.7795
66.1301
65.444
64.7322
64.0045
63.2592
62.4803
61.6469
60.7351
59.7136
58.5545
57.2487
55.8047
54.2368
52.5571
50.7747
48.8919
46.904
44.8054
42.5939
40.2688
37.83
35.2771
32.6106
29.8311
26.9404
23.9416
20.8385
17.6366
14.3439
10.9702
7.52759
4.03098
0.497424
-3.05358
-6.60055
-10.1204
-13.5885
-16.9796
-20.2682
-23.429
-26.4373
-29.2697
-31.9044
-34.3221
-36.5058
-38.4415
-40.1183
-41.5289
-42.6694
-43.5392
-44.1411
-44.4811
-44.568
-44.4129
-44.0294
-43.4323
-42.638
-41.6637
-40.5268
-39.2447
-37.8364
-36.3137
-34.9338
-33.6396
-32.3114
-30.7277
-29.3285
-27.233
-26.2174
-22.8538
-23.6828
-16.6612
-23.6127
-6.09486
-30.9065
59.7795
60.0472
60.3343
60.6284
60.9337
61.2485
61.5731
61.9071
62.2503
62.602
62.9616
63.3285
63.7018
64.0802
64.4626
64.8477
65.2337
65.6186
66.0007
66.3777
66.7471
67.1065
67.4534
67.7852
68.0991
68.3927
68.6633
68.9087
69.1261
69.3135
69.4686
69.5889
69.6725
69.7173
69.721
69.6818
69.5976
69.4668
69.2878
69.0594
68.7805
68.4505
68.0689
67.6356
67.1506
66.6138
66.0256
65.3862
64.6956
63.9541
63.1618
62.3188
61.4252
60.4811
59.487
58.4434
57.3512
56.2117
55.0267
53.7985
52.5301
51.225
49.8876
48.523
47.1374
45.7351
44.3319
43.1055
42.0147
40.8811
39.7039
38.5056
37.2578
36.1451
34.6306
34.4544
30.8996
36.3917
20.7836
52.7333
59.4568
59.0079
58.5237
58.0341
57.5192
56.9704
56.3903
55.7795
55.1429
54.4909
53.8273
53.1419
52.4183
51.6383
50.7768
49.8074
48.7174
47.511
46.1987
44.7898
43.292
41.7078
40.0323
38.2587
36.3827
34.4027
32.3176
30.1269
27.831
25.4311
22.9301
20.3313
17.6392
14.8601
12.0012
9.0712
6.08048
3.04097
-0.0336293
-3.12779
-6.22444
-9.30461
-12.3481
-15.334
-18.2401
-21.0443
-23.7244
-26.2593
-28.6287
-30.814
-32.7986
-34.5683
-36.1117
-37.4203
-38.4885
-39.314
-39.8976
-40.2427
-40.3556
-40.2453
-39.9225
-39.3997
-38.6911
-37.8116
-36.7763
-35.6032
-34.3019
-33.1017
-31.9572
-30.778
-29.343
-28.0853
-26.1409
-25.2392
-22.0562
-22.911
-16.1906
-22.929
-6.00164
-30.1801
51.757
51.9969
52.2537
52.5181
52.7933
53.0784
53.3737
53.679
53.9944
54.3196
54.6544
54.9987
55.3519
55.7136
56.0832
56.4601
56.8433
57.2319
57.6247
58.0205
58.4177
58.8145
59.2092
59.5996
59.9832
60.3578
60.7205
61.0688
61.3996
61.7101
61.9975
62.2587
62.4913
62.6924
62.8596
62.9903
63.0824
63.1337
63.1422
63.106
63.0235
62.8931
62.7133
62.4829
62.201
61.8665
61.4789
61.0374
60.5417
59.9913
59.3861
58.7258
58.0104
57.2401
56.4152
55.5363
54.6042
53.6203
52.5862
51.5043
50.3774
49.2089
48.0028
46.7643
45.4992
44.2118
42.9177
41.7808
40.7662
39.7087
38.6075
37.4831
36.3112
35.2587
33.8386
33.6527
30.3147
35.5129
20.5294
51.5399
51.4759
51.0946
50.6841
50.268
49.8298
49.3618
48.8676
48.3479
47.7992
47.2236
46.6307
46.0273
45.4083
44.7609
44.0704
43.3164
42.4749
41.5314
40.4872
39.3514
38.1329
36.8395
35.4754
34.0375
32.5193
30.916
29.2251
27.4449
25.5738
23.6108
21.5561
19.4104
17.1755
14.8551
12.4536
9.97703
7.43289
4.83009
2.17909
-0.508234
-3.21837
-5.93645
-8.64622
-11.3303
-13.9704
-16.5471
-19.041
-21.4323
-23.7019
-25.8311
-27.8025
-29.6003
-31.2106
-32.6219
-33.8251
-34.8137
-35.5841
-36.1354
-36.4694
-36.5905
-36.5056
-36.2234
-35.7544
-35.111
-34.3053
-33.3541
-32.2643
-31.2372
-30.2387
-29.205
-27.9175
-26.7994
-25.0072
-24.2183
-21.2187
-22.1001
-15.6798
-22.216
-5.86459
-29.4371
45.2777
45.4931
45.723
45.9606
46.2085
46.4661
46.7336
47.0112
47.2989
47.5967
47.9045
48.2223
48.5499
48.8871
49.2335
49.5887
49.9522
50.3235
50.7018
51.0864
51.4762
51.8702
52.2671
52.6657
53.0643
53.4611
53.8545
54.2423
54.6221
54.9915
55.3481
55.6889
56.0112
56.3121
56.5885
56.8376
57.0565
57.2423
57.3924
57.5041
57.575
57.6028
57.5855
57.5209
57.4074
57.2433
57.0272
56.7577
56.4337
56.0541
55.6184
55.1257
54.5758
53.9683
53.3035
52.5816
51.8033
50.9697
50.0824
49.1433
48.1552
47.1212
46.0452
44.9319
43.787
42.6146
41.43
40.3833
39.4456
38.4652
37.4411
36.3918
35.2974
34.3059
32.9827
32.7857
29.6702
34.5703
20.2198
50.3032
45.0317
44.7067
44.3572
44.002
43.6281
43.2284
42.8049
42.3595
41.8914
41.397
40.8759
40.3354
39.7837
39.2206
38.6365
38.019
37.3512
36.6114
35.7836
34.866
33.8656
32.7907
31.6493
30.4468
29.1822
27.8499
26.4456
24.9669
23.4125
21.7813
20.0724
18.2854
16.4202
14.4781
12.4612
10.3726
8.21652
5.99872
3.72624
1.40749
-0.947534
-3.3274
-5.7193
-8.10924
-10.482
-12.8213
-15.1101
-17.331
-19.4663
-21.4984
-23.4104
-25.186
-26.8102
-28.2699
-29.5534
-30.6515
-31.5572
-32.2662
-32.7763
-33.088
-33.2045
-33.1307
-32.8738
-32.4431
-31.8478
-31.1028
-30.2123
-29.3504
-28.4924
-27.5995
-26.4565
-25.4749
-23.8349
-23.157
-20.3427
-21.2506
-15.1304
-21.4709
-5.68977
-28.6708
39.9124
40.1044
40.3087
40.5208
40.7425
40.9734
41.2139
41.4641
41.7242
41.9944
42.2747
42.5651
42.8657
43.1763
43.497
43.8275
44.1675
44.5166
44.8744
45.2405
45.6141
45.9945
46.3807
46.7718
47.1666
47.5638
47.962
48.3598
48.7551
49.1462
49.5311
49.9075
50.2731
50.6254
50.9618
51.2795
51.5756
51.8472
52.0915
52.3053
52.4859
52.6303
52.7358
52.7998
52.8198
52.7935
52.7187
52.5934
52.4158
52.1842
51.8975
51.5542
51.1536
50.6949
50.1777
49.6022
48.9685
48.2773
47.53
46.7283
45.8743
44.971
44.0219
43.0315
42.0051
40.9466
39.8708
38.9142
38.0535
37.1505
36.2039
35.2303
34.2141
33.2844
32.0594
31.851
28.9621
33.5623
19.8538
49.0196
39.6972
39.4185
39.119
38.8142
38.4937
38.1514
37.7883
37.405
37.0017
36.5781
36.1316
35.6598
35.1669
34.6615
34.1471
33.6176
33.0624
32.4679
31.8154
31.0878
30.28
29.3967
28.4455
27.434
26.3683
25.2486
24.0705
22.8293
21.5227
20.1499
18.7101
17.2026
15.627
13.9835
12.2732
10.4976
8.65931
6.76179
4.80957
2.8083
0.764921
-1.31228
-3.41376
-5.52881
-7.64526
-9.74992
-11.8286
-13.8662
-15.8473
-17.756
-19.5762
-21.2924
-22.8896
-24.3539
-25.6724
-26.8342
-27.8299
-28.6524
-29.2967
-29.76
-30.0419
-30.1443
-30.0709
-29.8281
-29.4221
-28.8657
-28.1603
-27.4537
-26.7293
-25.9708
-24.968
-24.1185
-22.629
-22.059
-19.4306
-20.3642
-14.5441
-20.6938
-5.47957
-27.8787
35.3715
35.5417
35.7227
35.911
36.108
36.3136
36.5283
36.7521
36.9853
37.228
37.4806
37.743
38.0155
38.2981
38.5907
38.8935
39.2064
39.5291
39.8614
40.2032
40.5539
40.9132
41.2804
41.6549
42.0357
42.422
42.8126
43.2064
43.6019
43.9975
44.3916
44.7824
45.1678
45.5458
45.9139
46.2699
46.611
46.9348
47.2383
47.5188
47.7732
47.9986
48.1921
48.3507
48.4715
48.5518
48.5887
48.5799
48.5229
48.4155
48.2557
48.0418
47.7723
47.446
47.062
46.6197
46.119
45.5603
44.9441
44.272
43.5455
42.7674
41.9406
41.0694
40.1583
39.2113
38.2426
37.3749
36.5905
35.7643
34.8951
33.997
33.0591
32.1917
31.0654
30.8461
28.1868
32.4873
19.4307
47.686
35.1834
34.9433
34.6856
34.423
34.1469
33.8526
33.5405
33.2107
32.8624
32.4955
32.1106
31.7058
31.2778
30.8278
30.3634
29.8905
29.4066
28.9033
28.3697
27.7896
27.1459
26.431
25.6474
24.8017
23.9011
22.952
21.9563
20.91
19.8086
18.6495
17.432
16.1554
14.8189
13.4223
11.9657
10.4499
8.87633
7.2471
5.56524
3.83459
2.06004
0.247537
-1.59584
-3.46201
-5.34159
-7.22411
-9.09807
-10.951
-12.7697
-14.5402
-16.2483
-17.8796
-19.4197
-20.8549
-22.1722
-23.3596
-24.4065
-25.3038
-26.0443
-26.6228
-27.036
-27.283
-27.3646
-27.2843
-27.0454
-26.6585
-26.1222
-25.5595
-24.9604
-24.3287
-23.4601
-22.7368
-21.3947
-20.9286
-18.4853
-19.443
-13.9223
-19.8846
-5.23745
-27.0581
31.4968
31.6474
31.8074
31.9741
32.1488
32.3314
32.5222
32.7215
32.9296
33.1466
33.3727
33.6083
33.8533
34.108
34.3726
34.6471
34.9315
35.2259
35.5301
35.8441
36.1677
36.5007
36.8426
37.1932
37.5517
37.9176
38.2901
38.6683
39.0512
39.4376
39.8262
40.2153
40.6035
40.9888
41.3694
41.743
42.1075
42.4603
42.7989
43.1206
43.4227
43.7022
43.9563
44.1819
44.376
44.5358
44.6581
44.7401
44.7791
44.7725
44.7178
44.6127
44.4553
44.2437
43.9767
43.6532
43.2724
42.8341
42.3386
41.7866
41.1796
40.5194
39.8088
39.0514
38.2513
37.4122
36.5474
35.7667
35.0572
34.3067
33.5137
32.6906
31.8304
31.0252
29.9972
29.768
27.3401
31.3424
18.95
46.2926
31.3321
31.1247
30.9022
30.6751
30.4366
30.1825
29.9133
29.6288
29.3282
29.0105
28.6757
28.3246
27.9561
27.567
27.1561
26.7284
26.2914
25.8459
25.3862
24.903
24.3827
23.8089
23.1721
22.4726
21.7158
20.9085
20.0577
19.166
18.2308
17.2475
16.2136
15.1281
13.9903
12.7998
11.5562
10.2596
8.91058
7.51019
6.06027
4.56333
3.02271
1.44267
-0.171627
-1.81414
-3.47767
-5.15399
-6.83391
-8.5073
-10.1631
-11.7896
-13.3742
-14.9041
-16.3663
-17.7477
-19.0357
-20.2181
-21.2838
-22.2227
-23.0261
-23.6869
-24.1999
-24.5615
-24.7702
-24.827
-24.7325
-24.4952
-24.111
-23.6795
-23.1962
-22.6824
-21.9408
-21.3368
-20.1375
-19.7704
-17.5101
-18.4891
-13.2678
-19.0418
-4.96863
-26.2006
28.16
28.2931
28.4343
28.5818
28.7364
28.8983
29.0676
29.2447
29.4297
29.623
29.8248
30.0354
30.2548
30.4833
30.7211
30.9684
31.2253
31.4917
31.7679
32.0537
32.3492
32.6542
32.9686
33.2921
33.6244
33.965
34.3135
34.6693
35.0314
35.3992
35.7716
36.1474
36.5253
36.904
37.2817
37.6566
38.0269
38.3904
38.7448
39.0877
39.4166
39.7286
40.0211
40.2911
40.5357
40.7519
40.9366
41.0869
41.1997
41.2722
41.3016
41.2853
41.221
41.1064
40.9397
40.7194
40.4441
40.1132
39.7265
39.284
38.7867
38.236
37.634
36.9837
36.289
35.5529
34.7881
34.0913
33.4544
32.7776
32.0591
31.3096
30.5255
29.7825
28.8517
28.6138
26.4185
30.1231
18.4129
44.8257
28.0158
27.836
27.6434
27.4465
27.2398
27.0198
26.7868
26.5407
26.2807
26.0058
25.7154
25.4093
25.0881
24.7516
24.3971
24.0217
23.6282
23.2235
22.8117
22.3894
21.9491
21.4795
20.9655
20.3959
19.7689
19.0885
18.3613
17.5942
16.7912
15.9503
15.0676
14.1403
13.1672
12.148
11.0823
9.96967
8.81005
7.60394
6.35233
5.05667
3.71916
2.34272
0.930978
-0.511582
-1.97959
-3.46668
-4.96561
-6.46829
-7.96561
-9.44775
-10.9041
-12.3233
-13.694
-15.0041
-16.2418
-17.3955
-18.4539
-19.4067
-20.2442
-20.9584
-21.5423
-21.9909
-22.3003
-22.4696
-22.4969
-22.3888
-22.1387
-21.8249
-21.447
-21.0413
-20.4183
-19.9256
-18.8633
-18.5889
-16.5094
-17.5043
-12.5859
-18.1627
-4.68292
-25.2915
25.2617
25.3791
25.5038
25.634
25.7706
25.9138
26.0637
26.2206
26.3848
26.5565
26.736
26.9234
27.1191
27.3232
27.536
27.7575
27.9881
28.2278
28.4767
28.735
29.0027
29.2797
29.566
29.8616
30.1661
30.4795
30.8012
31.131
31.4682
31.8123
32.1625
32.5179
32.8776
33.2404
33.6049
33.9697
34.3333
34.6939
35.0494
35.3978
35.7368
36.0639
36.3767
36.6724
36.9482
37.2012
37.4285
37.627
37.7937
37.9256
38.0199
38.0736
38.0841
38.049
37.9659
37.8329
37.6483
37.411
37.1202
36.7754
36.3771
35.926
35.4237
34.873
34.2766
33.6373
32.9673
32.3505
31.7831
31.1771
30.5307
29.8527
29.1426
28.4609
27.6249
27.3797
25.4187
28.8227
17.8212
43.2659
25.1354
24.9791
24.8117
24.6404
24.4607
24.2696
24.0672
23.8536
23.6279
23.3893
23.1372
22.8709
22.5902
22.2952
21.9865
21.662
21.3184
20.9558
20.5802
20.1971
19.8059
19.4007
18.9723
18.5077
17.9954
17.4318
16.8198
16.1649
15.4737
14.7508
13.9945
13.2007
12.3664
11.491
10.5745
9.61664
8.61711
7.57577
6.49303
5.36975
4.20735
3.00776
1.77355
0.507935
-0.785123
-2.10077
-3.43342
-4.77664
-6.12313
-7.46477
-8.7927
-10.0973
-11.3686
-12.5959
-13.7684
-14.8754
-15.906
-16.8499
-17.6975
-18.4399
-19.0694
-19.5795
-19.9651
-20.2233
-20.3504
-20.3511
-20.2169
-20.0067
-19.7231
-19.4149
-18.9011
-18.5104
-17.5786
-17.3887
-15.488
-16.4888
-11.884
-17.2371
-4.39471
-24.3087
22.7049
22.8087
22.9189
23.034
23.1549
23.2816
23.4145
23.5536
23.6993
23.8518
24.0114
24.1782
24.3524
24.5345
24.7244
24.9225
25.1288
25.3437
25.5673
25.7996
26.0408
26.2909
26.55
26.818
27.0949
27.3806
27.6748
27.9773
28.2877
28.6056
28.9305
29.2617
29.5984
29.9398
30.2848
30.6323
30.9809
31.3293
31.6757
32.0184
32.3554
32.6846
33.0037
33.3103
33.6019
33.8757
34.1289
34.3587
34.562
34.7361
34.8779
34.9845
35.053
35.0806
35.065
35.004
34.8954
34.7376
34.5293
34.27
33.9591
33.597
33.1849
32.7248
32.2189
31.6695
31.0876
30.5462
30.0445
29.5058
28.9279
28.3186
27.6795
27.0578
26.3138
26.061
24.339
27.4286
17.1825
41.5841
22.594
22.4578
22.312
22.1627
22.0061
21.8396
21.6634
21.4774
21.281
21.0734
20.854
20.6222
20.3775
20.1194
19.848
19.5639
19.266
18.9508
18.6164
18.2671
17.9097
17.5465
17.1737
16.783
16.362
15.8987
15.3892
14.8368
14.2465
13.6238
12.9733
12.2939
11.5807
10.8303
10.042
9.21648
8.3538
7.45373
6.51619
5.54151
4.53061
3.48483
2.40597
1.29635
0.158914
-1.00269
-2.18415
-3.38044
-4.58574
-5.79348
-6.99634
-8.18632
-9.35472
-10.4925
-11.5899
-12.6372
-13.6244
-14.5417
-15.3795
-16.1291
-16.7821
-17.3314
-17.7706
-18.0959
-18.3019
-18.3917
-18.3551
-18.2342
-18.0337
-17.8116
-17.3972
-17.0978
-16.2908
-16.1726
-14.456
-15.4373
-11.1801
-16.2455
-4.1446
-23.2075
20.488
20.5789
20.6751
20.7759
20.8817
20.9927
21.1091
21.2311
21.3589
21.4929
21.6331
21.7798
21.9333
22.0937
22.2613
22.4364
22.619
22.8094
23.0078
23.2143
23.429
23.6522
23.8839
24.124
24.3726
24.6297
24.8953
25.169
25.4508
25.7403
26.0373
26.341
26.6512
26.9669
27.2875
27.6122
27.9397
28.269
28.5986
28.9271
29.2528
29.5739
29.8884
30.1941
30.4889
30.7702
31.0355
31.2822
31.5073
31.7083
31.8821
32.0256
32.1362
32.2111
32.2477
32.2434
32.1961
32.1037
31.9645
31.7775
31.542
31.2577
30.9252
30.5457
30.1211
29.6535
29.1523
28.6804
28.2398
27.7638
27.2501
26.7057
26.1338
25.5694
24.9147
24.6499
23.1797
25.9267
16.5133
39.7555
20.3914
20.2733
20.1469
20.0175
19.8818
19.7376
19.585
19.424
19.2542
19.0748
18.8853
18.6851
18.4735
18.2506
18.017
17.7738
17.521
17.2527
16.9546
16.6089
16.21
15.773
15.3273
14.9034
14.5245
14.196
13.8953
13.578
13.1956
12.7169
12.1453
11.5149
10.8614
10.197
9.51413
8.80086
8.05178
7.26724
6.44933
5.59922
4.71723
3.80375
2.85969
1.8866
0.886716
-0.137369
-1.18232
-2.24433
-3.31886
-4.4006
-5.48366
-6.56145
-7.62656
-8.67127
-9.68736
-10.6659
-11.5979
-12.4746
-13.2866
-14.0254
-14.683
-15.2514
-15.724
-16.096
-16.361
-16.5205
-16.5636
-16.5174
-16.3885
-16.2399
-15.9159
-15.6936
-15.0096
-14.9407
-13.4269
-14.3389
-10.4989
-15.1596
-3.97418
-21.9451
17.8425
17.9194
18.0007
18.0859
18.1754
18.2695
18.3682
18.4717
18.5804
18.6944
18.8138
18.9389
19.0699
19.207
19.3506
19.5006
19.6575
19.8212
19.9921
20.1703
20.3561
20.5494
20.7506
20.9598
21.1767
21.4019
21.6351
21.8763
22.1254
22.3822
22.6469
22.9187
23.1976
23.4829
23.7742
24.071
24.3725
24.6776
24.9856
25.2952
25.605
25.9136
26.2195
26.5209
26.816
27.1024
27.378
27.6406
27.8874
28.1161
28.3237
28.5073
28.6645
28.7923
28.888
28.9487
28.9722
28.956
28.8982
28.7972
28.6516
28.4606
28.2244
27.9433
27.6183
27.2516
26.8502
26.4649
26.1011
25.7042
25.2722
24.8108
24.3252
23.8369
23.2975
23.0266
21.8694
24.2197
15.7975
37.7241
17.7611
17.6626
17.557
17.4485
17.3349
17.2144
17.0868
16.9522
16.8102
16.6602
16.5019
16.3348
16.1584
15.9721
15.7752
15.5666
15.3459
15.1137
14.8723
14.6238
14.3666
14.0959
13.81
13.5116
13.203
12.8831
12.5474
12.1885
11.7994
11.3795
10.9301
10.4486
9.93271
9.38609
8.81394
8.21755
7.59525
6.94502
6.26586
5.55755
4.82046
4.05514
3.26212
2.44231
1.59697
0.727773
-0.163023
-1.07269
-1.9981
-2.93527
-3.87982
-4.82672
-5.7701
-6.70366
-7.62084
-8.51407
-9.37543
-10.1972
-10.9709
-11.6884
-12.3417
-12.9231
-13.4252
-13.8423
-14.1676
-14.3999
-14.5295
-14.563
-14.5162
-14.4445
-14.2318
-14.0802
-13.5651
-13.5061
-12.3
-13.0229
-9.82835
-13.8023
-3.9671
-20.3603
15.1249
15.1868
15.2523
15.3211
15.3934
15.4694
15.5491
15.633
15.7211
15.8137
15.9106
16.0124
16.1192
16.2311
16.3485
16.4714
16.6
16.7345
16.8753
17.0224
17.176
17.3363
17.5037
17.678
17.8595
18.0484
18.2447
18.4484
18.6597
18.8785
19.1048
19.3385
19.5795
19.8274
20.082
20.343
20.61
20.8822
21.1592
21.44
21.7239
22.0095
22.2959
22.5819
22.8658
23.1458
23.4202
23.6873
23.9446
24.1899
24.4208
24.6349
24.8295
25.0018
25.1493
25.2692
25.3588
25.4155
25.4372
25.4218
25.3674
25.2728
25.1375
24.9609
24.7434
24.4864
24.1959
23.9079
23.6307
23.3243
22.9866
22.6224
22.2375
21.8458
21.4303
21.2059
20.3054
22.4578
14.7574
35.9708
15.0598
14.982
14.8986
14.8127
14.7229
14.6277
14.5268
14.4205
14.3084
14.19
14.0652
13.9335
13.7944
13.6475
13.492
13.3271
13.1534
12.974
12.7944
12.6216
12.4592
12.3013
12.1314
11.9286
11.6797
11.385
11.0543
10.7022
10.3421
9.98148
9.61959
9.248
8.85419
8.42931
7.97401
7.49474
6.99575
6.47632
5.9339
5.36679
4.77464
4.15774
3.51646
2.85121
2.16245
1.4512
0.7186
-0.0335389
-0.803276
-1.58796
-2.3845
-3.1894
-3.99843
-4.80679
-5.60931
-6.40024
-7.173
-7.92103
-8.63708
-9.31379
-9.94381
-10.5198
-11.0342
-11.481
-11.8526
-12.1466
-12.3527
-12.4624
-12.4912
-12.5007
-12.3872
-12.3299
-11.9463
-11.9765
-10.9583
-11.72
-8.82794
-12.7151
-3.38719
-19.611
12.857
12.9073
12.9606
13.0167
13.0756
13.1375
13.2025
13.271
13.3429
13.4185
13.4977
13.581
13.6685
13.7601
13.8564
13.9572
14.0628
14.1735
14.2893
14.4106
14.5374
14.67
14.8085
14.9531
15.1039
15.2612
15.4248
15.5951
15.7721
15.9559
16.1465
16.344
16.5482
16.7592
16.9766
17.2004
17.4303
17.666
17.907
18.1528
18.403
18.6564
18.9124
19.1703
19.4287
19.6863
19.9417
20.1937
20.4402
20.6793
20.9092
21.1279
21.3328
21.5216
21.692
21.8412
21.967
22.0667
22.1381
22.1789
22.187
22.1612
22.1
22.0026
21.8689
21.6997
21.4997
21.2931
21.0896
20.8615
20.6064
20.3288
20.0345
19.7329
19.4294
19.2582
18.5911
20.598
13.5486
34.144
12.8043
12.742
12.6753
12.6066
12.5346
12.4583
12.3776
12.2924
12.2026
12.1078
12.0078
11.9021
11.7906
11.673
11.5489
11.4178
11.2794
11.1333
10.9792
10.8172
10.6476
10.4708
10.2867
10.0923
9.88287
9.65647
9.41675
9.17118
8.92368
8.67132
8.40627
8.12008
7.80876
7.47232
7.1113
6.72678
6.32176
5.89929
5.45968
5.00127
4.52238
4.02231
3.50118
2.95924
2.39686
1.81454
1.21288
0.592859
-0.0441613
-0.696617
-1.36223
-2.03863
-2.72284
-3.41128
-4.10011
-4.78486
-5.46044
-6.12153
-6.7622
-7.37622
-7.95728
-8.49869
-8.99363
-9.43619
-9.81893
-10.1391
-10.3862
-10.5425
-10.6211
-10.6868
-10.646
-10.661
-10.3808
-10.4891
-9.62134
-10.4437
-7.78041
-11.6941
-2.70998
-18.9953
10.805
10.8459
10.8892
10.9347
10.9825
11.0329
11.0857
11.1414
11.2
11.2615
11.3261
11.3941
11.4655
11.5404
11.619
11.7016
11.7881
11.8789
11.974
12.0736
12.1779
12.2872
12.4014
12.5208
12.6455
12.7758
12.9115
13.0531
13.2005
13.3539
13.5133
13.6788
13.8503
14.028
14.2117
14.4013
14.5967
14.7977
15.0041
15.2153
15.4313
15.6513
15.8747
16.1009
16.3291
16.5583
16.7875
17.0155
17.2408
17.4621
17.6776
17.886
18.0849
18.2725
18.4469
18.6055
18.7462
18.867
18.9657
19.0399
19.0877
19.1075
19.098
19.058
18.9869
18.8853
18.7568
18.6162
18.4736
18.3111
18.1266
17.9241
17.7094
17.4891
17.2855
17.1659
16.719
18.5777
12.1905
32.0343
10.7624
10.7124
10.6588
10.6035
10.5456
10.4842
10.4193
10.3509
10.2786
10.2023
10.1219
10.0369
9.94724
9.85267
9.75284
9.64746
9.53633
9.41899
9.29515
9.16452
9.0269
8.88239
8.7314
8.57437
8.41063
8.23743
8.05072
7.84981
7.63921
7.42467
7.2077
6.984
6.74648
6.48956
6.21131
5.91155
5.59037
5.24951
4.8924
4.52108
4.13487
3.73199
3.31125
2.87246
2.41597
1.94217
1.45152
0.944503
0.421984
-0.115043
-0.665056
-1.22635
-1.79685
-2.37397
-2.95483
-3.53607
-4.11377
-4.6838
-5.24143
-5.78157
-6.29895
-6.78796
-7.2426
-7.6577
-8.02637
-8.34583
-8.60618
-8.78471
-8.8922
-8.99233
-9.00221
-9.06737
-8.86977
-9.03476
-8.30279
-9.16281
-6.7333
-10.6246
-2.0619
-18.1756
8.90481
8.93726
8.97168
9.00779
9.04583
9.08588
9.12795
9.17227
9.21891
9.26796
9.31954
9.37377
9.43075
9.49054
9.55341
9.61948
9.6888
9.76159
9.83794
9.91795
10.0018
10.0897
10.1818
10.2782
10.379
10.4844
10.5944
10.7094
10.8293
10.9542
11.0844
11.2199
11.3605
11.5066
11.658
11.8148
11.9768
12.144
12.3162
12.4931
12.6747
12.8605
13.05
13.2428
13.4383
13.636
13.8348
14.0339
14.2324
14.429
14.6226
14.8117
14.9948
15.1702
15.3364
15.4912
15.6329
15.7597
15.8695
15.9605
16.0307
16.0787
16.1032
16.1028
16.077
16.0259
15.952
15.8636
15.7703
15.6615
15.5357
15.3967
15.2496
15.1005
14.9817
14.9078
14.6563
16.3639
10.6186
29.6058
8.87107
8.83163
8.78945
8.74592
8.70027
8.6519
8.60076
8.54682
8.48989
8.42982
8.36648
8.29964
8.22908
8.15461
8.07605
7.99316
7.90576
7.81348
7.7161
7.61335
7.50498
7.39079
7.27069
7.14491
7.01374
6.87726
6.7341
6.58093
6.4148
6.23667
6.05208
5.86572
5.67735
5.48196
5.27326
5.04726
4.80262
4.53902
4.25742
3.9608
3.65212
3.33191
2.99875
2.65103
2.28821
1.91041
1.5181
1.11161
0.691458
0.258223
-0.187118
-0.643358
-1.10908
-1.5824
-2.06123
-2.54312
-3.02509
-3.5039
-3.97596
-4.4372
-4.88332
-5.3098
-5.71152
-6.08416
-6.42175
-6.72175
-6.97511
-7.15766
-7.27752
-7.39498
-7.43708
-7.53431
-7.39971
-7.604
-6.98814
-7.86971
-5.65924
-9.4984
-1.38567
-17.206
7.17409
7.19916
7.22571
7.25359
7.28299
7.31394
7.34645
7.38069
7.41673
7.45462
7.49448
7.53639
7.5804
7.62664
7.67532
7.72644
7.78005
7.83633
7.89546
7.95744
8.02241
8.09056
8.162
8.23678
8.31507
8.39699
8.48261
8.57209
8.66552
8.76305
8.8648
8.97071
9.08095
9.19567
9.31477
9.43833
9.56636
9.69875
9.83551
9.97649
10.1216
10.2706
10.4233
10.5792
10.7381
10.8995
11.0627
11.2272
11.3923
11.557
11.7205
11.8816
12.0392
12.192
12.3387
12.4778
12.6077
12.7268
12.8336
12.9265
13.0038
13.0642
13.1064
13.1295
13.1325
13.1158
13.0809
13.0314
12.9756
12.9083
12.8287
12.7406
12.6479
12.5573
12.5061
12.4677
12.3785
13.9335
8.77758
26.7946
7.14794
7.11753
7.08498
7.05133
7.01605
6.97867
6.93917
6.89746
6.85344
6.80702
6.75804
6.70632
6.65174
6.59413
6.53335
6.46923
6.40156
6.33013
6.25476
6.17526
6.09135
6.00276
5.90931
5.81094
5.70776
5.60006
5.48803
5.37134
5.24807
5.1147
4.96958
4.81538
4.65764
4.49957
4.33915
4.1713
3.99092
3.79513
3.58283
3.35436
3.11203
2.85914
2.59745
2.32615
2.04373
1.7494
1.44318
1.12545
0.796561
0.456835
0.106747
-0.252978
-0.621394
-0.997219
-1.37898
-1.76494
-2.15296
-2.54063
-2.92523
-3.30374
-3.67274
-4.0287
-4.36757
-4.6858
-4.97845
-5.24353
-5.47305
-5.64425
-5.76229
-5.88198
-5.93955
-6.05219
-5.96157
-6.18858
-5.66699
-6.55612
-4.53889
-8.30932
-0.629125
-16.1163
5.36844
5.38713
5.40691
5.42773
5.44971
5.47286
5.49722
5.52293
5.54998
5.57845
5.60843
5.63999
5.6732
5.70817
5.74499
5.78366
5.82431
5.86704
5.91197
5.95913
6.00866
6.06066
6.11519
6.1724
6.23241
6.29522
6.36095
6.42974
6.50167
6.57683
6.65527
6.73705
6.82226
6.911
7.0032
7.09889
7.19813
7.30087
7.40712
7.51678
7.62969
7.74577
7.86482
7.98655
8.11084
8.23731
8.36543
8.49493
8.62528
8.75576
8.88579
9.0146
9.14132
9.2651
9.38494
9.4998
9.60842
9.70957
9.8022
9.8851
9.9569
10.0165
10.063
10.0956
10.1134
10.1167
10.1067
10.0836
10.0545
10.0178
9.97309
9.92353
9.87145
9.82434
9.81894
9.79564
9.82001
11.2151
6.5689
23.3534
5.349
5.32659
5.30257
5.27774
5.25168
5.22411
5.19502
5.1643
5.13189
5.0977
5.06164
5.02358
4.98345
4.94114
4.89652
4.84947
4.79982
4.74746
4.69227
4.63411
4.57276
4.50802
4.43979
4.36783
4.29199
4.21245
4.12942
4.04321
3.95399
3.86083
3.76108
3.65177
3.53284
3.40873
3.28441
3.1614
3.03697
2.90653
2.76615
2.61356
2.44771
2.2696
2.08204
1.88693
1.68374
1.47063
1.24646
1.01146
0.766473
0.512335
0.249614
-0.0211473
-0.299263
-0.583835
-0.873714
-1.16763
-1.46403
-1.76123
-2.05721
-2.34985
-2.63664
-2.91499
-3.18197
-3.4349
-3.66989
-3.88573
-4.07568
-4.22099
-4.32385
-4.43148
-4.4885
-4.60036
-4.535
-4.76758
-4.31756
-5.19581
-3.34488
-7.01563
0.235157
-14.7411
3.93609
3.94846
3.96161
3.97537
3.98985
4.00509
4.02112
4.03801
4.05568
4.07424
4.09379
4.11427
4.13579
4.15844
4.18216
4.207
4.2331
4.26047
4.28912
4.31914
4.35063
4.38361
4.41813
4.45427
4.49209
4.53161
4.57296
4.6162
4.66136
4.70852
4.75773
4.80907
4.86259
4.91833
4.97635
5.03675
5.09944
5.16451
5.23205
5.30197
5.37424
5.44884
5.52562
5.60451
5.68552
5.76831
5.8526
5.93831
6.02506
6.11237
6.19985
6.28704
6.37342
6.45831
6.54103
6.62101
6.69726
6.76893
6.83534
6.89569
6.94892
6.99433
7.03143
7.05953
7.07802
7.08705
7.08769
7.07962
7.06563
7.04646
7.02218
6.99571
6.9685
6.94942
6.97248
6.95145
7.0381
8.26532
4.08556
19.0179
3.92304
3.90773
3.89134
3.87444
3.85667
3.83784
3.81789
3.79681
3.77457
3.75111
3.7263
3.70005
3.67233
3.64309
3.61222
3.57958
3.54507
3.50867
3.47027
3.42969
3.38683
3.34157
3.29386
3.24346
3.19015
3.13387
3.07467
3.01275
2.94843
2.88202
2.81322
2.74031
2.66024
2.57114
2.47511
2.37718
2.28044
2.18312
2.08021
1.96737
1.84287
1.70704
1.56167
1.41024
1.25659
1.10204
0.945025
0.783157
0.615123
0.440813
0.260657
0.075103
-0.115512
-0.31079
-0.510152
-0.712824
-0.91786
-1.12416
-1.33039
-1.53511
-1.73663
-1.93316
-2.1227
-2.30347
-2.47263
-2.62974
-2.7694
-2.8789
-2.95664
-3.04125
-3.08496
-3.18281
-3.12601
-3.34963
-2.94785
-3.79933
-2.08033
-5.60404
1.20975
-12.9043
1.63791
1.64652
1.65571
1.66537
1.67555
1.68632
1.69772
1.70977
1.72243
1.73579
1.7499
1.76478
1.7805
1.79708
1.81452
1.83288
1.85224
1.87262
1.89401
1.91653
1.94021
1.96507
1.99118
2.01854
2.04717
2.07717
2.10854
2.14129
2.17548
2.2111
2.24814
2.28666
2.32661
2.36797
2.4108
2.45505
2.5006
2.54745
2.59557
2.64482
2.69524
2.74668
2.79889
2.8519
2.90568
2.95992
3.01446
3.06923
3.12398
3.17848
3.23251
3.28584
3.33828
3.38949
3.43912
3.48704
3.53279
3.57597
3.61631
3.65334
3.68656
3.71563
3.7404
3.76034
3.77503
3.78483
3.79055
3.79028
3.78833
3.78525
3.78126
3.77751
3.77088
3.76415
3.78168
3.71594
3.73304
4.72308
1.16226
12.5814
1.62913
1.61913
1.60831
1.59708
1.58533
1.5729
1.55969
1.54575
1.53107
1.51559
1.49922
1.48187
1.46354
1.44418
1.42371
1.40201
1.37903
1.3547
1.32892
1.30155
1.27248
1.24158
1.20874
1.17377
1.13645
1.09653
1.05386
1.00831
0.959738
0.907792
0.851484
0.789113
0.718987
0.641377
0.562629
0.499494
0.478005
0.522106
0.638305
0.806787
0.98445
1.12027
1.1765
1.14365
1.04117
0.903235
0.759393
0.623579
0.496342
0.373166
0.25075
0.128374
0.0065246
-0.11434
-0.234131
-0.352852
-0.470387
-0.586561
-0.70101
-0.813309
-0.922877
-1.02906
-1.13099
-1.228
-1.31847
-1.40281
-1.47701
-1.53652
-1.57672
-1.62557
-1.64226
-1.71194
-1.64864
-1.84291
-1.4806
-2.24624
-0.728437
-3.79091
2.00578
-9.42903
1.43646
1.43647
1.43644
1.43632
1.43612
1.43582
1.43545
1.43497
1.43434
1.43355
1.43261
1.43152
1.43024
1.42873
1.427
1.42501
1.42277
1.42024
1.41738
1.4142
1.41069
1.40679
1.40253
1.39786
1.39278
1.3873
1.38136
1.37501
1.36826
1.36108
1.3535
1.34556
1.33727
1.32866
1.31984
1.31078
1.30158
1.29232
1.28302
1.27377
1.26472
1.2559
1.2473
1.23911
1.23142
1.2242
1.21757
1.21161
1.20628
1.20162
1.19762
1.19423
1.19137
1.18892
1.1867
1.18457
1.18242
1.18006
1.1774
1.17429
1.17066
1.16643
1.16171
1.15652
1.151
1.14514
1.13966
1.14018
1.13234
1.11868
1.10046
1.08108
1.06346
1.05911
1.09481
1.10798
1.17518
1.6819
-0.0413029
4.84388
1.43627
1.43593
1.43566
1.43537
1.43501
1.43459
1.43408
1.43353
1.43293
1.43226
1.43151
1.43071
1.42986
1.42896
1.42803
1.42707
1.42613
1.42523
1.42439
1.42368
1.42317
1.4229
1.42302
1.42369
1.42511
1.42746
1.43076
1.43456
1.4381
1.44124
1.44671
1.46293
1.50447
1.58618
1.70954
1.84713
1.93864
1.90846
1.70054
1.31169
0.804583
0.290714
-0.113596
-0.338619
-0.388796
-0.327292
-0.230434
-0.148285
-0.095269
-0.0647794
-0.0469771
-0.0369828
-0.0340793
-0.0385018
-0.0497872
-0.0669001
-0.0886869
-0.114158
-0.142376
-0.172491
-0.203703
-0.235363
-0.266796
-0.297699
-0.327196
-0.356213
-0.382439
-0.40759
-0.421049
-0.442108
-0.440762
-0.481493
-0.427161
-0.564187
-0.308475
-0.829238
0.163443
-1.70308
1.7982
-4.61998
)
;

boundaryField
{
    inlet
    {
        type            freestreamPressure;
        freestreamValue uniform 0;
        value           nonuniform List<scalar> 
134
(
4.60498
7.59816
10.6411
13.1858
14.9295
15.8446
15.6859
14.3902
11.8227
7.03085
2.5057
3.83479
5.86847
7.72511
9.53467
11.3557
13.1947
15.0511
16.9412
18.8909
1.60241
20.9301
23.0483
25.121
26.9103
28.0743
28.4684
29.4393
29.2015
29.2256
33.5774
31.2881
31.1384
31.3294
31.4173
31.3551
31.306
31.4896
32.2666
32.8993
-1.29721
-4.35313
-7.06248
-8.73665
-8.95198
-7.12277
-2.90141
35.2263
34.4916
33.4858
32.8318
32.3255
31.7534
31.1142
30.4602
29.8026
29.1291
28.4313
27.7069
26.9544
26.1681
25.3404
24.4602
23.5113
22.4793
21.3329
20.3438
19.3134
18.1231
16.7524
15.1652
13.2212
10.7702
7.12743
2.74546
-0.505528
-1.27026
-2.2199
-3.25411
-4.36149
-5.51515
-6.58097
-7.45737
-8.12341
-8.57
-8.83646
-8.98017
-9.05444
-9.10487
-9.19762
-9.44264
-9.89212
-10.4031
-10.8538
-11.2501
-11.614
-11.9471
-12.2396
-12.4835
-12.6776
-12.8269
-12.9509
-13.0938
-13.3753
-13.9883
-15.2723
-15.8743
-15.4811
-14.9968
-14.6952
-14.4552
-14.1779
-13.8691
-13.554
-13.2367
-12.9122
-12.5773
-12.2311
-11.8722
-11.4971
-11.0992
-10.6688
-10.1862
-9.63276
-8.93761
-8.60924
-8.33933
-7.97959
-7.55377
-7.07495
-6.47048
-5.6631
-4.13687
-2.02612
)
;
    }
    outlet
    {
        type            freestreamPressure;
        freestreamValue uniform 0;
        value           nonuniform List<scalar> 
160
(
0.00488682
0.00488587
0.00488713
0.0048844
0.00488735
0.00488315
0.00488732
0.00488181
0.00488699
0.00488023
0.0048864
0.00487841
0.00488555
0.00487627
0.00488437
0.00487396
0.00488272
0.00487146
0.00488056
0.00486866
0.00487793
0.0048656
0.0048748
0.0048623
0.00487108
0.00485884
0.00486664
0.00485516
0.00486147
0.00485131
0.00485549
0.00484736
0.00484868
0.00484339
0.00484096
0.00483954
0.00483219
0.00483583
0.0048224
0.0048325
0.00481151
0.00482981
0.00479942
0.00482788
0.00478616
0.00482715
0.00477158
0.00482821
0.00475569
0.00483173
0.00473854
0.00483836
0.00471996
0.00484832
0.00470003
0.00486026
0.00467889
0.00487147
0.0046564
0.00488091
0.00463265
0.00489655
0.00460784
0.00494533
0.00458194
0.00507549
0.00455515
0.00533792
0.00452774
0.00574113
0.00449972
0.00619956
0.00447142
0.00651774
0.00444309
0.0064414
0.0044148
0.00576848
0.00438694
0.00446868
0.00436001
0.00274652
0.00433409
0.000991443
0.00430926
-0.000386146
0.00428609
-0.00114624
0.00426498
-0.00131112
0.00424585
-0.00110088
0.00422912
-0.000774139
0.00421514
-0.000498024
0.00420379
-0.000320018
0.00419526
-0.000217651
0.00418955
-0.000157864
0.00418657
-0.000124293
0.00418607
-0.000114547
0.00418769
-0.000129433
0.00419083
-0.000167408
0.00419512
-0.000225015
0.00420019
-0.000298406
0.00420541
-0.000384291
0.00421054
-0.000479571
0.00421509
-0.000581436
0.00421888
-0.000687265
0.00422166
-0.000794932
0.00422384
-0.000902241
0.00422557
-0.00100824
0.00422738
-0.00111004
0.00422938
-0.00121083
0.00423426
-0.00130293
0.00425934
-0.00139147
0.00425135
-0.0014405
0.00422377
-0.00151554
0.00418097
-0.00151589
0.00413595
-0.00165869
0.00409999
-0.00148052
0.00411801
-0.00195239
0.00429658
-0.00108343
0.00439761
-0.00286767
0.00471961
0.000590573
0.00683418
-0.00575528
-0.000174746
0.00699695
0.0194137
-0.0140669
)
;
    }
    walls
    {
        type            zeroGradient;
    }
    frontAndBack
    {
        type            empty;
    }
}


// ************************************************************************* //
