/*--------------------------------*- C++ -*----------------------------------*\
| =========                 |                                                 |
| \\      /  F ield         | OpenFOAM: The Open Source CFD Toolbox           |
|  \\    /   O peration     | Version:  v1806                                 |
|   \\  /    A nd           | Web:      www.OpenFOAM.com                      |
|    \\/     M anipulation  |                                                 |
\*---------------------------------------------------------------------------*/
FoamFile
{
    version     2.0;
    format      ascii;
    class       volScalarField;
    location    "246";
    object      p;
}
// * * * * * * * * * * * * * * * * * * * * * * * * * * * * * * * * * * * * * //

dimensions      [0 2 -2 0 0 0 0];


internalField   nonuniform List<scalar> 
10720
(
1879.95
1808.26
1682.47
1507.81
1288.75
1023.87
734.088
432.228
123.473
-175.28
-459.916
-726.51
-971.293
-1192.96
-1389.52
-1557.49
-1698.39
-1806
-1882.49
-1921.6
-1927.01
-1893.8
-1828.77
-1734.34
-1626.2
-1529.06
-1440.57
-1345.81
-1244.39
-1138.07
-1026.75
-910.447
-789.201
-662.543
-529.621
-385.967
-226.967
-22.8613
236.225
1908.01
1905.15
1861.43
1753.58
1578.54
1340.36
1054.04
751.687
468.629
218.257
17.0698
-129.081
-235.273
-311.148
-362.064
-402.514
-435.162
-465.894
-497.001
-532.82
-572.087
-616.6
-664.099
-710.032
-737.616
-739.967
-728.173
-706.117
-673.99
-631.577
-579.726
-519.351
-451.065
-374.659
-289.548
-192.242
-77.5307
79.3044
306.081
1784.54
1727.31
1633.28
1501.45
1333.21
1128.61
895.527
642.305
375.537
104.863
-162.972
-422.402
-668.438
-897.332
-1105.59
-1289.71
-1448.19
-1576.5
-1674.25
-1737.34
-1765.51
-1755.87
-1713.73
-1643.07
-1557.19
-1475.55
-1397.31
-1311.01
-1216.41
-1115.58
-1008.77
-896.183
-777.971
-653.765
-522.764
-380.578
-222.727
-19.3984
233.754
1811.44
1809.37
1770.49
1687.16
1557.72
1382.01
1167.93
933.299
698.108
476.544
281.078
118.594
-13.8718
-120.181
-203.813
-272.481
-329.868
-380.43
-427.293
-474.178
-521.48
-570.68
-620.335
-666.288
-695.933
-703.244
-696.256
-678.629
-650.591
-611.983
-563.574
-506.224
-440.512
-366.247
-282.842
-186.847
-73.1827
82.9527
303.334
1671.14
1624.64
1546.58
1435.04
1291
1112.79
905.009
674.604
427.686
171.793
-85.3245
-337.689
-579.809
-807.053
-1015.43
-1201.52
-1362.54
-1495.1
-1597.4
-1666.3
-1700.45
-1699.06
-1665.74
-1605.02
-1527.8
-1450.16
-1373.88
-1290.42
-1198.76
-1100.65
-996.384
-886.052
-769.784
-647.204
-517.498
-376.328
-219.301
-17.1815
230.043
1692.88
1691.73
1661.16
1594.33
1488.82
1342.24
1159.06
952.04
736.774
526.922
333.927
166.378
26.4291
-87.76
-179.134
-252.88
-313.739
-366.064
-413.524
-459.613
-505.703
-552.87
-600.042
-643.526
-673.439
-683.558
-679.002
-663.417
-637.266
-600.474
-553.755
-497.943
-433.589
-360.511
-278.079
-182.863
-69.8528
85.2265
298.938
1550.51
1511.48
1445.8
1352
1231.23
1080.57
903.343
704.361
487.684
259.236
25.2914
-208.816
-437.746
-656.731
-861.317
-1047.59
-1212.02
-1351.12
-1462.07
-1541.93
-1589.23
-1602.97
-1585.43
-1540.64
-1477.41
-1409.2
-1339.57
-1262.23
-1175.78
-1081.92
-981.242
-873.904
-760.113
-639.566
-511.483
-371.622
-215.73
-15.4556
225.615
1569.08
1568.8
1544.35
1489.91
1403.74
1283.19
1131.09
957.368
773.601
589.977
416.076
259.424
122.97
6.62192
-91.1185
-173.318
-243.483
-304.906
-360.599
-413.378
-464.737
-515.481
-564.792
-609.481
-641.705
-655.755
-654.875
-642.572
-619.469
-585.502
-541.314
-487.715
-425.25
-353.76
-272.616
-178.443
-66.374
87.0935
293.772
1433.59
1400.05
1343.5
1262.64
1158.81
1028.37
873.719
698.467
505.148
298.533
83.7134
-134.632
-351.37
-561.707
-761.058
-945.164
-1110.03
-1251.97
-1367.67
-1454.32
-1509.81
-1533.11
-1525.57
-1491.07
-1437.35
-1375.7
-1310.43
-1237.2
-1154.5
-1063.91
-966.173
-861.464
-749.976
-631.412
-504.989
-366.536
-211.978
-13.9443
220.46
1449.97
1450.54
1430.96
1386.15
1314.61
1213.47
1084.38
935.22
774.955
611.27
452.143
304.286
171.088
53.7948
-47.7162
-134.907
-210.168
-276.056
-335.173
-390.017
-442.284
-492.83
-541.124
-584.517
-616.85
-632.907
-634.417
-624.358
-603.433
-571.591
-529.404
-477.64
-416.82
-346.785
-266.881
-173.776
-62.7787
88.7509
288.011
1323.34
1293.77
1244.15
1173.38
1083.08
969.302
833.989
679.969
508.684
323.885
129.558
-70.5149
-271.78
-469.792
-660.187
-838.651
-1000.96
-1143.29
-1261.99
-1354.05
-1416.99
-1449.87
-1453.43
-1430.8
-1388.31
-1335.17
-1276.01
-1208.19
-1130.35
-1043.91
-949.734
-848.088
-739.194
-622.803
-498.173
-361.257
-208.21
-12.8267
214.535
1338.24
1339.62
1323.91
1286.62
1226.56
1140.88
1030.57
902.182
763.004
618.855
476.273
341.011
216.127
103.265
2.98883
-85.2962
-163.095
-232.224
-294.705
-352.534
-407.195
-459.4
-508.679
-552.719
-586.538
-605.51
-610.252
-603.189
-585.076
-555.902
-516.17
-466.605
-407.709
-339.336
-260.832
-168.932
-59.1741
90.0573
281.644
1221.09
1194.5
1150.24
1087.36
1007.71
907.249
787.612
651.144
498.489
332.659
156.722
-26.3709
-212.672
-398.235
-579.007
-750.742
-909.216
-1050.47
-1170.66
-1266.59
-1335.6
-1376.35
-1389.06
-1376.11
-1342.89
-1297.04
-1243.2
-1180.11
-1106.64
-1023.99
-933.159
-834.447
-728.099
-613.892
-491.108
-355.824
-204.449
-12.1068
207.95
1234.95
1237.07
1224.51
1193.25
1142.32
1068.97
973.752
862.223
740.493
613.012
485.125
361.728
245.371
137.733
39.7939
-48.4242
-127.668
-198.995
-263.829
-323.66
-379.715
-432.59
-481.918
-525.768
-560.156
-581.038
-588.203
-583.482
-567.653
-540.745
-503.18
-455.619
-398.53
-331.764
-254.653
-164.013
-55.6165
90.9788
274.788
1126.87
1102.55
1062.53
1005.96
934.886
845.327
738.728
617.119
480.663
331.753
172.8
6.03181
-165.273
-337.715
-507.64
-671.088
-823.955
-962.285
-1082.18
-1180.31
-1253.8
-1301.06
-1321.98
-1318.2
-1294.1
-1255.87
-1207.92
-1150
-1081.26
-1002.76
-915.536
-819.99
-716.383
-604.523
-483.733
-350.236
-200.715
-11.7725
200.829
1139.99
1142.77
1132.81
1106.44
1062.9
999.562
916.702
819.164
712.178
599.26
484.829
373.048
265.961
165.072
71.4723
-14.5288
-93.1555
-164.941
-230.802
-291.791
-348.828
-402.353
-452.014
-496.138
-531.42
-554.319
-564.089
-562.002
-548.753
-524.386
-489.234
-443.888
-388.782
-323.772
-248.193
-158.955
-52.0994
91.5208
267.537
1040.31
1017.78
981.167
929.743
865.669
785.1
689.364
580.291
457.705
323.579
179.797
27.9821
-129.16
-288.768
-447.667
-602.233
-748.592
-882.914
-1001.33
-1100.44
-1177.23
-1229.83
-1257.74
-1261.96
-1245.96
-1214.8
-1172.5
-1119.54
-1055.4
-980.986
-897.373
-805.025
-704.22
-594.792
-476.101
-344.532
-197.047
-11.8453
193.217
1052.87
1056.24
1048.46
1026.12
988.627
933.529
860.891
774.986
680.412
580.006
477.471
376.367
278.279
184.456
95.936
13.1341
-63.8567
-135.164
-201.294
-262.865
-320.471
-374.356
-424.155
-468.393
-504.311
-528.824
-540.823
-541.068
-530.133
-508.092
-475.205
-431.985
-378.827
-315.58
-241.577
-153.836
-48.6773
91.6592
259.92
960.858
939.767
905.953
858.793
800.528
727.47
640.88
542.466
431.841
310.664
180.413
42.2581
-101.581
-248.786
-396.633
-541.861
-680.951
-810.26
-926.035
-1024.86
-1103.67
-1160.36
-1194.12
-1205.42
-1196.86
-1172.51
-1135.9
-1087.97
-1028.51
-958.311
-878.431
-789.403
-691.521
-584.648
-468.188
-338.71
-193.465
-12.3435
185.136
972.97
976.857
970.914
951.944
919.463
871.22
807.136
731.012
646.959
557.333
465.287
373.916
284.421
197.774
114.893
36.184
-38.111
-107.875
-173.289
-234.644
-292.234
-346.119
-395.88
-440.193
-476.68
-502.626
-516.71
-519.264
-510.689
-491.048
-460.521
-419.533
-368.427
-307.046
-234.732
-148.624
-45.3455
91.398
251.953
887.902
868.01
836.544
792.962
739.582
672.881
594.071
504.765
404.471
294.614
176.366
50.5412
-81.0512
-216.531
-353.615
-489.466
-620.903
-744.549
-856.82
-954.39
-1034.16
-1093.88
-1132.41
-1149.81
-1147.87
-1129.83
-1098.72
-1055.73
-1000.89
-934.915
-858.816
-773.177
-678.311
-574.103
-460.002
-332.777
-189.986
-13.2669
176.604
899.656
903.981
899.589
883.464
855.197
812.716
755.853
688.019
612.931
532.596
449.755
367.126
285.608
205.925
128.852
54.7026
-16.2537
-83.7515
-147.758
-208.3
-265.424
-318.999
-368.548
-412.837
-449.758
-476.903
-492.83
-497.516
-491.161
-473.81
-445.575
-406.787
-357.74
-298.265
-227.709
-143.351
-42.1279
90.7419
243.666
820.86
801.989
772.527
732.006
682.786
621.518
549.389
467.938
376.613
276.673
169.069
54.3424
-66.0312
-190.56
-317.344
-443.934
-567.532
-685.054
-793.144
-888.6
-968.361
-1030.08
-1072.34
-1094.91
-1098.84
-1086.65
-1060.86
-1022.73
-972.484
-910.755
-838.501
-756.334
-664.582
-563.153
-451.545
-326.743
-186.622
-14.6124
167.649
832.316
837.016
833.939
820.226
795.533
757.944
707.229
646.476
579.078
506.79
432.021
357.193
282.99
209.933
138.632
69.2916
2.14568
-62.4932
-124.461
-183.603
-239.765
-292.662
-341.756
-385.862
-423.062
-451.182
-468.729
-475.402
-471.195
-456.103
-430.163
-393.614
-346.684
-289.189
-220.49
-138.018
-39.0319
89.7041
235.085
759.194
741.208
713.479
675.608
629.979
573.415
507.074
432.442
348.949
257.716
159.546
54.7735
-55.3917
-169.774
-286.825
-404.457
-520.231
-631.374
-734.795
-827.464
-906.41
-969.224
-1014.29
-1041.11
-1050.15
-1043.28
-1022.54
-989.124
-943.387
-885.891
-817.517
-738.886
-650.338
-551.801
-442.821
-320.617
-183.38
-16.364
158.305
770.383
775.402
773.439
761.785
740.149
706.75
661.311
606.65
545.894
480.597
412.912
345.031
277.479
210.608
144.885
80.3975
17.3152
-44.0557
-103.501
-160.766
-215.551
-267.445
-315.85
-359.604
-396.922
-425.805
-444.749
-453.235
-451.056
-438.134
-414.439
-380.114
-335.322
-279.859
-213.1
-132.643
-36.071
88.2941
226.245
702.41
685.207
658.998
623.449
580.956
528.505
467.22
398.556
321.935
238.381
148.586
52.7347
-48.1759
-153.219
-261.163
-370.245
-478.338
-583
-681.415
-770.756
-848.184
-911.291
-958.301
-988.515
-1001.92
-999.847
-983.844
-954.977
-913.648
-860.355
-795.884
-720.846
-635.586
-540.05
-433.837
-314.407
-180.274
-18.5023
148.608
713.348
718.629
717.62
707.734
688.726
658.939
618.068
568.684
513.695
454.499
393.049
331.347
269.803
208.648
148.226
88.5198
29.6143
-28.2287
-84.7951
-139.787
-192.817
-243.39
-290.852
-334.062
-371.315
-400.742
-420.853
-430.964
-430.694
-419.861
-398.369
-366.267
-323.642
-270.27
-205.543
-127.234
-33.2536
86.5346
217.177
650.06
633.557
608.703
575.214
535.493
486.665
429.839
366.432
295.879
219.132
136.793
48.9422
-43.5964
-140.104
-239.584
-340.567
-441.23
-539.434
-632.655
-718.285
-793.629
-856.33
-904.527
-937.326
-954.4
-956.554
-944.934
-920.405
-883.352
-834.2
-773.634
-702.232
-620.336
-527.908
-424.6
-308.122
-177.307
-21.0091
138.606
660.761
666.246
666.051
657.697
640.962
614.309
577.416
532.638
482.686
428.842
372.893
316.689
260.559
204.642
149.196
94.1041
39.3724
-14.8139
-68.2682
-120.688
-171.651
-220.612
-266.89
-309.357
-346.361
-376.12
-397.177
-408.718
-410.217
-401.374
-382.022
-352.119
-311.678
-260.446
-197.836
-121.805
-30.5893
84.4424
207.921
601.738
585.876
562.244
530.61
493.357
447.749
394.886
336.146
270.98
200.289
124.601
43.9274
-41.04
-129.746
-221.401
-314.78
-408.335
-500.207
-588.153
-669.793
-742.61
-804.319
-853.027
-887.672
-907.736
-913.571
-905.951
-885.517
-852.58
-807.485
-750.805
-683.069
-604.604
-515.386
-415.118
-301.77
-174.486
-23.8547
128.344
612.218
617.862
618.355
611.33
596.572
572.658
539.25
498.515
452.989
403.863
352.785
301.479
250.221
199.09
148.264
97.5592
46.9031
-3.591
-53.7946
-103.428
-152.074
-199.175
-244.041
-285.562
-322.118
-352.001
-373.78
-386.551
-389.669
-382.707
-365.424
-337.693
-299.446
-250.402
-189.993
-116.369
-28.0833
82.0449
198.516
557.096
541.827
519.307
489.355
454.316
411.598
362.279
307.706
247.351
182.066
112.335
38.1194
-40.0001
-121.593
-206.043
-292.329
-379.145
-464.885
-547.567
-625.044
-694.987
-755.22
-803.848
-839.683
-862.097
-871.069
-867.047
-850.431
-821.426
-780.278
-727.445
-663.388
-588.411
-502.498
-405.404
-295.359
-171.81
-27.009
117.868
567.356
573.121
574.199
568.329
555.301
533.789
503.453
466.285
424.669
379.72
332.971
286.041
239.169
192.391
145.834
99.2548
52.5211
5.67334
-41.2219
-87.9348
-134.078
-179.112
-222.364
-262.747
-298.67
-328.468
-350.751
-364.549
-369.125
-363.924
-348.628
-323.028
-286.975
-240.159
-182.032
-110.939
-25.7385
79.3692
189
515.816
501.099
479.605
451.184
418.154
378.047
331.923
281.089
225.053
164.623
100.246
31.8438
-40.0804
-115.203
-193.032
-272.726
-353.192
-433.042
-510.544
-583.772
-650.596
-708.957
-757.001
-793.45
-817.623
-829.208
-828.369
-815.273
-789.989
-752.655
-703.607
-643.226
-571.781
-489.262
-395.47
-288.896
-169.278
-30.4357
107.238
525.853
531.702
533.278
528.418
516.906
497.515
469.899
435.898
397.756
356.523
313.638
270.627
227.703
184.878
142.242
99.5159
56.5093
13.2042
-30.3946
-74.1211
-117.638
-160.445
-201.903
-240.967
-276.072
-305.59
-328.167
-342.79
-348.654
-345.083
-331.682
-308.162
-274.296
-229.741
-173.971
-105.525
-23.557
76.4486
179.423
477.607
463.414
442.871
415.863
384.665
346.933
303.702
256.25
204.11
148.056
88.5025
25.352
-40.9605
-110.184
-181.941
-255.531
-330.043
-404.288
-476.754
-545.725
-609.264
-665.444
-712.484
-749.047
-774.431
-788.133
-790.062
-780.168
-758.374
-724.697
-679.353
-622.629
-554.747
-475.699
-385.331
-282.389
-166.883
-34.0953
96.5078
487.421
493.323
495.326
491.345
481.169
463.66
438.464
407.289
372.249
334.34
294.916
255.423
216.061
176.826
137.782
98.6276
59.1326
19.225
-21.1455
-61.8784
-102.7
-143.167
-182.691
-220.273
-254.383
-283.433
-306.101
-321.35
-328.328
-326.249
-314.641
-293.139
-261.444
-219.175
-165.83
-100.141
-21.5354
73.3159
169.829
442.22
428.529
408.872
383.171
353.658
318.096
277.503
233.123
184.514
132.418
77.2328
18.838
-42.3766
-106.224
-172.417
-240.372
-309.327
-378.273
-445.886
-510.645
-570.807
-624.58
-670.268
-706.523
-732.626
-747.977
-752.265
-745.244
-726.69
-696.496
-654.752
-601.645
-537.343
-461.833
-375.002
-275.843
-164.618
-37.9456
85.7341
451.807
457.736
460.099
456.889
447.892
432.057
409.029
380.388
348.131
313.208
276.897
240.575
204.433
168.459
132.699
96.8395
60.6279
23.948
-13.3025
-51.0873
-89.1955
-127.249
-164.727
-200.689
-233.651
-262.056
-284.624
-300.306
-308.22
-307.489
-297.564
-278.01
-248.456
-208.491
-157.632
-94.7973
-19.6699
70.0079
160.264
409.426
396.214
377.39
352.908
324.951
291.386
253.211
211.635
166.239
117.743
66.5176
12.4413
-44.1432
-103.091
-164.182
-226.941
-290.725
-354.674
-417.64
-478.284
-535.034
-586.241
-630.302
-665.895
-692.288
-708.857
-715.109
-710.628
-695.05
-668.146
-629.878
-580.331
-519.611
-447.693
-364.502
-269.263
-162.468
-41.9394
74.979
418.786
424.715
427.379
424.845
416.896
402.558
381.477
355.118
325.369
293.139
259.641
226.183
192.957
159.945
127.185
94.3619
61.2045
27.5667
-6.70081
-41.618
-77.0361
-112.648
-148.001
-182.233
-213.909
-241.51
-263.8
-279.729
-288.401
-288.87
-280.511
-262.824
-235.375
-197.722
-149.399
-89.5045
-17.9526
66.5639
150.775
379.02
366.269
348.23
324.892
298.381
266.66
230.713
191.705
149.25
104.036
56.4187
6.27007
-46.0951
-100.57
-156.993
-214.959
-273.941
-333.204
-391.753
-448.409
-501.762
-550.301
-592.529
-627.164
-653.477
-670.874
-678.713
-676.442
-663.567
-639.745
-604.813
-558.752
-501.598
-433.311
-353.85
-262.652
-160.418
-46.0269
64.3059
388.149
394.058
396.97
395.03
388.016
375.023
355.697
331.402
303.925
274.136
243.187
212.327
181.747
151.432
121.414
91.3799
61.0515
30.2577
-1.18547
-33.3425
-66.1273
-99.3026
-132.492
-164.91
-195.182
-221.838
-243.684
-259.689
-268.943
-270.461
-263.545
-247.637
-222.247
-186.901
-141.156
-84.272
-16.3747
63.0214
141.413
350.815
338.51
321.217
298.956
273.79
243.783
209.895
173.254
133.495
91.287
46.9659
0.405356
-48.1089
-98.4969
-150.639
-204.195
-258.727
-313.61
-367.98
-420.8
-470.808
-516.627
-556.871
-590.316
-616.239
-634.107
-643.183
-642.799
-632.354
-611.394
-579.642
-536.974
-483.355
-418.724
-343.066
-256.014
-158.449
-50.1619
53.7732
359.712
365.584
368.699
367.28
361.102
349.319
331.584
309.164
283.752
256.184
227.556
199.061
170.889
143.03
115.516
88.0399
60.3229
32.1757
3.39072
-26.1346
-56.3696
-87.1456
-118.16
-148.708
-177.484
-203.072
-224.326
-240.247
-249.915
-252.33
-246.731
-232.506
-209.118
-176.067
-132.926
-79.1094
-14.9226
59.421
132.222
324.645
312.77
296.188
274.945
251.039
222.63
190.653
156.197
118.925
79.475
38.174
-5.10441
-50.0953
-96.7396
-144.953
-194.451
-244.866
-295.66
-346.089
-395.241
-441.992
-485.083
-523.242
-555.314
-580.594
-598.625
-608.616
-609.812
-601.526
-583.198
-554.455
-515.069
-464.938
-403.97
-332.171
-249.351
-156.537
-54.2908
43.4443
333.308
339.126
342.408
341.449
336.018
325.327
309.037
288.327
264.8
239.262
212.754
186.417
160.442
134.826
109.6
84.4692
59.1571
33.4647
7.16759
-19.869
-47.6598
-76.0978
-104.953
-133.601
-160.813
-185.235
-205.77
-221.457
-231.382
-234.546
-230.134
-217.492
-196.04
-165.259
-124.737
-74.0246
-13.5828
55.8019
123.249
300.355
288.899
272.998
252.717
229.996
203.083
172.886
140.457
105.481
68.5736
30.0487
-10.217
-51.9792
-95.1945
-139.8
-185.56
-232.165
-279.154
-325.883
-371.545
-415.146
-455.538
-491.553
-522.113
-546.549
-564.475
-575.09
-577.578
-571.181
-555.259
-529.34
-493.117
-446.407
-389.091
-321.191
-242.663
-154.66
-58.3629
33.3785
308.785
314.535
317.95
317.397
312.634
302.934
287.964
268.818
247.019
223.341
198.777
174.416
150.453
126.889
103.756
80.7723
57.6694
34.2443
10.2636
-14.4335
-39.9018
-66.0856
-92.82
-119.561
-145.166
-168.339
-188.048
-203.367
-213.403
-217.172
-213.817
-202.651
-183.065
-154.517
-116.613
-69.0257
-12.3394
52.2029
114.537
277.808
266.759
251.511
232.144
210.54
185.03
156.495
125.953
93.1062
58.5485
22.5804
-14.9142
-53.709
-93.7755
-135.065
-177.381
-220.463
-263.916
-307.176
-349.538
-390.11
-427.86
-461.71
-490.665
-514.102
-531.695
-542.677
-546.187
-541.419
-527.672
-504.396
-471.195
-427.824
-374.133
-310.145
-235.952
-152.789
-62.3268
23.6335
286.006
291.675
295.193
294.995
290.836
282.036
268.273
250.566
230.356
208.389
185.613
163.068
140.949
119.263
98.0464
77.0308
55.9559
34.622
12.7888
-9.72088
-32.9955
-57.0225
-81.6968
-106.552
-130.523
-152.391
-171.183
-186.022
-196.034
-200.269
-197.845
-188.046
-170.242
-143.881
-108.581
-64.1184
-11.1767
48.6612
106.127
256.879
246.226
231.603
213.107
192.559
168.369
141.392
112.609
81.7413
49.3616
15.7556
-19.1849
-55.2508
-92.4178
-130.659
-169.8
-209.625
-249.791
-289.809
-329.058
-366.738
-401.917
-433.613
-460.905
-483.224
-500.304
-511.431
-515.719
-512.335
-500.536
-479.708
-449.385
-409.254
-359.139
-299.064
-229.218
-150.898
-66.1394
14.2635
264.841
270.421
274.017
274.133
270.516
262.538
249.884
233.501
214.757
194.37
173.244
152.372
131.948
111.987
92.5267
73.3145
54.102
34.6907
14.8422
-5.6349
-26.849
-48.8278
-71.5191
-94.5224
-116.861
-137.388
-155.193
-169.452
-179.324
-183.897
-182.278
-173.736
-157.627
-133.393
-100.668
-59.3099
-10.0762
45.2092
98.0555
237.449
227.183
213.16
195.496
175.949
153.003
127.49
100.352
71.3287
40.9711
9.55286
-23.0302
-56.5765
-91.0753
-126.504
-162.717
-199.53
-236.648
-273.639
-309.958
-344.891
-377.591
-407.168
-432.769
-453.89
-470.31
-481.389
-486.239
-484.012
-473.942
-455.368
-427.764
-390.766
-344.159
-287.97
-222.462
-148.964
-69.7504
5.31621
245.178
250.659
254.313
254.703
251.578
244.351
232.716
217.557
200.17
181.246
161.647
142.32
123.459
105.085
87.2363
69.6768
52.1694
34.5238
16.5029
-2.08907
-21.3798
-41.4269
-62.2201
-83.4264
-104.149
-123.316
-140.085
-153.685
-163.314
-168.105
-167.172
-159.777
-145.27
-123.095
-92.8976
-54.6064
-9.02342
41.8831
90.3561
219.413
209.523
196.078
179.21
160.612
138.842
114.708
89.1113
61.8114
33.3355
3.94846
-26.4508
-57.672
-89.7051
-122.541
-156.052
-190.081
-224.37
-258.541
-292.109
-324.439
-354.766
-382.275
-406.192
-426.062
-441.711
-452.585
-457.802
-456.525
-447.977
-431.463
-406.416
-372.423
-329.244
-276.89
-215.684
-146.953
-73.1207
-3.16154
226.909
232.285
235.975
236.608
233.927
227.388
216.695
202.671
186.543
168.977
150.794
132.898
115.48
98.5668
82.1992
66.1559
50.2133
34.1867
17.847
0.995543
-16.5069
-34.7421
-53.7344
-73.2097
-92.3496
-110.161
-125.86
-138.739
-148.037
-152.941
-152.579
-146.223
-133.222
-113.027
-85.2972
-50.013
-7.99784
38.7087
83.0566
202.673
193.15
180.262
164.155
146.461
125.805
102.97
78.8215
53.1348
26.4157
-1.08416
-29.4577
-58.5256
-88.2825
-118.723
-149.738
-181.191
-212.856
-244.403
-275.398
-305.274
-333.335
-358.848
-381.098
-399.69
-414.495
-425.032
-430.452
-429.936
-422.713
-408.072
-385.415
-354.293
-314.438
-265.852
-208.885
-144.845
-76.2078
-11.1284
209.938
215.202
218.913
219.759
217.481
211.574
201.752
188.781
173.825
157.523
140.657
124.088
108.006
92.4412
77.4355
62.7835
48.2742
33.7323
18.9351
3.68596
-12.1607
-28.7041
-45.9985
-63.8204
-81.4251
-97.8948
-112.511
-124.623
-133.52
-138.442
-138.549
-133.124
-121.53
-103.227
-77.8893
-45.535
-6.98787
35.7128
76.1789
187.139
177.973
165.622
150.245
133.41
113.811
92.2032
69.4178
45.2437
20.1651
-5.57488
-32.0667
-59.1388
-86.7874
-115.014
-143.72
-172.79
-202.024
-231.129
-259.719
-287.285
-313.199
-336.792
-357.418
-374.729
-388.635
-398.735
-404.22
-404.299
-398.22
-385.271
-364.835
-336.44
-299.794
-254.882
-202.068
-142.617
-78.9804
-18.5527
194.174
199.322
203.038
204.072
202.159
196.833
187.819
175.829
161.965
146.843
131.204
115.87
101.026
86.7072
72.9555
59.5804
46.3845
33.201
19.8176
6.04144
-8.27735
-23.2495
-38.9522
-55.2055
-71.3327
-86.4911
-100.025
-111.342
-119.781
-124.642
-125.121
-120.526
-110.237
-93.7318
-70.6975
-41.178
-5.97851
32.9162
69.7407
172.727
163.908
152.076
137.399
121.384
102.788
82.3414
60.8397
38.0854
14.5433
-9.55599
-34.2954
-59.5139
-85.2081
-111.385
-137.956
-164.819
-191.799
-218.634
-244.981
-270.381
-294.266
-316.028
-335.08
-351.124
-364.105
-373.692
-379.127
-379.656
-374.555
-363.126
-344.745
-318.925
-285.357
-244.008
-195.239
-140.248
-81.4088
-25.4079
179.535
184.563
188.271
189.469
187.888
183.098
174.835
163.759
150.916
136.895
122.402
108.218
94.5244
81.3575
68.7621
56.5609
44.5687
32.6286
20.5381
8.11148
-4.80126
-18.3194
-32.5365
-47.3102
-62.0284
-75.9183
-88.3854
-98.8924
-106.834
-111.565
-112.33
-108.468
-99.3832
-84.5743
-63.7436
-36.9476
-4.95767
30.3368
63.7545
159.36
150.879
139.548
125.542
110.309
92.6672
73.3209
53.0311
31.6125
9.51084
-13.0554
-36.1623
-59.6574
-83.5399
-107.816
-132.409
-157.228
-182.119
-206.847
-231.103
-254.477
-276.452
-296.476
-314.02
-328.825
-340.873
-349.893
-355.183
-356.039
-351.769
-341.697
-325.206
-301.805
-271.172
-233.256
-188.399
-137.724
-83.4687
-31.6712
165.944
170.848
174.538
175.878
174.599
170.305
162.739
152.518
140.63
127.639
114.218
101.107
88.482
76.3831
64.8542
53.7316
42.8422
32.0391
21.1304
9.93848
-1.68459
-13.8625
-26.7001
-40.0861
-53.4684
-66.1415
-77.5685
-87.2664
-94.6826
-99.2303
-100.205
-96.9849
-89.0042
-75.7856
-57.047
-32.8495
-3.91848
27.9858
58.2259
146.966
138.814
127.966
114.605
100.119
83.3849
65.0819
45.9364
25.7767
5.02667
-16.1044
-37.6875
-59.5783
-81.7774
-104.293
-127.052
-149.979
-172.934
-195.705
-218.017
-239.497
-259.679
-278.061
-294.166
-307.775
-318.898
-327.317
-332.393
-333.47
-329.899
-321.032
-306.274
-285.132
-257.283
-222.653
-181.559
-135.029
-85.1422
-37.331
153.329
158.107
161.769
163.234
162.23
158.393
151.477
142.056
131.062
119.037
106.62
94.5095
82.88
71.7709
61.2271
51.0955
41.2167
31.4528
21.6231
11.5585
1.11589
-9.83092
-21.3933
-33.4857
-45.6111
-57.1259
-67.5486
-76.448
-83.324
-87.6465
-88.7668
-86.1045
-79.1295
-67.3917
-50.6256
-28.8913
-2.85402
25.8717
53.1543
135.478
127.646
117.265
104.524
90.7516
74.8817
57.5684
39.5057
20.5313
1.0517
-18.735
-38.8948
-59.2913
-79.9244
-100.803
-121.864
-143.036
-164.196
-185.153
-205.658
-225.374
-243.878
-260.717
-275.459
-287.92
-298.139
-305.941
-310.751
-311.963
-308.973
-301.175
-287.996
-268.955
-243.728
-212.225
-174.726
-132.16
-86.4199
-42.3795
141.623
146.274
149.9
151.472
150.719
147.305
140.996
132.324
122.169
111.05
99.572
88.3978
77.6949
67.5046
57.8697
48.6504
39.6976
30.8827
22.0371
13.0001
3.63429
-6.18437
-16.5716
-27.4636
-38.4129
-48.8343
-58.2971
-66.4185
-72.7513
-76.818
-78.0284
-75.8473
-69.7826
-59.4153
-44.4954
-25.0768
-1.76228
23.9975
48.5357
124.834
117.314
107.383
95.2373
82.1476
67.1014
50.7287
33.6903
15.8339
-2.45087
-20.9765
-39.8057
-58.8081
-77.9846
-97.344
-116.828
-136.374
-155.87
-175.144
-193.972
-212.047
-228.987
-244.38
-257.837
-269.207
-278.552
-285.735
-290.243
-291.52
-289.012
-282.156
-270.411
-253.313
-230.543
-201.996
-167.911
-129.113
-87.2947
-46.817
130.765
135.289
138.871
140.536
140.01
136.988
131.245
123.275
113.907
103.638
93.042
82.7428
72.9037
63.5656
54.7709
46.3904
38.2858
30.3373
22.3879
14.2864
5.90205
-2.88645
-12.1953
-21.9782
-31.8327
-41.2292
-49.7827
-57.1558
-62.9514
-66.7416
-67.9964
-66.2272
-60.9811
-51.8732
-38.6696
-21.4138
-0.641487
22.361
44.3601
114.977
107.76
98.2646
86.6897
74.2529
59.9917
44.5122
28.4434
11.6433
-5.51698
-22.8592
-40.4429
-58.1436
-75.9633
-93.9103
-111.932
-129.97
-147.924
-165.639
-182.912
-199.463
-214.945
-228.989
-241.243
-251.584
-260.093
-266.665
-270.848
-272.136
-270.026
-263.999
-253.549
-238.241
-217.76
-191.989
-161.126
-125.889
-87.7684
-50.6496
120.698
125.093
128.626
130.37
130.052
127.392
122.178
114.865
106.236
96.766
86.9964
77.5163
68.4821
59.9356
51.9172
44.3078
36.9797
29.822
22.6883
15.437
7.94472
0.0944876
-8.22826
-16.991
-25.8324
-34.2735
-41.9726
-48.6331
-53.9053
-57.4079
-58.671
-57.251
-52.7374
-44.7789
-33.1589
-17.9084
0.504449
20.9581
40.6131
105.853
98.9302
89.8545
78.8289
67.0164
53.5036
38.8728
23.7228
7.92118
-8.1801
-24.4119
-40.8292
-57.3145
-73.8692
-90.5032
-107.166
-123.806
-140.332
-156.603
-172.434
-187.574
-201.704
-214.492
-225.623
-234.998
-242.716
-248.695
-252.543
-253.801
-252.016
-246.716
-237.435
-223.765
-205.404
-182.227
-154.386
-122.496
-87.8468
-53.8888
111.368
115.635
119.112
120.922
120.794
118.47
113.75
107.053
99.1188
90.3978
81.4034
72.6897
64.4063
56.5943
49.2933
42.393
35.7755
29.3386
22.9461
16.4665
9.78329
2.78562
-4.63821
-12.4667
-20.3751
-27.9314
-34.8328
-40.8215
-45.5905
-48.8028
-50.0452
-48.9194
-45.0571
-38.1411
-27.9715
-14.5672
1.67057
19.7778
37.2757
97.4115
90.7741
82.1035
71.6057
60.3902
47.5915
33.7675
19.4886
4.62966
-10.4739
-25.6623
-40.9865
-56.3357
-71.7123
-87.1242
-102.525
-117.869
-133.073
-148.008
-162.504
-176.336
-189.214
-200.837
-210.926
-219.401
-226.374
-231.786
-235.297
-236.496
-234.976
-230.313
-222.083
-209.907
-193.5
-172.728
-147.705
-118.944
-87.543
-56.5534
102.725
106.863
110.281
112.146
112.19
110.178
105.918
99.7997
92.517
84.4997
76.232
68.2349
60.6512
53.5212
46.8827
40.6343
34.667
28.8863
23.1668
17.3861
11.4356
5.21088
-1.39628
-8.37184
-15.425
-22.1667
-28.3296
-33.6903
-37.9812
-40.907
-42.1066
-41.2273
-37.9408
-31.9636
-23.1129
-11.3963
2.84935
18.8077
34.3268
89.6057
83.2453
74.9654
64.9745
54.3302
42.2122
29.1558
15.7023
1.73469
-12.4285
-26.6357
-40.9359
-55.2236
-69.5009
-83.7762
-98.0061
-112.149
-126.127
-139.825
-153.089
-165.712
-177.433
-187.98
-197.103
-204.744
-211.021
-215.898
-219.078
-220.197
-218.894
-214.788
-207.499
-196.68
-182.063
-163.511
-141.1
-115.248
-86.8738
-58.6652
94.7213
98.7323
102.086
103.997
104.196
102.472
98.6428
93.0666
86.3955
79.0385
71.4522
64.1252
57.1932
50.6958
44.6688
39.0189
33.6459
28.4625
23.3532
18.2049
12.9167
7.39043
1.52335
-4.67669
-10.9493
-16.9449
-22.4285
-27.2066
-31.0484
-33.6965
-34.8379
-34.1631
-31.3829
-26.2457
-18.5863
-8.40083
4.03215
18.0322
31.7411
82.3917
76.2997
68.3966
58.8924
48.7942
37.3256
24.999
12.3277
-0.797023
-14.0736
-27.3592
-40.6993
-53.9942
-67.2464
-80.4634
-93.6057
-106.635
-119.48
-132.035
-144.16
-155.669
-166.321
-175.876
-184.109
-190.98
-196.613
-200.988
-203.849
-204.876
-203.748
-200.131
-193.683
-184.091
-171.107
-154.592
-134.586
-111.425
-85.8612
-60.2508
87.3142
91.1987
94.4861
96.4327
96.7728
95.3153
91.8867
86.8183
80.7209
73.9831
67.0352
60.3339
54.0088
48.0979
42.6349
37.5342
32.7038
28.0634
23.5065
18.9292
14.2381
9.34164
4.14345
-1.35398
-6.91726
-12.2329
-17.0949
-21.3371
-24.7609
-27.144
-28.217
-27.7109
-25.3732
-20.9829
-14.3915
-5.5861
5.20821
17.4324
29.492
75.7283
69.8965
62.3566
53.3194
43.7436
32.894
21.2614
9.33182
-2.99666
-15.4374
-27.8564
-40.296
-52.6628
-64.9585
-77.1912
-89.3237
-101.32
-113.117
-124.617
-135.692
-146.173
-155.843
-164.485
-171.901
-178.065
-183.104
-187.013
-189.572
-190.499
-189.515
-186.325
-180.628
-172.142
-160.639
-145.981
-128.182
-107.497
-84.5303
-61.342
80.4624
84.2216
87.4392
89.4134
89.8805
88.6689
85.6145
81.021
75.4613
69.3038
62.953
56.8357
51.0748
45.707
40.7639
36.167
31.8316
27.6841
23.6266
19.564
15.4105
11.0808
6.48494
1.62203
-3.29921
-7.99821
-12.2949
-16.0474
-19.0858
-21.2195
-22.2182
-21.8501
-19.897
-16.1665
-10.5263
-2.95607
6.36626
16.9889
27.551
69.5773
63.9972
56.8075
48.2183
39.1422
28.8825
17.9093
6.68268
-4.89249
-16.5453
-28.1494
-39.7452
-51.2439
-62.648
-73.9646
-85.1596
-96.2002
-107.028
-117.553
-127.661
-137.196
-145.964
-153.769
-160.438
-165.954
-170.45
-173.93
-176.206
-177.032
-176.166
-173.351
-168.322
-160.828
-150.663
-137.692
-121.903
-103.484
-82.9099
-61.9717
74.1275
77.7628
80.9084
82.9022
83.4835
82.4986
79.7924
75.6431
70.5864
64.9722
59.1794
53.6066
48.3698
43.5043
39.0397
34.904
31.0197
27.319
23.7127
20.1133
16.4424
12.6215
8.56685
4.27509
-0.0673122
-4.20967
-7.99502
-11.3031
-13.989
-15.8906
-16.8124
-16.5565
-14.9359
-11.7847
-6.98594
-0.513797
7.49475
16.6805
25.8883
63.9028
58.5663
51.7136
43.5543
34.9554
25.2582
14.9119
4.3516
-6.51199
-17.4223
-28.2608
-39.0649
-49.7525
-60.3248
-70.7894
-81.1142
-91.2697
-101.202
-110.829
-120.046
-128.713
-136.654
-143.694
-149.681
-154.608
-158.607
-161.695
-163.709
-164.437
-163.669
-161.182
-156.746
-150.14
-141.178
-129.73
-115.765
-99.4108
-81.0306
-62.1761
68.2736
71.7867
74.8582
76.8641
77.5476
76.7714
74.389
70.6543
66.068
60.9612
55.6894
50.6234
45.873
41.4715
37.4467
33.7328
30.2588
26.9628
23.763
20.5798
17.3415
13.976
10.4062
6.62692
2.8045
-0.837571
-4.16281
-7.06976
-9.43586
-11.1237
-11.9686
-11.8031
-10.4684
-7.82269
-3.76339
1.73917
8.58226
16.4856
24.4742
58.671
53.5702
47.0419
39.2946
31.1517
21.9905
12.2396
2.31059
-7.88046
-18.091
-28.2097
-38.2722
-48.2013
-57.9986
-67.6711
-77.1887
-86.5253
-95.6304
-104.43
-112.829
-120.7
-127.884
-134.225
-139.591
-143.984
-147.534
-150.265
-152.04
-152.674
-151.987
-149.788
-145.879
-140.065
-132.18
-122.101
-109.781
-95.3008
-78.9242
-61.9927
62.8672
66.2597
69.2555
71.2672
72.0416
71.4568
69.3746
66.0264
61.879
57.246
52.4597
47.8647
43.5646
39.5912
35.9702
32.6415
29.5401
26.6096
23.7756
20.9658
18.1144
15.1558
12.0193
8.69847
5.3415
2.14714
-0.766169
-3.31316
-5.39098
-6.88384
-7.65399
-7.56074
-6.47059
-4.26328
-0.849485
3.80245
9.61818
16.3833
23.2791
53.8504
48.9776
42.7614
35.4089
27.7015
19.0508
9.86547
0.534317
-9.02156
-18.5727
-28.0154
-37.3831
-46.6032
-55.6781
-64.6144
-73.3841
-81.9632
-90.3056
-98.3441
-105.992
-113.133
-119.626
-125.332
-130.134
-134.044
-137.189
-139.598
-141.155
-141.701
-141.083
-139.138
-135.695
-130.586
-123.662
-114.808
-103.967
-91.1769
-76.6235
-61.4606
57.8767
61.1505
64.0693
66.0807
66.9352
66.5257
64.7216
61.7328
57.9945
53.8027
49.4679
45.31
41.4262
37.8469
34.5959
31.6183
28.8549
26.2545
23.749
21.2731
18.767
16.1711
13.4207
10.5088
7.56715
4.77194
2.22587
0.000140007
-1.81937
-3.13583
-3.83476
-3.79879
-2.91668
-1.08731
1.76652
5.67686
10.5923
16.3524
22.2738
49.4118
44.7591
38.843
31.8688
24.5771
16.4121
7.76383
-1.00139
-9.95722
-18.8876
-27.6954
-36.4121
-44.9705
-53.3723
-61.6244
-69.7009
-77.5799
-85.2195
-92.5581
-99.5169
-105.992
-111.855
-116.983
-121.276
-124.751
-127.531
-129.65
-131.012
-131.478
-130.919
-129.198
-126.167
-121.683
-115.613
-107.851
-98.3319
-87.0627
-74.1609
-60.6182
53.2728
56.4298
59.2706
61.2759
62.2006
61.9509
60.4036
57.7487
54.3907
50.6091
46.6935
42.9403
39.4408
36.2237
33.311
30.653
28.1956
25.8923
23.6816
21.5038
19.3053
17.0318
14.6246
12.0763
9.50393
7.0634
4.84326
2.90283
1.31341
0.155403
-0.476686
-0.485583
0.220588
1.72605
4.09688
7.36475
11.496
16.3739
21.4305
45.3276
40.8875
35.2598
28.6476
21.7525
14.0499
5.91095
-2.31875
-10.7082
-19.0539
-27.2658
-35.3733
-43.3134
-51.089
-58.7057
-66.1406
-73.373
-80.3652
-87.061
-93.3888
-99.2549
-104.545
-109.15
-112.983
-116.067
-118.521
-120.382
-121.568
-121.962
-121.455
-119.931
-117.265
-113.333
-108.02
-101.228
-92.8869
-82.9789
-71.5681
-59.5042
49.0279
52.0701
54.8321
56.826
57.8115
57.7069
56.3963
54.0505
51.0455
47.6446
44.1174
40.7381
37.5924
34.7076
32.1038
29.736
27.5552
25.5189
23.5717
21.6599
19.7347
17.7473
15.6443
13.4184
11.1733
9.04675
7.11485
5.42669
4.04114
3.02452
2.45445
2.41083
2.96893
4.1984
6.15521
8.86969
12.3219
16.4295
20.7227
41.572
37.337
31.9863
25.7206
19.2038
11.9409
4.28509
-3.43797
-11.2931
-19.0889
-26.7416
-34.279
-41.6424
-48.8349
-55.8622
-62.703
-69.339
-75.7354
-81.8414
-87.5922
-92.9036
-97.673
-101.804
-105.224
-107.958
-110.121
-111.752
-112.782
-113.112
-112.651
-111.301
-108.957
-105.513
-100.869
-94.9351
-87.6392
-78.9454
-68.8755
-58.156
45.1161
48.0458
50.7282
52.706
53.7434
53.77
52.6766
50.6165
47.9383
44.8898
41.7216
38.6872
35.8667
33.2859
30.9636
28.8588
26.9273
25.1307
23.4189
21.7435
20.0607
18.3264
16.4925
14.5518
12.5959
10.7463
9.06829
7.60222
6.39644
5.50532
4.99221
4.92212
5.35641
6.35199
7.95597
10.1966
13.064
16.5027
20.1258
38.1209
34.0837
28.9992
23.0647
16.9084
10.0635
2.86592
-4.37812
-11.7295
-19.0084
-26.1365
-33.1405
-39.966
-46.6164
-53.097
-59.3885
-65.4745
-71.3232
-76.8886
-82.1123
-86.9189
-91.2162
-94.9203
-97.9683
-100.39
-102.294
-103.721
-104.613
-104.888
-104.468
-103.271
-101.211
-98.1974
-94.1428
-88.9657
-82.5946
-74.98
-66.1116
-56.6098
41.5135
44.3327
46.9352
48.8922
49.9732
50.1179
49.2233
47.4265
45.0501
42.3269
39.49
36.7727
34.2503
31.9472
29.8806
28.0137
26.3066
24.7245
23.2225
21.757
20.2886
18.7779
17.1814
15.4922
13.7912
12.1852
10.7301
9.45881
8.41089
7.6306
7.16931
7.07957
7.41084
8.20937
9.51439
11.3516
13.7183
16.5792
19.6172
34.9519
31.1054
26.2763
20.6585
14.8457
8.39795
1.63445
-5.15708
-12.0338
-18.8266
-25.4631
-31.9686
-38.2928
-44.4389
-50.4129
-56.1969
-61.7762
-67.1218
-72.1924
-76.9352
-81.2826
-85.1525
-88.4715
-91.1867
-93.3296
-95.0046
-96.2515
-97.0232
-97.2492
-96.8663
-95.8065
-93.9966
-91.3606
-87.8238
-83.3123
-77.7568
-71.0985
-63.303
-54.9001
38.1976
40.9084
43.4306
45.3628
46.4794
46.7297
46.0164
44.4614
42.3629
39.9395
37.4072
34.9809
32.7311
30.681
28.8463
27.1942
25.6885
24.2982
22.9827
21.7031
20.4241
19.1103
17.7228
16.255
14.778
13.3855
12.1254
11.0244
10.1146
9.43176
9.01728
8.91336
9.15949
9.79295
10.846
12.3416
14.282
16.6467
19.1767
32.044
28.3813
23.7971
18.4818
12.9962
6.92554
0.573147
-5.791
-12.2204
-18.5565
-24.7326
-30.7724
-36.6296
-42.3075
-47.8122
-53.1273
-58.2401
-63.1241
-67.7422
-72.0466
-75.9769
-79.4606
-82.4333
-84.8507
-86.7462
-88.2187
-89.3071
-89.9733
-90.158
-89.8088
-88.8699
-87.2805
-84.9765
-81.8938
-77.9665
-73.1279
-67.3143
-60.4738
-53.0586
35.1471
37.7518
40.1937
42.0972
43.242
43.586
43.0373
41.7037
39.8604
37.7122
35.4594
33.2995
31.2985
29.4782
27.8534
26.3946
25.0695
23.8501
22.7001
21.5847
20.4726
19.3319
18.128
16.8544
15.5737
14.368
13.2781
12.3255
11.5361
10.9386
10.5663
10.4525
10.6288
11.1247
11.9666
13.1746
14.7538
16.6946
18.7863
29.3776
25.8918
21.5426
16.5161
11.3418
5.6291
-0.334226
-6.29482
-12.3031
-18.2106
-23.9554
-29.5603
-34.9826
-40.2259
-45.2963
-50.1789
-54.8623
-59.3231
-63.5276
-67.4328
-70.9851
-74.1201
-76.7818
-78.9335
-80.6095
-81.9032
-82.8528
-83.4272
-83.5769
-83.2588
-82.4272
-81.0316
-79.0188
-76.3336
-72.9177
-68.708
-63.6384
-57.6455
-51.1153
32.3425
34.8433
37.205
39.0762
40.2422
40.6685
40.2686
39.137
37.5273
35.6313
33.6342
31.7174
29.9426
28.3307
26.8954
25.6102
24.4465
23.3791
22.3757
21.4053
20.4398
19.451
18.4078
17.3043
16.1953
15.1526
14.2108
13.3871
12.7023
12.1794
11.8448
11.7248
11.8441
12.2261
12.892
13.859
15.1341
16.7146
18.43
26.9345
23.619
19.4949
14.7441
9.86586
4.49288
-1.10246
-6.68233
-12.2944
-17.7995
-23.1407
-28.3397
-33.3574
-38.1974
-42.8659
-47.3497
-51.6385
-55.7115
-59.5383
-63.0806
-66.2905
-69.1111
-71.4939
-73.4087
-74.8904
-76.0269
-76.8551
-77.3501
-77.4705
-77.181
-76.4445
-75.2196
-73.4618
-71.1241
-68.1549
-64.4959
-60.0799
-54.837
-49.097
29.7654
32.1646
34.4462
36.2819
37.4624
37.9603
37.6942
36.7462
35.3495
33.6837
31.9199
30.2244
28.655
27.2315
25.9666
24.8371
23.8173
22.8849
22.011
21.1681
20.3313
19.4754
18.5729
17.618
16.6588
15.7578
14.9445
14.2326
13.6385
13.1806
12.8796
12.7562
12.8294
13.1176
13.6376
14.404
15.4241
16.7002
18.0946
24.6975
21.5461
17.6375
13.1496
8.55302
3.50211
-1.74513
-6.966
-12.2054
-17.333
-22.2968
-27.1174
-31.7585
-36.2246
-40.5215
-44.6378
-48.5642
-52.2821
-55.7644
-58.9768
-61.877
-64.4143
-66.5474
-68.2514
-69.5615
-70.5598
-71.2823
-71.7086
-71.8047
-71.5418
-70.8898
-69.815
-68.2803
-66.246
-63.6666
-60.4884
-56.6456
-52.0646
-47.0279
27.3988
29.6986
31.9003
33.6975
34.8864
35.4459
35.2991
34.5173
33.3142
31.8579
30.3062
28.8115
27.4279
26.1743
25.0625
24.0721
23.1804
22.3675
21.6078
20.8769
20.1527
19.413
18.6331
17.8079
16.979
16.2011
15.4991
14.8839
14.3683
13.9669
13.6958
13.5711
13.6074
13.8189
14.2186
14.8187
15.6263
16.6465
17.7688
22.6509
19.6572
15.9551
11.7179
7.38903
2.64323
-2.27502
-7.1575
-12.0464
-16.8203
-21.4312
-25.8988
-30.19
-34.3095
-38.2632
-42.0408
-45.6344
-49.0275
-52.1956
-55.1087
-57.7286
-60.0113
-61.9209
-63.4376
-64.5962
-65.4735
-66.104
-66.4714
-66.5474
-66.3093
-65.7324
-64.7896
-63.45
-61.6803
-59.4404
-56.6815
-53.3403
-49.3422
-44.9296
25.2267
27.4294
29.5517
31.3075
32.499
33.1106
33.0696
32.4374
31.4095
30.143
28.7836
27.4707
26.2547
25.1538
24.1791
23.3128
22.5348
21.8275
21.1683
20.5355
19.9098
19.2712
18.5982
17.8857
17.1701
16.4989
15.8931
15.3613
14.9136
14.5612
14.3167
14.1925
14.1995
14.3485
14.6497
15.1127
15.7442
16.5505
17.4434
20.78
17.938
14.4334
10.4352
6.36049
1.90382
-2.70362
-7.26734
-11.827
-16.2693
-20.5502
-24.6889
-28.6549
-32.4533
-36.0899
-39.5557
-42.8441
-45.9401
-48.8222
-51.4635
-53.8305
-55.8842
-57.5941
-58.9446
-59.9697
-60.741
-61.2916
-61.6086
-61.6685
-61.4532
-60.9431
-60.1162
-58.9473
-57.4081
-55.4639
-53.07
-50.1669
-46.6811
-42.8208
23.2344
25.3422
27.3856
29.0975
30.2861
30.9407
30.9928
30.4945
29.6243
28.5294
27.3438
26.1947
25.1295
24.1655
23.3133
22.5573
21.88
21.2657
20.6947
20.1478
19.6079
19.0574
18.4772
17.8626
17.2452
16.6663
16.1436
15.6836
15.2944
14.9845
14.7637
14.6412
14.6253
14.724
14.9448
15.2955
15.7818
16.4104
17.1111
19.0711
16.3747
13.0592
9.28852
5.45523
1.27234
-3.0416
-7.30508
-11.5554
-15.6869
-19.6596
-23.4918
-27.1559
-30.6568
-34.0008
-37.1797
-40.1879
-43.0125
-45.6342
-48.029
-50.1677
-52.0158
-53.5474
-54.7504
-55.658
-56.3368
-56.8182
-57.092
-57.1392
-56.9451
-56.4945
-55.7696
-54.7498
-53.4113
-51.7241
-49.6479
-47.127
-44.0905
-40.7178
21.4081
23.4232
25.3882
27.0541
28.2346
28.9238
29.0568
28.6777
27.9488
27.0081
25.9789
24.9772
24.0472
23.2055
22.4624
21.8043
21.2159
20.6835
20.1897
19.7177
19.2524
18.7785
18.2788
17.7491
17.2167
16.7174
16.2662
15.8681
15.5292
15.2562
15.0564
14.9367
14.9031
14.9615
15.1173
15.3765
15.7438
16.2255
16.7663
17.5114
14.955
11.8201
8.26611
4.66196
0.73821
-3.29866
-7.27943
-11.2391
-15.0797
-18.7645
-22.3112
-25.6947
-28.9205
-31.9942
-34.9091
-37.6606
-40.2371
-42.6217
-44.7933
-46.7259
-48.3895
-49.7621
-50.8344
-51.6387
-52.2368
-52.6582
-52.8954
-52.9325
-52.7582
-52.3606
-51.7254
-50.8359
-49.6723
-48.2084
-46.4084
-44.2206
-41.5775
-38.6343
19.7349
21.6596
23.5471
25.1648
26.3325
27.0482
27.2506
26.9768
26.3735
25.5709
24.6823
23.8125
23.0033
22.2707
21.6243
21.0528
20.5427
20.0821
19.6558
19.2491
18.8487
18.441
18.011
17.5548
17.0958
16.6652
16.2756
15.9307
15.6352
15.3941
15.2129
15.0967
15.0498
15.0762
15.1798
15.3649
15.6353
15.9964
16.4051
16.0891
13.667
10.7049
7.35695
3.97019
0.291605
-3.48376
-7.19847
-10.8852
-14.4532
-17.8691
-21.1499
-24.273
-27.2439
-30.0682
-32.7403
-35.2564
-37.6063
-39.7753
-41.7446
-43.4915
-44.9895
-46.2202
-47.1769
-47.8904
-48.4182
-48.7879
-48.9939
-49.0234
-48.8675
-48.5172
-47.961
-47.1854
-46.174
-44.9042
-43.3442
-41.4462
-39.1473
-36.5817
18.2031
20.0396
21.8503
23.4179
24.5685
25.3032
25.5643
25.3827
24.8901
24.2105
23.4477
22.6958
21.994
21.3581
20.7974
20.3023
19.861
19.4633
19.0958
18.7458
18.4016
18.0513
17.6816
17.2888
16.8932
16.5218
16.185
15.8858
15.6276
15.4142
15.2496
15.1375
15.0807
15.0819
15.1439
15.2696
15.4615
15.7242
16.0245
14.7937
12.5003
9.70316
6.55116
3.37047
-0.0763552
-3.60502
-7.06939
-10.4997
-13.8124
-16.9771
-20.01
-22.8912
-25.6263
-28.2206
-30.6693
-32.9696
-35.1127
-37.0855
-38.8716
-40.4509
-41.8005
-42.9049
-43.7592
-44.393
-44.8596
-45.1848
-45.3645
-45.3884
-45.2497
-44.9414
-44.4548
-43.7789
-42.9001
-41.7991
-40.4474
-38.8017
-36.8034
-34.5693
16.8018
18.5524
20.2871
21.803
22.9322
23.6789
23.9884
23.8866
23.4905
22.9203
22.2697
21.6226
21.016
20.4656
19.9805
19.5525
19.1715
18.8286
18.5124
18.2116
17.916
17.6152
17.2975
16.9595
16.6186
16.298
16.0066
15.7467
15.5206
15.3311
15.1813
15.0736
15.0098
14.9917
15.0208
15.099
15.2279
15.4109
15.6231
13.6152
11.4454
8.80554
5.83981
2.85443
-0.373344
-3.66938
-6.89843
-10.0879
-13.1619
-16.0918
-18.8937
-21.5505
-24.0673
-26.4491
-28.6921
-30.7945
-32.7487
-34.543
-36.1632
-37.5915
-38.8081
-39.7998
-40.5638
-41.1278
-41.5411
-41.828
-41.9856
-42.0055
-41.8828
-41.6123
-41.187
-40.5984
-39.8352
-38.8807
-37.7101
-36.2838
-34.548
-32.6045
15.5212
17.1879
18.8477
20.3101
21.414
22.1658
22.5142
22.4806
22.1676
21.6943
21.1437
20.5891
20.0662
19.5912
19.1726
18.8033
18.475
18.18
17.9082
17.65
17.3964
17.1383
16.8655
16.5746
16.2807
16.0038
15.7515
15.5252
15.3267
15.1581
15.0214
14.9183
14.8499
14.817
14.8205
14.8612
14.94
15.0589
15.1999
12.5435
10.4921
8.00241
5.21371
2.41331
-0.6072
-3.68374
-6.69133
-9.65431
-12.5049
-15.2153
-17.8023
-20.2512
-22.5661
-24.7514
-26.8049
-28.7258
-30.5072
-32.139
-33.6087
-34.901
-35.9984
-36.8899
-37.5738
-38.0766
-38.4437
-38.6978
-38.8369
-38.8544
-38.7466
-38.5099
-38.139
-37.6269
-36.9646
-36.1377
-35.1243
-33.8888
-32.382
-30.693
14.3512
15.9365
17.5226
18.9299
20.0052
20.7557
21.1336
21.1573
20.9141
20.5271
20.0656
19.592
19.1423
18.7332
18.3728
18.055
17.7726
17.519
17.2858
17.0643
16.8469
16.6256
16.3913
16.1411
15.8876
15.6483
15.4294
15.232
15.0574
14.9069
14.7821
14.6838
14.6126
14.5687
14.5524
14.5638
14.603
14.671
14.7549
11.5688
9.6303
7.28346
4.66258
2.03765
-0.787273
-3.65632
-6.45484
-9.20409
-11.8458
-14.3488
-16.7344
-18.9914
-21.1198
-23.1233
-25.0023
-26.7568
-28.3806
-29.8646
-31.198
-32.3677
-33.3582
-34.1604
-34.7736
-35.2229
-35.55
-35.7759
-35.8997
-35.916
-35.8222
-35.6159
-35.293
-34.8481
-34.2739
-33.558
-32.6814
-31.612
-30.3051
-28.8385
13.282
14.7885
16.3025
17.654
18.6979
19.4414
19.8404
19.9107
19.7229
19.4131
19.0316
18.6282
18.2416
17.8902
17.5808
17.3079
17.0652
16.8476
16.6476
16.4578
16.2715
16.0818
15.8806
15.6652
15.4465
15.2394
15.0492
14.8767
14.7227
14.5881
14.4738
14.3804
14.308
14.2563
14.2251
14.214
14.2224
14.2502
14.289
10.6847
8.85372
6.64241
4.18008
1.72066
-0.920407
-3.5937
-6.19559
-8.74383
-11.1905
-13.4945
-15.6895
-17.7689
-19.725
-21.5603
-23.2785
-24.8805
-26.3604
-27.7099
-28.9201
-29.9793
-30.8742
-31.5973
-32.1482
-32.5508
-32.8433
-33.0454
-33.1567
-33.1728
-33.0924
-32.9136
-32.6335
-32.2479
-31.7508
-31.1319
-30.3743
-29.4495
-28.3168
-27.0448
12.307
13.7369
15.1804
16.4751
17.4851
18.216
18.6289
18.7365
18.5883
18.3478
18.0376
17.6942
17.3617
17.0605
16.7955
16.5615
16.3534
16.1669
15.9956
15.8331
15.6735
15.5109
15.3382
15.1528
14.964
14.7846
14.6191
14.468
14.3318
14.2111
14.1065
14.018
13.9455
13.8885
13.8464
13.8182
13.8029
13.7994
13.803
9.89119
8.16334
6.08147
3.76906
1.46529
-1.00328
-3.49384
-5.91341
-8.27516
-10.537
-12.6577
-14.679
-16.5944
-18.3885
-20.0658
-21.6344
-23.0954
-24.4425
-25.6686
-26.7665
-27.7257
-28.5348
-29.1872
-29.6833
-30.045
-30.3077
-30.4896
-30.5908
-30.6077
-30.5398
-30.3858
-30.1437
-29.8105
-29.3811
-28.8469
-28.1933
-27.3946
-26.4143
-25.3123
11.4253
12.7801
14.1527
15.3877
16.3598
17.0704
17.4902
17.6264
17.5053
17.331
17.0828
16.788
16.5011
16.2433
16.0167
15.816
15.6374
15.4775
15.3309
15.1919
15.0553
14.916
14.7678
14.6082
14.4451
14.2896
14.1455
14.0131
13.8925
13.7842
13.6883
13.6048
13.5334
13.4732
13.4234
13.3828
13.3499
13.3227
13.2999
9.18294
7.55434
5.59724
3.42736
1.27148
-1.03381
-3.35151
-5.60286
-7.78977
-9.87781
-11.8337
-13.7086
-15.4776
-17.1146
-18.6398
-20.0688
-21.3994
-22.6233
-23.7354
-24.7301
-25.5987
-26.3303
-26.9194
-27.3669
-27.693
-27.9302
-28.0954
-28.1889
-28.2078
-28.1523
-28.0213
-27.8132
-27.5265
-27.1568
-26.6966
-26.1335
-25.4447
-24.5975
-23.6447
10.6317
11.9126
13.2135
14.3853
15.314
15.9944
16.4146
16.5652
16.4623
16.3649
16.1704
15.9094
15.6599
15.4406
15.2474
15.075
14.9216
14.7844
14.6588
14.5396
14.4226
14.303
14.1755
14.0379
13.8967
13.7615
13.6356
13.5191
13.4121
13.3146
13.2268
13.1483
13.0786
13.0168
12.9619
12.9124
12.8664
12.8213
12.7778
8.63614
7.08363
5.21752
3.15813
1.11999
-1.04884
-3.20492
-5.28821
-7.27252
-9.18636
-10.8718
-12.6391
-14.3406
-15.8759
-17.3038
-18.6534
-19.9126
-21.0683
-22.1171
-23.0549
-23.873
-24.5611
-25.1138
-25.5326
-25.8371
-26.058
-26.2123
-26.2997
-26.3196
-26.273
-26.1531
-25.9661
-25.7099
-25.38
-24.9695
-24.4676
-23.8539
-23.099
-22.2508
10.0177
11.2347
12.47
13.5671
14.4277
15.029
15.3815
15.4447
15.3306
15.416
15.3224
15.1066
14.9019
14.7273
14.5701
14.4261
14.2964
14.1803
14.0734
13.9716
13.8711
13.768
13.6576
13.5377
13.4139
13.2947
13.1828
13.0783
12.9813
12.8919
12.81
12.7353
12.6671
12.6047
12.5467
12.4914
12.4369
12.3796
12.3231
8.2029
6.71141
4.91784
2.94689
1.00759
-1.03872
-3.04352
-4.95593
-6.72156
-8.44956
-9.80764
-11.5148
-13.2051
-14.6768
-16.0435
-17.3519
-18.5774
-19.7005
-20.7188
-21.6291
-22.4224
-23.0883
-23.6217
-24.0245
-24.3163
-24.5273
-24.6754
-24.759
-24.7802
-24.7406
-24.6243
-24.449
-24.2124
-23.9083
-23.5303
-23.0693
-22.5071
-21.8155
-21.0387
9.52756
10.6874
11.8562
12.871
13.6446
14.1354
14.3766
14.2932
14.134
14.4584
14.5059
14.3514
14.199
14.0746
13.9571
13.8433
13.7382
13.6429
13.5544
13.469
13.3841
13.2962
13.2012
13.0972
12.9888
12.8832
12.7831
12.6887
12.6
12.5169
12.4394
12.3671
12.2993
12.2352
12.1736
12.1125
12.0499
11.9812
11.9099
7.78106
6.35179
4.63263
2.75243
0.91384
-1.00748
-2.86201
-4.60414
-6.16175
-7.70563
-8.75579
-10.3942
-12.067
-13.4751
-14.7764
-16.0383
-17.2267
-18.3149
-19.3007
-20.1821
-20.95
-21.5936
-22.1082
-22.4958
-22.7758
-22.978
-23.1208
-23.2014
-23.2245
-23.1932
-23.082
-22.92
-22.7049
-22.4281
-22.0836
-21.6641
-21.1532
-20.5254
-19.8277
9.04791
10.1507
11.2532
12.1871
12.8768
13.2597
13.3951
13.1703
12.9639
13.4861
13.6714
13.578
13.4721
13.3938
13.3146
13.2301
13.1485
13.0733
13.0025
12.9333
12.8633
12.7901
12.7101
12.6215
12.5279
12.4355
12.3468
12.262
12.1813
12.1048
12.0325
11.9638
11.8983
11.8348
11.772
11.7078
11.6398
11.5636
11.4884
7.37311
6.00654
4.36311
2.57475
0.83786
-0.957323
-2.6639
-4.23666
-5.59832
-6.95188
-7.72632
-9.28354
-10.9254
-12.2712
-13.5062
-14.7166
-15.8643
-16.9156
-17.8675
-18.7189
-19.4609
-20.0821
-20.5782
-20.9512
-21.2203
-21.4147
-21.553
-21.6308
-21.6558
-21.6315
-21.5236
-21.372
-21.1747
-20.9213
-20.6063
-20.2242
-19.76
-19.1871
-18.5405
8.58172
9.62825
10.6651
11.5201
12.1291
12.4067
12.4425
12.0817
11.8266
12.5012
12.8162
12.7867
12.7231
12.686
12.643
12.587
12.5278
12.4715
12.4174
12.3634
12.3078
12.2488
12.1833
12.1097
12.0307
11.9513
11.8739
11.7984
11.7248
11.6532
11.5833
11.5151
11.448
11.3815
11.3142
11.2444
11.1689
11.0808
10.9814
6.98276
5.67876
4.11156
2.41519
0.779776
-0.889808
-2.45213
-3.85806
-5.03662
-6.1935
-6.72758
-8.18998
-9.78311
-11.0656
-12.2341
-13.389
-14.4918
-15.5041
-16.4208
-17.2414
-17.9572
-18.5568
-19.0352
-19.3943
-19.653
-19.8408
-19.9771
-20.0564
-20.0891
-20.0789
-19.9836
-19.8515
-19.6806
-19.4581
-19.1786
-18.8379
-18.4243
-17.9193
-17.378
8.13328
9.12452
10.0968
10.8755
11.4067
11.5809
11.5217
11.0243
10.7197
11.5047
11.9376
11.9747
11.9513
11.951
11.9415
11.9128
11.8756
11.8376
11.7994
11.7596
11.7174
11.6715
11.6195
11.5599
11.4946
11.4278
11.362
11.2978
11.2354
11.1749
11.116
11.0579
10.9998
10.9404
10.878
10.8104
10.7359
10.6526
10.5826
6.61325
5.37089
3.87905
2.27376
0.738266
-0.807826
-2.23105
-3.47454
-4.48289
-5.43798
-5.76541
-7.11847
-8.64262
-9.85844
-10.9606
-12.0565
-13.1107
-14.0818
-14.9622
-15.7512
-16.4408
-17.0198
-17.4827
-17.8309
-18.0809
-18.2606
-18.3892
-18.4606
-18.4875
-18.4746
-18.3747
-18.2443
-18.0822
-17.8749
-17.6178
-17.3074
-16.9291
-16.4523
-15.8871
7.70671
8.64425
9.5532
10.2587
10.7145
10.7861
10.6354
9.99487
9.63782
10.4973
11.0341
11.1394
11.1563
11.1902
11.2111
11.207
11.19
11.1698
11.148
11.1233
11.0948
11.0619
11.0231
10.9768
10.9237
10.8667
10.8069
10.7446
10.6799
10.6131
10.5449
10.476
10.4065
10.3362
10.2644
10.1884
10.1027
9.99251
9.84337
6.26831
5.08467
3.66512
2.14753
0.709088
-0.717369
-2.00692
-3.09322
-3.94317
-4.69332
-4.84567
-6.07339
-7.50733
-8.65091
-9.68517
-10.7185
-11.7205
-12.6488
-13.4927
-14.2505
-14.9137
-15.4707
-15.9169
-16.2556
-16.5064
-16.6964
-16.8439
-16.9404
-16.9996
-17.0251
-16.9613
-16.8705
-16.7512
-16.5877
-16.3749
-16.1123
-15.7972
-15.4285
-15.092
7.3074
8.19367
9.04085
9.67561
10.0552
10.0213
9.77877
8.98288
8.56739
9.47666
10.1056
10.2769
10.3335
10.4019
10.4549
10.4751
10.4742
10.4656
10.4549
10.4423
10.4273
10.4087
10.3853
10.356
10.3227
10.2883
10.2545
10.2217
10.1899
10.1583
10.1254
10.0893
10.0486
10.0015
9.94679
9.88319
9.8139
9.7487
9.74007
5.95232
4.8223
3.46891
2.03259
0.685643
-0.627175
-1.78803
-2.72128
-3.42292
-3.96743
-3.9729
-5.05814
-6.38022
-7.44427
-8.40741
-9.37308
-10.3172
-11.1995
-12.0074
-12.7375
-13.3807
-13.923
-14.354
-14.6693
-14.8844
-15.0314
-15.1332
-15.1843
-15.2002
-15.1866
-15.0881
-14.9715
-14.8362
-14.6676
-14.4613
-14.2134
-13.9014
-13.4743
-12.8827
6.94153
7.78015
8.56798
9.1343
9.43227
9.28566
8.94612
7.97668
7.48717
8.43351
9.15243
9.38952
9.48018
9.57522
9.65949
9.71363
9.74216
9.7533
9.75212
9.74218
9.72661
9.70726
9.68352
9.65187
9.60872
9.55495
9.49325
9.42487
9.35082
9.27291
9.19308
9.11412
9.03733
8.9627
8.88885
8.81073
8.71331
8.56167
8.30009
5.66942
4.58861
3.29551
1.93252
0.668608
-0.541031
-1.58151
-2.3707
-2.93674
-3.2759
-3.1531
-4.07597
-5.26342
-6.23873
-7.12764
-8.02158
-8.90126
-9.72935
-10.4927
-11.1881
-11.8089
-12.3475
-12.8034
-13.1813
-13.4882
-13.7344
-13.9361
-14.0857
-14.2032
-14.2885
-14.2823
-14.2567
-14.2075
-14.1148
-13.9756
-13.7974
-13.5991
-13.4185
-13.4138
6.6128
7.40792
8.14108
8.64488
8.85879
8.60188
8.16291
6.98044
6.3753
7.348
8.16138
8.48053
8.6197
8.73298
8.81638
8.87024
8.91578
8.96534
9.01585
9.06009
9.09413
9.11778
9.13401
9.14946
9.17155
9.19858
9.22533
9.25069
9.27352
9.29197
9.30329
9.3036
9.29007
9.26174
9.2195
9.16734
9.1227
9.12358
9.27841
5.42173
4.38762
3.15136
1.85578
0.665652
-0.455614
-1.39243
-2.06213
-2.51389
-2.64257
-2.39495
-3.13668
-4.16243
-5.03014
-5.83636
-6.65855
-7.47873
-8.25962
-8.98261
-9.63703
-10.2069
-10.6682
-10.9992
-11.1945
-11.2991
-11.3694
-11.4197
-11.4368
-11.4313
-11.4074
-11.293
-11.1688
-11.0459
-10.9109
-10.7542
-10.5622
-10.2876
-9.83467
-9.04401
6.32216
7.07759
7.76268
8.21389
8.35104
8.01079
7.4715
5.99697
5.21938
6.2103
7.09307
7.49258
7.72957
7.9409
8.08121
8.12152
8.08592
8.01724
7.94736
7.89152
7.85269
7.82829
7.80976
7.77824
7.71586
7.6321
7.54205
7.44882
7.35325
7.25746
7.16459
7.07769
6.99992
6.9326
6.87146
6.80339
6.69219
6.46574
5.99936
5.21277
4.211
3.01585
1.77343
0.644487
-0.4004
-1.24364
-1.81291
-2.1522
-2.05261
-1.69331
-2.25682
-3.10088
-3.82958
-4.51821
-5.23758
-5.98218
-6.72679
-7.45803
-8.17092
-8.86191
-9.52781
-10.1655
-10.7552
-11.2391
-11.6003
-11.8894
-12.1164
-12.3186
-12.5086
-12.6218
-12.6939
-12.723
-12.7037
-12.6416
-12.5564
-12.5072
-12.5971
-13.1034
6.0823
6.80609
7.44827
7.84449
7.89573
7.47319
6.76339
4.90852
3.98791
5.05934
5.97678
6.36253
6.5919
6.86651
7.19225
7.52986
7.84566
8.10608
8.29473
8.41491
8.48076
8.50904
8.52295
8.5605
8.65075
8.76655
8.87234
8.9622
9.03796
9.09982
9.14514
9.17166
9.17691
9.15993
9.12679
9.09205
9.09858
9.22701
9.6561
5.05772
4.04247
2.83552
1.59863
0.499581
-0.476827
-1.20607
-1.63172
-1.77315
-1.40895
-1.00722
-1.423
-2.10118
-2.7014
-3.25765
-3.81026
-4.35614
-4.87885
-5.36485
-5.7988
-6.15272
-6.38418
-6.46036
-6.39764
-6.32248
-6.31191
-6.33684
-6.32994
-6.28947
-6.21227
-6.05581
-5.93744
-5.86956
-5.80396
-5.71892
-5.60094
-5.36508
-4.86388
-3.75989
5.93231
6.64642
7.25047
7.5623
7.46401
6.84347
5.72078
3.45899
2.57014
3.8637
4.9829
5.50974
5.66554
5.57824
5.31272
4.96902
4.64277
4.40846
4.28191
4.24624
4.27415
4.34326
4.42176
4.4513
4.38776
4.28076
4.18612
4.10686
4.03768
3.97539
3.92287
3.8827
3.8553
3.838
3.82411
3.79415
3.68735
3.38959
2.70277
4.98008
3.90892
2.63762
1.35093
0.238095
-0.694263
-1.30758
-1.54872
-1.40674
-0.768741
-0.339734
-0.571377
-1.04781
-1.57505
-2.16466
-2.81979
-3.53714
-4.31204
-5.14663
-6.05076
-7.04116
-8.12347
-9.23606
-10.2492
-10.9592
-11.3789
-11.7736
-12.1032
-12.6006
-13.4077
-13.1104
-13.0504
-13.1882
-13.2678
-13.2543
-13.2319
-13.3338
-13.7311
-14.77
5.89385
6.62373
7.20455
7.42305
7.14204
6.2282
4.51928
1.91655
0.92269
2.11829
3.49407
4.83231
6.11917
7.34213
8.36161
9.09343
9.55544
9.77162
9.80398
9.72044
9.57614
9.41129
9.28174
9.28541
9.47046
9.70367
9.87263
9.98662
10.0703
10.1299
10.1592
10.155
10.121
10.065
10.0024
9.96372
10.0319
10.3323
11.0911
709.458
688.184
663.275
635.818
606.032
574.548
542.233
509.862
477.93
446.677
416.209
386.593
357.888
330.156
303.446
277.805
253.264
229.843
207.552
186.392
166.351
147.413
129.554
112.746
96.9573
82.1544
68.3038
55.372
43.3305
32.1486
21.7999
12.2606
3.50583
-4.48486
-11.7321
-18.2573
-24.0814
-29.2274
-33.7192
-37.5829
-40.846
-43.5393
-45.6951
-47.3467
-48.5306
-49.2837
-49.6436
-49.6482
-49.3354
-48.7428
-47.9064
-46.861
-45.6395
-44.2729
-42.7894
-41.215
-39.5732
-37.8848
-36.1679
-34.4387
-32.7106
-30.995
-29.3016
-27.6376
-26.0101
-24.422
-22.8804
-21.5806
-20.4283
-19.2932
-18.0358
-16.9865
-15.4361
-14.8854
-12.3973
-13.4661
-8.43519
-13.4609
-3.08794
-15.4355
709.228
686.271
659.228
631.271
602.181
572.438
542.68
513.339
484.643
456.708
429.602
403.382
378.1
353.8
330.518
308.278
287.096
266.979
247.923
229.915
212.934
196.954
181.943
167.866
154.686
142.365
130.865
120.149
110.182
100.929
92.3614
84.4477
77.1591
70.4689
64.3507
58.7776
53.7231
49.1599
45.0602
41.3952
38.1358
35.252
32.7133
30.489
28.5486
26.8621
25.3999
24.1336
23.0362
22.0824
21.2486
20.5132
19.8567
19.262
18.7137
18.199
17.7068
17.2279
16.755
16.2822
15.8054
15.3212
14.8275
14.3233
13.807
13.2812
12.7406
12.2756
11.8469
11.4278
10.8892
10.5347
9.70013
9.75308
8.06481
9.40904
5.64604
9.91682
2.28861
11.404
263.401
260.781
260.292
259.704
258.647
257.012
254.654
251.445
247.309
242.232
236.233
229.357
221.658
213.201
204.056
194.297
184.01
173.286
162.215
150.892
139.411
127.865
116.34
104.918
93.6769
82.6832
71.9969
61.6689
51.7442
42.2576
33.2385
24.711
16.6915
9.19407
2.22825
-4.20065
-10.0899
-15.4406
-20.2565
-24.5446
-28.3148
-31.5812
-34.3604
-36.671
-38.5361
-39.981
-41.0321
-41.7182
-42.0694
-42.1166
-41.8909
-41.4231
-40.7435
-39.8811
-38.8637
-37.7174
-36.4664
-35.1328
-33.7366
-32.2957
-30.8259
-29.3407
-27.8522
-26.3699
-24.903
-23.4569
-22.039
-20.8371
-19.7617
-18.7077
-17.5116
-16.5437
-15.034
-14.5625
-12.1138
-13.21
-8.31701
-13.164
-3.26759
-14.9767
265.183
265.646
268.218
271.096
273.076
274.067
274.018
272.86
270.585
267.241
262.895
257.614
251.481
244.577
236.988
228.808
220.13
211.048
201.661
192.063
182.348
172.601
162.903
153.326
143.937
134.789
125.931
117.4
109.226
101.432
94.0346
87.0435
80.4641
74.2986
68.5455
63.2001
58.2553
53.7018
49.5281
45.7204
42.2636
39.1404
36.3319
33.818
31.5774
29.5879
27.8268
26.2712
24.8985
23.6866
22.6142
21.6611
20.8084
20.0389
19.3368
18.6882
18.0807
17.5038
16.9486
16.4075
15.8747
15.3454
14.8158
14.2836
13.7462
13.2053
12.6536
12.1842
11.7503
11.3339
10.7888
10.4455
9.60258
9.6665
7.99307
9.29579
5.65705
9.71436
2.44921
11.076
119.13
118.058
117.17
116.093
115.039
114.064
113.16
112.31
111.49
110.671
109.806
108.846
107.736
106.423
104.855
102.985
100.772
98.1841
95.1946
91.7887
87.963
83.7232
79.0861
74.08
68.7411
63.1147
57.2522
51.2095
45.0468
38.824
32.6011
26.4367
20.3849
14.4968
8.81851
3.39075
-1.75102
-6.57704
-11.0627
-15.1888
-18.9417
-22.3134
-25.2999
-27.9016
-30.1246
-31.9781
-33.4751
-34.6318
-35.4672
-36.0027
-36.2611
-36.2665
-36.0438
-35.6177
-35.0128
-34.2531
-33.3616
-32.3599
-31.268
-30.1045
-28.8863
-27.628
-26.3435
-25.0436
-23.7394
-22.4384
-21.1476
-20.0467
-19.052
-18.0805
-16.9545
-16.06
-14.6189
-14.1857
-11.8551
-12.8661
-8.27851
-12.7345
-3.54836
-14.3347
119.542
119.252
119.338
119.55
119.921
120.596
121.53
122.645
123.883
125.184
126.476
127.679
128.723
129.533
130.049
130.215
129.986
129.327
128.214
126.636
124.593
122.096
119.167
115.838
112.151
108.152
103.892
99.4258
94.8096
90.098
85.3446
80.5988
75.9056
71.3062
66.8361
62.5253
58.3991
54.477
50.7743
47.3012
44.064
41.0648
38.3023
35.7717
33.4654
31.3734
29.4836
27.7821
26.2539
24.8832
23.6537
22.5492
21.5539
20.6523
19.8302
19.0742
18.3721
17.7131
17.0877
16.4876
15.9059
15.3367
14.7754
14.2186
13.6626
13.1086
12.5477
12.0749
11.6379
11.2236
10.6779
10.3369
9.50694
9.54778
7.94689
9.12721
5.72165
9.4373
2.66518
10.6902
119.733
119.233
118.527
117.555
116.345
114.881
113.179
111.266
109.165
106.898
104.477
101.916
99.2269
96.4221
93.5117
90.5012
87.3963
84.198
80.9032
77.5075
74.0047
70.3858
66.6426
62.7682
58.7569
54.6072
50.3217
45.9076
41.3787
36.7532
32.0549
27.313
22.5593
17.829
13.159
8.58617
4.14707
-0.123957
-4.19461
-8.03607
-11.6237
-14.9372
-17.9604
-20.6814
-23.0935
-25.1941
-26.9846
-28.4706
-29.6611
-30.5684
-31.2073
-31.5946
-31.7492
-31.6909
-31.4402
-31.018
-30.4449
-29.7409
-28.9254
-28.0165
-27.0313
-25.9851
-24.8925
-23.7656
-22.6165
-21.4546
-20.2864
-19.2822
-18.3633
-17.469
-16.4093
-15.5851
-14.2063
-13.819
-11.5791
-12.5552
-8.1749
-12.3974
-3.66397
-13.8808
119.955
119.924
119.755
119.392
118.851
118.156
117.314
116.354
115.308
114.196
113.039
111.847
110.634
109.405
108.166
106.911
105.636
104.326
102.964
101.533
100.01
98.3745
96.6046
94.6829
92.5949
90.3312
87.8876
85.267
82.4776
79.5343
76.4573
73.2711
70.0033
66.6844
63.3453
60.017
56.7291
53.5093
50.3824
47.3699
44.4899
41.7569
39.1813
36.7699
34.5263
32.4506
30.5402
28.7896
27.1914
25.7364
24.414
23.2128
22.1205
21.1249
20.2139
19.3757
18.5992
17.8741
17.1909
16.5414
15.918
15.3146
14.7256
14.1473
13.5749
13.0094
12.4402
11.9642
11.5239
11.1111
10.5643
10.2262
9.40452
9.43319
7.87927
8.98593
5.72786
9.2346
2.76259
10.4321
108.721
108.199
107.605
106.941
106.177
105.289
104.269
103.108
101.8
100.332
98.695
96.8795
94.8792
92.6898
90.3102
87.7412
84.9871
82.0546
78.9524
75.6917
72.285
68.7452
65.0862
61.3219
57.465
53.5283
49.5238
45.4627
41.3566
37.2168
33.0554
28.8865
24.7247
20.5871
16.4925
12.4618
8.51714
4.68156
0.979004
-2.5672
-5.93477
-9.10323
-12.0541
-14.7712
-17.2425
-19.4584
-21.4133
-23.1051
-24.535
-25.7077
-26.631
-27.3147
-27.7718
-28.0165
-28.0648
-27.9337
-27.6405
-27.203
-26.6387
-25.9646
-25.1971
-24.3514
-23.4423
-22.4824
-21.4842
-20.4588
-19.4118
-18.5037
-17.66
-16.8424
-15.8487
-15.096
-13.7759
-13.4449
-11.2753
-12.2559
-8.01759
-12.1055
-3.6835
-13.5172
109.019
109.123
109.208
109.294
109.353
109.344
109.229
108.992
108.623
108.112
107.456
106.65
105.694
104.587
103.336
101.944
100.42
98.7752
97.0189
95.1628
93.2171
91.192
89.0956
86.9344
84.7132
82.435
80.1013
77.7128
75.27
72.7738
70.2267
67.6324
64.9969
62.3288
59.639
56.9405
54.2483
51.5782
48.9469
46.371
43.8663
41.4474
39.127
36.9157
34.8217
32.8507
31.006
29.2882
27.6958
26.2252
24.8709
23.626
22.4827
21.432
20.4646
19.5711
18.742
17.9683
17.2414
16.5533
15.8969
15.2658
14.6543
14.0583
13.4723
12.8975
12.3215
11.8433
11.4004
10.9893
10.4415
10.1077
9.29096
9.31647
7.79181
8.85645
5.69523
9.06525
2.79895
10.2186
83.5911
83.0793
82.5471
81.9864
81.3731
80.7016
79.9731
79.1881
78.3447
77.438
76.4621
75.4093
74.2706
73.0366
71.6975
70.2432
68.6641
66.9513
65.0971
63.095
60.9412
58.6332
56.1716
53.5598
50.8031
47.9101
44.8911
41.7584
38.5264
35.2102
31.8259
28.391
24.9225
21.4385
17.9573
14.4975
11.0784
7.71909
4.43969
1.25976
-1.80111
-4.72422
-7.49151
-10.0862
-12.4938
-14.7016
-16.6994
-18.4802
-20.0391
-21.3749
-22.489
-23.3854
-24.0708
-24.554
-24.8461
-24.9595
-24.9079
-24.7056
-24.3676
-23.909
-23.3448
-22.6892
-21.9562
-21.1588
-20.3089
-19.4193
-18.4938
-17.6831
-16.9167
-16.1779
-15.2531
-14.5742
-13.3162
-13.0436
-10.9479
-11.9339
-7.84193
-11.7912
-3.69136
-13.1232
83.8385
83.8394
83.8573
83.9086
83.9787
84.0545
84.1232
84.1773
84.2091
84.2107
84.1745
84.0904
83.948
83.7358
83.4436
83.0603
82.576
81.9816
81.27
80.436
79.4762
78.3896
77.1776
75.8437
74.3929
72.8325
71.1701
69.4148
67.5755
65.6615
63.6823
61.6466
59.5632
57.4411
55.2891
53.1167
50.9335
48.7498
46.5766
44.4249
42.3064
40.2325
38.214
36.2612
34.3831
32.5875
30.8804
29.2661
27.7469
26.3236
24.995
23.7583
22.6095
21.5433
20.5534
19.6332
18.7754
17.9728
17.2182
16.5045
15.8253
15.1748
14.5471
13.9385
13.343
12.762
12.1819
11.7032
11.2592
10.8511
10.3038
9.97505
9.16473
9.18744
7.69346
8.71553
5.65388
8.88217
2.83218
9.9807
64.4728
64.0876
63.6928
63.267
62.7932
62.2693
61.696
61.0761
60.4116
59.7019
58.946
58.1413
57.285
56.3743
55.4059
54.3756
53.2793
52.1124
50.8694
49.5443
48.1316
46.6251
45.0188
43.3074
41.4867
39.5537
37.5067
35.3462
33.0748
30.6973
28.2209
25.6553
23.0121
20.3047
17.5483
14.7595
11.9559
9.15571
6.37818
3.64234
0.967316
-1.62817
-4.1258
-6.5079
-8.75862
-10.863
-12.808
-14.5828
-16.1787
-17.5895
-18.8116
-19.8439
-20.6879
-21.3473
-21.8281
-22.1383
-22.2872
-22.2858
-22.1459
-21.8799
-21.5008
-21.0212
-20.454
-19.8115
-19.105
-18.348
-17.5424
-16.829
-16.1402
-15.4811
-14.6272
-14.0229
-12.8307
-12.6154
-10.6011
-11.5857
-7.65436
-11.4481
-3.6923
-12.693
64.6637
64.6735
64.7002
64.7389
64.7795
64.8196
64.8528
64.8763
64.8892
64.8916
64.884
64.865
64.8326
64.7836
64.7148
64.6216
64.4983
64.3383
64.1348
63.8802
63.5662
63.1843
62.7264
62.1852
61.5541
60.8279
60.0027
59.0771
58.0508
56.9258
55.706
54.3966
53.0046
51.538
50.0056
48.4172
46.7827
45.1127
43.418
41.7093
39.9974
38.2932
36.607
34.9491
33.3285
31.7542
30.2337
28.7732
27.3778
26.0511
24.795
23.6103
22.496
21.4503
20.4699
19.5507
18.6881
17.8768
17.1113
16.3861
15.6956
15.0349
14.3986
13.7834
13.1832
12.5998
12.0187
11.5419
11.0985
10.6948
10.1499
9.82672
9.02546
9.04403
7.58547
8.55985
5.60656
8.68218
2.8632
9.72184
53.0808
52.8018
52.5138
52.2005
51.8515
51.4638
51.0353
50.567
50.0602
49.5137
48.9257
48.2935
47.6145
46.8861
46.1058
45.271
44.3793
43.4288
42.4169
41.3414
40.2006
38.9921
37.7137
36.3633
34.9388
33.4382
31.8594
30.2012
28.4626
26.6435
24.745
22.7696
20.7212
18.6053
16.4294
14.2028
11.9365
9.64311
7.33691
5.03302
2.74752
0.496908
-1.70204
-3.83246
-5.87843
-7.82444
-9.65624
-11.361
-12.9275
-14.3465
-15.6108
-16.7153
-17.6575
-18.4367
-19.0547
-19.5152
-19.8237
-19.9874
-20.0149
-19.9157
-19.7002
-19.3792
-18.964
-18.4657
-17.8943
-17.2641
-16.5743
-15.9558
-15.3434
-14.7628
-13.9801
-13.4495
-12.3251
-12.1657
-10.2362
-11.2182
-7.44879
-11.0899
-3.66856
-12.2558
53.2376
53.2846
53.3444
53.4106
53.4789
53.5486
53.6132
53.6672
53.7091
53.7383
53.7539
53.7546
53.7388
53.7049
53.6518
53.5778
53.4813
53.3605
53.2138
53.0389
52.8332
52.5936
52.3165
51.998
51.6339
51.2192
50.749
50.2189
49.6241
48.9608
48.2262
47.4183
46.5366
45.5822
44.5573
43.4659
42.3131
41.1055
39.8506
38.5565
37.2324
35.8874
34.5311
33.1728
31.8218
30.4868
29.1759
27.8966
26.6551
25.4568
24.306
23.2055
22.1571
21.1612
20.2173
19.3237
18.478
17.6771
16.9172
16.1944
15.5044
14.8433
14.2064
13.5912
12.9915
12.4102
11.8316
11.3588
10.9182
10.5201
9.97969
9.66263
8.87255
8.88681
7.46564
8.39268
5.54686
8.47443
2.87846
9.45973
44.7861
44.5646
44.3342
44.0863
43.8136
43.5132
43.1824
42.8213
42.4313
42.0114
41.5601
41.0751
40.5539
39.994
39.3927
38.747
38.0542
37.3115
36.5161
35.6654
34.757
33.7885
32.7581
31.6641
30.5051
29.2804
27.9891
26.6312
25.207
23.7171
22.1627
20.5456
18.8682
17.1338
15.3466
13.5118
11.636
9.72673
7.79313
5.84541
3.89496
1.95414
0.0361078
-1.84521
-3.67597
-5.44211
-7.13008
-8.72698
-10.2207
-11.6009
-12.8581
-13.9849
-14.9759
-15.827
-16.5369
-17.1055
-17.5351
-17.8294
-17.9937
-18.0348
-17.9605
-17.7792
-17.5003
-17.1338
-16.6877
-16.1767
-15.5972
-15.07
-14.5317
-14.0276
-13.3151
-12.8568
-11.801
-11.6967
-9.85273
-10.8337
-7.22202
-10.7213
-3.61569
-11.8206
44.9199
44.9774
45.0445
45.1191
45.199
45.2849
45.3726
45.4562
45.5338
45.6044
45.6669
45.7198
45.7615
45.7899
45.8031
45.799
45.7753
45.7298
45.6604
45.565
45.4415
45.2879
45.1022
44.8825
44.6271
44.3341
44.0014
43.6272
43.2092
42.7455
42.2339
41.6725
41.0596
40.3939
39.6747
38.9021
38.0771
37.2014
36.278
35.3109
34.305
33.2661
32.2006
31.1154
30.0178
28.9154
27.8152
26.7244
25.6495
24.5964
23.5702
22.5751
21.6144
20.6904
19.8043
18.9565
18.1465
17.3728
16.6337
15.9265
15.2484
14.5965
13.9673
13.3588
12.7653
12.1906
11.6183
11.1523
10.7165
10.3257
9.79165
9.48162
8.70465
8.71522
7.3321
8.21461
5.47184
8.26134
2.87487
9.19766
37.6155
37.4314
37.2397
37.0353
36.8123
36.5684
36.3012
36.0101
35.6965
35.3604
35.0009
34.6164
34.2053
33.7656
33.2955
32.7927
32.2552
31.6806
31.0665
30.4103
29.7098
28.9622
28.1652
27.3164
26.4137
25.4551
24.439
23.3643
22.2303
21.0367
19.7839
18.4731
17.1059
15.6846
14.2125
12.6935
11.1324
9.5346
7.90685
6.25655
4.59207
2.92259
1.25819
-0.390169
-2.01129
-3.59331
-5.12435
-6.59268
-7.98679
-9.29607
-10.5107
-11.6218
-12.6223
-13.5061
-14.2693
-14.9092
-15.4251
-15.818
-16.0903
-16.246
-16.2903
-16.2296
-16.0708
-15.8225
-15.4909
-15.0905
-14.6146
-14.1744
-13.7074
-13.2771
-12.6338
-12.2459
-11.2589
-11.2084
-9.45067
-10.4316
-6.97436
-10.3401
-3.53804
-11.3829
37.7297
37.7838
37.8456
37.9148
37.9896
38.0707
38.1566
38.2425
38.3265
38.4081
38.4869
38.562
38.6325
38.6972
38.7549
38.8039
38.8426
38.8691
38.8814
38.8773
38.8546
38.8108
38.7435
38.6502
38.5286
38.3764
38.1912
37.9711
37.7142
37.4187
37.0832
36.7065
36.2875
35.8253
35.3193
34.7694
34.1756
33.5386
32.8593
32.1395
31.3815
30.5884
29.7638
28.912
28.0379
27.1467
26.244
25.3355
24.4269
23.5235
22.6304
21.7523
20.893
20.0558
19.2432
18.4567
17.6974
16.9653
16.26
15.5803
14.9247
14.2914
13.6778
13.0829
12.5014
11.9382
11.3762
10.9198
10.4911
10.1094
9.58384
9.28198
8.52011
8.52785
7.18368
8.02415
5.38133
8.0406
2.85498
8.9319
31.6003
31.4478
31.289
31.1205
30.9373
30.7374
30.5192
30.2814
30.025
29.7506
29.4578
29.1453
28.812
28.4565
28.0772
27.6729
27.2417
26.7822
26.2925
25.7709
25.2155
24.6244
23.9957
23.3274
22.6176
21.8643
21.0657
20.2203
19.3264
18.3829
17.3891
16.3446
15.2497
14.1049
12.9119
11.6729
10.3908
9.06936
7.71343
6.3284
4.92063
3.4972
2.06602
0.635858
-0.784191
-2.18426
-3.55423
-4.88379
-6.1625
-7.38031
-8.52754
-9.59509
-10.575
-11.46
-12.2446
-12.9243
-13.4962
-13.9589
-14.3124
-14.5583
-14.6994
-14.7399
-14.6846
-14.5405
-14.3115
-14.0122
-13.6323
-13.2739
-12.8746
-12.5148
-11.9385
-11.6187
-10.7001
-10.7018
-9.03072
-10.0117
-6.70693
-9.94483
-3.43883
-10.9385
31.6977
31.7485
31.8059
31.8696
31.9382
32.0122
32.0915
32.1726
32.2533
32.3336
32.4131
32.4915
32.5683
32.6427
32.714
32.7815
32.844
32.9005
32.9498
32.9906
33.0212
33.0402
33.0456
33.0355
33.0078
32.9603
32.8905
32.7964
32.6754
32.5254
32.344
32.1294
31.8799
31.5937
31.2699
30.9075
30.506
30.0653
29.5858
29.0682
28.5136
27.9238
27.3009
26.6475
25.9668
25.2624
24.5382
23.7984
23.0476
22.2901
21.5305
20.773
20.0216
19.2797
18.5504
17.8361
17.1387
16.4593
15.7986
15.1566
14.5327
13.9264
13.3359
12.7612
12.1974
11.6504
11.103
10.659
10.24
9.86927
9.35452
9.06213
8.3175
8.32339
7.01935
7.81992
5.27525
7.81029
2.82041
8.65999
26.7779
26.6519
26.5206
26.3817
26.2311
26.0673
25.8889
25.6946
25.4846
25.2599
25.0201
24.7645
24.4921
24.2018
23.8923
23.5626
23.2113
22.8371
22.4387
22.0145
21.5632
21.0833
20.5732
20.0315
19.4565
18.847
18.2013
17.5181
16.7961
16.0341
15.2311
14.3865
13.4996
12.5703
11.599
10.5866
9.53448
8.44463
7.31996
6.16398
4.98103
3.77618
2.5553
1.32516
0.0929573
-1.13328
-2.34512
-3.5337
-4.68988
-5.80457
-6.86874
-7.87359
-8.811
-9.67334
-10.4541
-11.1476
-11.7495
-12.2566
-12.6671
-12.9804
-13.1975
-13.3204
-13.3518
-13.2973
-13.1585
-12.9498
-12.6574
-12.3746
-12.0387
-11.7455
-11.2335
-10.9785
-10.1273
-10.1789
-8.59424
-9.5749
-6.42085
-9.53565
-3.31918
-10.4873
26.8612
26.9096
26.9636
27.0229
27.0866
27.1553
27.2289
27.3055
27.3828
27.4605
27.5386
27.6168
27.6948
27.7721
27.8481
27.9224
27.9942
28.0626
28.1271
28.1866
28.2401
28.2866
28.3249
28.3537
28.3715
28.3769
28.3682
28.3437
28.3015
28.2397
28.1562
28.0492
27.9166
27.7564
27.567
27.3467
27.0942
26.8084
26.4887
26.1347
25.7465
25.3247
24.8703
24.3846
23.8694
23.3273
22.7606
22.1725
21.5663
20.9454
20.3134
19.6741
19.0308
18.3871
17.7459
17.11
16.4818
15.8629
15.2549
14.6585
14.0742
13.5021
12.9413
12.3927
11.8519
11.3259
10.7971
10.3686
9.96165
9.60389
9.10231
8.82082
8.09557
8.10076
6.83814
7.60104
5.15331
7.56961
2.77149
8.38072
22.8696
22.7646
22.6551
22.5395
22.4146
22.2792
22.1323
21.9725
21.7995
21.6142
21.4166
21.2062
20.9821
20.7436
20.4896
20.2193
19.9314
19.6251
19.299
18.952
18.5829
18.1904
17.7733
17.3301
16.8597
16.3607
15.8318
15.2718
14.6797
14.0542
13.3946
12.7
11.9699
11.2039
10.402
9.56448
8.69192
7.78546
6.84677
5.87802
4.88202
3.86219
2.82263
1.76828
0.704545
-0.362377
-1.42572
-2.47827
-3.5123
-4.51993
-5.49309
-6.42371
-7.30402
-8.12644
-8.88418
-9.57097
-10.1815
-10.7115
-11.1577
-11.5181
-11.7917
-11.9791
-12.081
-12.1015
-12.0401
-11.9109
-11.6968
-11.4829
-11.2053
-10.9738
-10.5227
-10.3287
-9.54311
-9.64178
-8.14285
-9.12236
-6.11723
-9.11309
-3.18156
-10.0296
22.9414
22.9865
23.0363
23.0909
23.1495
23.2126
23.2803
23.3516
23.4244
23.4983
23.5734
23.6494
23.7262
23.8035
23.8809
23.958
24.0343
24.1092
24.1822
24.2525
24.3194
24.3821
24.4397
24.4911
24.5353
24.5712
24.5975
24.613
24.6163
24.6058
24.5802
24.5379
24.4771
24.3964
24.294
24.1683
24.0179
23.8413
23.6374
23.405
23.1435
22.8525
22.5318
22.1819
21.8034
21.3974
20.9654
20.5093
20.0312
19.5336
19.0192
18.4909
17.9516
17.4041
16.8514
16.2961
15.7405
15.1868
14.6367
14.0918
13.5527
13.0207
12.4951
11.9778
11.4648
10.964
10.4576
10.0473
9.65489
9.3121
8.82597
8.55689
7.85314
7.8589
6.63909
7.36647
5.01493
7.31751
2.70886
8.09286
19.6125
19.5241
19.4317
19.3346
19.2299
19.1169
18.9945
18.8618
18.7181
18.5637
18.3992
18.2242
18.0382
17.8403
17.6299
17.4061
17.1682
16.9153
16.6463
16.3604
16.0566
15.7337
15.3907
15.0266
14.6401
14.2301
13.7956
13.3353
12.8482
12.3333
11.7896
11.2164
10.6128
9.97853
9.31316
8.61668
7.88931
7.13162
6.34463
5.52969
4.68867
3.8239
2.93825
2.0353
1.119
0.194063
-0.734292
-1.66032
-2.57776
-3.47999
-4.36011
-5.21095
-6.02547
-6.79654
-7.51753
-8.18207
-8.78444
-9.31969
-9.78365
-10.1731
-10.4859
-10.7212
-10.8781
-10.9596
-10.9629
-10.9021
-10.7564
-10.6041
-10.3793
-10.2044
-9.80992
-9.67265
-8.95019
-9.09251
-7.67811
-8.65481
-5.79735
-8.67689
-3.02827
-9.56331
19.6745
19.7157
19.761
19.8104
19.8635
19.9205
19.9818
20.0467
20.1137
20.1822
20.2523
20.3239
20.3969
20.4712
20.5465
20.6224
20.6988
20.7753
20.8514
20.9266
21.0003
21.0721
21.1412
21.2068
21.2681
21.3242
21.3742
21.4169
21.4512
21.4761
21.4901
21.4919
21.4804
21.4539
21.4112
21.3509
21.2715
21.1717
21.0503
20.906
20.7379
20.5449
20.3266
20.0825
19.8126
19.5169
19.1961
18.851
18.4827
18.0929
17.6833
17.2558
16.8127
16.3562
15.8887
15.4125
14.9299
14.443
13.9535
13.4633
12.9735
12.4856
11.9995
11.5177
11.0364
10.5645
10.084
9.69452
9.31886
8.99291
8.52447
8.2693
7.58918
7.59681
6.42136
7.11517
4.85999
7.0522
2.63357
7.79332
16.866
16.791
16.7128
16.6306
16.5424
16.4472
16.3446
16.2336
16.1133
15.9839
15.8459
15.6992
15.5433
15.3778
15.2019
15.0151
14.8167
14.6059
14.382
14.1443
13.8919
13.6239
13.3394
13.0377
12.7176
12.3783
12.0188
11.6382
11.2353
10.8095
10.3596
9.88499
9.38486
8.85856
8.30564
7.72579
7.11892
6.4852
5.82511
5.13944
4.42938
3.69645
2.94267
2.17059
1.38314
0.58383
-0.223318
-1.03378
-1.84256
-2.64424
-3.43304
-4.20282
-4.94738
-5.66028
-6.33534
-6.96643
-7.54783
-8.07428
-8.54117
-8.94457
-9.28136
-9.54964
-9.74731
-9.87642
-9.93214
-9.92851
-9.84158
-9.74322
-9.56554
-9.44137
-9.09911
-9.01361
-8.35136
-8.53315
-7.20247
-8.17285
-5.46389
-8.2258
-2.86359
-9.08437
16.9196
16.9569
16.9977
17.0422
17.0899
17.1411
17.196
17.2544
17.3152
17.3776
17.4419
17.5079
17.5756
17.6449
17.7158
17.788
17.8613
17.9355
18.0104
18.0855
18.1605
18.2351
18.3086
18.3807
18.4506
18.5177
18.5812
18.6405
18.6944
18.7422
18.7827
18.8148
18.8375
18.8494
18.8494
18.8362
18.8084
18.7648
18.7042
18.6252
18.5269
18.4082
18.2681
18.1059
17.9211
17.7133
17.4824
17.2285
16.9522
16.6541
16.3351
15.9965
15.6397
15.2665
14.8784
14.4774
14.0655
13.6443
13.2157
12.7815
12.3429
11.9016
11.4579
11.0146
10.5681
10.1281
9.67639
9.30995
8.95307
8.64571
8.19705
7.95722
7.30282
7.31341
6.18462
6.84568
4.68962
6.77173
2.54826
7.4768
14.5462
14.4825
14.4159
14.3462
14.2714
14.1911
14.1046
14.0112
13.9103
13.8013
13.685
13.5613
13.4301
13.2907
13.1429
12.9859
12.8193
12.6425
12.4549
12.2558
12.0445
11.8204
11.5827
11.3307
11.0635
10.7805
10.4807
10.1633
9.82758
9.47265
9.09775
8.70214
8.28511
7.846
7.38429
6.89956
6.39154
5.86013
5.30548
4.72795
4.1282
3.50719
2.86623
2.20712
1.53193
0.84327
0.144172
-0.561868
-1.27089
-1.97855
-2.68007
-3.37031
-4.04395
-4.69534
-5.3189
-5.90896
-6.46005
-6.96699
-7.42496
-7.82971
-8.17749
-8.46574
-8.69132
-8.8557
-8.9522
-8.99493
-8.95703
-8.90493
-8.76828
-8.6889
-8.39395
-8.35468
-7.74976
-7.96562
-6.71885
-7.67608
-5.12082
-7.75755
-2.69182
-8.58618
14.5927
14.6264
14.663
14.7029
14.7456
14.7914
14.8405
14.8927
14.9474
15.0039
15.0622
15.1223
15.1843
15.248
15.3136
15.3807
15.4494
15.5195
15.5907
15.663
15.7359
15.8093
15.8827
15.9559
16.0284
16.0996
16.1691
16.2363
16.3004
16.3607
16.4165
16.4669
16.5108
16.5474
16.5756
16.5942
16.6021
16.5981
16.581
16.5497
16.503
16.4397
16.3589
16.2596
16.1409
16.0023
15.8431
15.6631
15.4621
15.2403
14.9981
14.736
14.4548
14.1556
13.8395
13.5078
13.1621
12.8037
12.4343
12.0553
11.6681
11.2744
10.8745
10.4716
10.0619
9.65609
9.2355
8.89391
8.55752
8.27023
7.84323
7.61993
6.99365
7.00749
5.92874
6.55547
4.50545
6.47033
2.45681
7.13584
12.5776
12.5233
12.4665
12.4071
12.3436
12.2754
12.2022
12.1234
12.0383
11.9465
11.8481
11.7435
11.6325
11.5147
11.3898
11.2573
11.1168
10.9677
10.8097
10.6421
10.4643
10.2759
10.0761
9.86447
9.64019
9.40265
9.15114
8.88498
8.60346
8.30588
7.99156
7.65982
7.31002
6.94155
6.55391
6.14663
5.71937
5.27191
4.80419
4.31634
3.80868
3.28177
2.73645
2.17392
1.59563
1.00346
0.399658
-0.213122
-0.831806
-1.45297
-2.07275
-2.68691
-3.29098
-3.88007
-4.44935
-4.99373
-5.50816
-5.98769
-6.42757
-6.82357
-7.17155
-7.46861
-7.71085
-7.89931
-8.02589
-8.10472
-8.10651
-8.09291
-7.99142
-7.95034
-7.69825
-7.69806
-7.14974
-7.38944
-6.23298
-7.16166
-4.77644
-7.26291
-2.52315
-8.05643
12.6179
12.6482
12.681
12.7166
12.7548
12.7956
12.8393
12.8859
12.9348
12.9855
13.038
13.0924
13.1486
13.2066
13.2665
13.3282
13.3915
13.4565
13.523
13.5909
13.66
13.7301
13.8009
13.8722
13.9437
14.0151
14.0859
14.1556
14.2238
14.29
14.3534
14.4135
14.4694
14.5204
14.5656
14.6041
14.6349
14.6571
14.6695
14.6711
14.6607
14.6373
14.5999
14.5473
14.4787
14.3931
14.2899
14.1683
14.028
13.8686
13.69
13.4922
13.2757
13.0408
12.7882
12.5188
12.2336
11.9336
11.6199
11.294
10.957
10.6103
10.2544
9.8925
9.5209
9.15047
8.76263
8.44715
8.13274
7.86643
7.46331
7.25643
6.66249
6.67634
5.65701
6.23903
4.31438
6.13969
2.37249
6.75585
10.9015
10.8547
10.8058
10.7546
10.7001
10.6419
10.5797
10.513
10.4413
10.364
10.2808
10.1918
10.0972
9.99689
9.89059
9.77792
9.65853
9.53199
9.3979
9.25581
9.10525
8.94574
8.77681
8.59788
8.4084
8.20784
7.99563
7.77114
7.53379
7.28294
7.01805
6.73849
6.44368
6.13308
5.80618
5.46257
5.10185
4.72373
4.32806
3.91482
3.48413
3.03626
2.57177
2.09144
1.59626
1.08761
0.567097
0.0367282
-0.501123
-1.04384
-1.5883
-2.13105
-2.66845
-3.19641
-3.71076
-4.20702
-4.6807
-5.12728
-5.54224
-5.92152
-6.26087
-6.55734
-6.80645
-7.00894
-7.15582
-7.26097
-7.2939
-7.31058
-7.23927
-7.22849
-7.01717
-7.04467
-6.55775
-6.80229
-5.75367
-6.62224
-4.44216
-6.73351
-2.37295
-7.48505
10.9368
10.9639
10.9932
11.0249
11.0586
11.0947
11.1333
11.1744
11.2179
11.2632
11.3102
11.3589
11.4094
11.4618
11.5159
11.5719
11.6296
11.689
11.75
11.8127
11.8767
11.9421
12.0087
12.0762
12.1446
12.2134
12.2824
12.3512
12.4196
12.4871
12.5532
12.6173
12.6789
12.7374
12.7921
12.8421
12.8867
12.9251
12.9563
12.9795
12.9936
12.9976
12.9905
12.9714
12.9392
12.8931
12.8321
12.7554
12.6624
12.5525
12.4252
12.2803
12.1176
11.9372
11.7394
11.5244
11.293
11.0457
10.7834
10.507
10.2175
9.91615
9.60313
9.28179
8.94841
8.61368
8.25968
7.97068
7.67986
7.43405
7.05845
6.86454
6.31191
6.31492
5.37506
5.88739
4.12589
5.76752
2.30761
6.32491
9.0198
8.98192
8.94209
8.90048
8.85626
8.8091
8.75871
8.70466
8.64667
8.58437
8.51732
8.44561
8.36948
8.28879
8.20335
8.11287
8.01705
7.91556
7.80808
7.69426
7.57377
7.44617
7.31109
7.16816
7.01683
6.85669
6.68735
6.50824
6.31888
6.11877
5.90744
5.68437
5.44903
5.20096
4.93963
4.66472
4.3758
4.0725
3.75459
3.42192
3.0744
2.71208
2.33517
1.94412
1.53944
1.122
0.69279
0.253169
-0.195245
-0.650581
-1.1106
-1.57273
-2.03417
-2.49174
-2.94204
-3.38135
-3.80588
-4.21165
-4.5946
-4.95082
-5.27622
-5.56763
-5.82057
-6.0347
-6.20172
-6.33201
-6.39999
-6.44485
-6.4126
-6.4253
-6.27411
-6.31049
-5.92378
-6.13268
-5.25905
-5.99822
-4.12122
-6.12476
-2.26119
-6.85012
9.04909
9.07248
9.09758
9.12474
9.15384
9.18492
9.21809
9.25345
9.29079
9.32982
9.37046
9.41271
9.45662
9.50232
9.5498
9.59898
9.64997
9.70275
9.75726
9.81347
9.87132
9.9308
9.99182
10.0542
10.1178
10.1825
10.2482
10.3145
10.3813
10.4483
10.5151
10.5814
10.6466
10.7106
10.7726
10.832
10.8883
10.9409
10.989
11.0318
11.0685
11.0981
11.12
11.1332
11.1367
11.1297
11.1111
11.0801
11.0358
10.9775
10.9044
10.816
10.7117
10.5911
10.4541
10.3006
10.1305
9.94424
9.74205
9.52451
9.29217
9.04602
8.78619
8.51526
8.23065
7.94058
7.63195
7.37449
7.11909
6.8932
6.56548
6.3719
5.8987
5.85492
5.06262
5.4349
3.94429
5.2912
2.28521
5.78981
7.16812
7.1391
7.1086
7.07678
7.04299
7.00694
6.96839
6.92705
6.88268
6.83509
6.78398
6.72924
6.67114
6.60951
6.54428
6.47524
6.4021
6.3247
6.24278
6.15607
6.06433
5.9672
5.86442
5.75573
5.64067
5.51895
5.39026
5.25413
5.11023
4.95814
4.79748
4.62785
4.44879
4.25991
4.06073
3.85095
3.63016
3.39799
3.15414
2.89837
2.63044
2.35025
2.05773
1.75303
1.43633
1.10798
0.768542
0.418735
0.0595261
-0.307889
-0.682081
-1.06133
-1.44361
-1.82663
-2.20789
-2.58446
-2.9533
-3.31112
-3.65442
-3.97974
-4.28322
-4.56189
-4.81105
-5.03034
-5.21066
-5.36226
-5.45833
-5.53322
-5.5314
-5.57776
-5.46811
-5.54282
-5.21329
-5.45437
-4.6663
-5.40731
-3.67251
-5.60612
-1.99287
-6.4277
7.19116
7.21038
7.23101
7.25335
7.27732
7.30289
7.33014
7.35914
7.3897
7.42171
7.4551
7.48987
7.52613
7.56402
7.6035
7.64452
7.68727
7.7317
7.77785
7.82571
7.87518
7.92642
7.97937
8.03383
8.08988
8.14746
8.20646
8.26678
8.3282
8.39063
8.45391
8.51769
8.5818
8.64604
8.70994
8.77305
8.83505
8.8955
8.9538
9.00934
9.06155
9.10969
9.15312
9.19101
9.22252
9.24691
9.26325
9.2705
9.26796
9.25469
9.22974
9.19248
9.14196
9.07751
8.99866
8.90486
8.79566
8.67095
8.53052
8.3745
8.20303
8.01675
7.81543
7.60131
7.37166
7.13447
6.87693
6.66097
6.44187
6.25099
5.96282
5.80156
5.37533
5.35335
4.62641
4.99503
3.60847
4.9061
2.06882
5.51352
5.74783
5.7252
5.70141
5.67661
5.65034
5.62239
5.5926
5.56086
5.52692
5.49055
5.45146
5.40941
5.36449
5.31668
5.26604
5.21247
5.1557
5.09564
5.0321
4.96487
4.89374
4.81844
4.73879
4.65456
4.5654
4.47113
4.37141
4.26595
4.15449
4.03666
3.9122
3.78074
3.64194
3.49547
3.34094
3.17805
3.00647
2.82588
2.63598
2.43648
2.22718
2.00788
1.7784
1.53876
1.28895
1.0291
0.759474
0.480457
0.192618
-0.103329
-0.406452
-0.715609
-1.02942
-1.34626
-1.66429
-1.98134
-2.29506
-2.60288
-2.90191
-3.18931
-3.46167
-3.71646
-3.94911
-4.15958
-4.33839
-4.49618
-4.60489
-4.69706
-4.71418
-4.78363
-4.70301
-4.80825
-4.52091
-4.79443
-4.06916
-4.83
-3.19891
-5.1125
-1.68504
-6.04695
5.76634
5.78239
5.79953
5.81798
5.83769
5.85872
5.88113
5.90489
5.93002
5.95645
5.98401
6.01276
6.04281
6.07425
6.10702
6.14119
6.17688
6.21402
6.25272
6.29297
6.33464
6.37794
6.42286
6.46927
6.51728
6.56677
6.61773
6.67019
6.72394
6.77894
6.83515
6.89233
6.95036
7.00919
7.06841
7.12779
7.18714
7.24607
7.3042
7.36112
7.4164
7.46947
7.51985
7.56684
7.60984
7.64823
7.68114
7.70775
7.72736
7.7392
7.74222
7.73576
7.71894
7.69088
7.65097
7.59847
7.53266
7.45319
7.35952
7.25143
7.12876
6.99175
6.83981
6.67491
6.49399
6.3048
6.0945
5.91793
5.7335
5.57711
5.32689
5.20007
4.81712
4.82563
4.15258
4.54129
3.23044
4.53478
1.80897
5.28424
4.59964
4.58192
4.56333
4.54393
4.52339
4.50159
4.47843
4.45379
4.42754
4.39947
4.36935
4.33699
4.30231
4.26521
4.22584
4.18421
4.14011
4.09346
4.04411
3.99186
3.9366
3.87811
3.81625
3.7508
3.68152
3.60829
3.5308
3.44882
3.36218
3.27056
3.17376
3.07147
2.96341
2.84932
2.7289
2.60187
2.46796
2.32689
2.1784
2.02223
1.85818
1.68605
1.50563
1.31688
1.1197
0.914126
0.700268
0.478314
0.248592
0.0115297
-0.232244
-0.482014
-0.736826
-0.99551
-1.25681
-1.51907
-1.78058
-2.03935
-2.29315
-2.5397
-2.77612
-3.00048
-3.20848
-3.40067
-3.56741
-3.72
-3.82959
-3.92838
-3.95538
-4.03801
-3.97747
-4.10261
-3.85018
-4.14483
-3.47989
-4.2476
-2.72498
-4.6037
-1.37856
-5.6176
4.61448
4.62767
4.64179
4.65695
4.67311
4.69037
4.70874
4.72817
4.74874
4.77041
4.79305
4.81669
4.84144
4.86736
4.89441
4.9227
4.95229
4.98311
5.0153
5.04882
5.08367
5.11994
5.15764
5.19671
5.23727
5.2792
5.32249
5.36723
5.41327
5.46058
5.50917
5.55886
5.60958
5.66132
5.71374
5.76677
5.82025
5.87389
5.92744
5.98062
6.0331
6.08447
6.13434
6.18223
6.22766
6.27014
6.30898
6.34353
6.37317
6.39726
6.41491
6.42547
6.42821
6.42223
6.40689
6.38146
6.34509
6.29735
6.23754
6.16523
6.08004
5.98196
5.87011
5.74626
5.60707
5.45989
5.29199
5.15141
4.99939
4.87534
4.66204
4.56792
4.22924
4.26618
3.65221
4.05651
2.83385
4.13376
1.54506
4.98908
3.62413
3.61038
3.59598
3.58094
3.56502
3.54819
3.53032
3.51136
3.49122
3.46972
3.44673
3.42207
3.3956
3.36717
3.33689
3.30486
3.27093
3.23505
3.1971
3.15693
3.11444
3.06949
3.02198
2.9717
2.91849
2.86226
2.80276
2.73983
2.67332
2.60299
2.52866
2.45013
2.36713
2.27948
2.18695
2.08928
1.98627
1.87766
1.76325
1.6428
1.51614
1.38307
1.2434
1.09703
0.943838
0.783803
0.616929
0.44329
0.263057
0.076477
-0.11607
-0.314114
-0.517034
-0.724005
-0.934165
-1.14633
-1.35922
-1.57138
-1.78108
-1.98661
-2.18557
-2.37661
-2.55578
-2.72427
-2.87247
-3.01238
-3.11476
-3.2125
-3.24258
-3.33088
-3.28296
-3.41995
-3.19526
-3.50279
-2.89205
-3.65884
-2.24201
-4.07719
-1.06008
-5.14552
3.63583
3.64642
3.65777
3.66993
3.6829
3.6967
3.71137
3.72691
3.74332
3.76062
3.77874
3.7977
3.81753
3.83831
3.86004
3.88282
3.90665
3.93151
3.95751
3.98465
4.01297
4.04248
4.07319
4.10512
4.13833
4.17279
4.20846
4.24543
4.28363
4.32304
4.36368
4.40541
4.44823
4.49214
4.53687
4.58241
4.62868
4.67544
4.72254
4.76977
4.81686
4.86358
4.90962
4.95461
4.99816
5.0399
5.07935
5.11599
5.14924
5.17861
5.20342
5.22304
5.23691
5.24416
5.24423
5.23647
5.22004
5.19445
5.15902
5.11322
5.05653
4.98886
4.90913
4.81896
4.71487
4.60385
4.47331
4.365
4.24265
4.14844
3.9701
3.90699
3.6117
3.67606
3.12159
3.54052
2.40861
3.69994
1.26114
4.64266
2.78291
2.7725
2.76157
2.75017
2.73813
2.72541
2.71193
2.69764
2.6825
2.66637
2.64917
2.63077
2.61103
2.5898
2.5671
2.54299
2.51744
2.4904
2.46183
2.43161
2.39963
2.36581
2.33008
2.29227
2.25227
2.21
2.16529
2.118
2.06803
2.0152
1.95937
1.90038
1.83803
1.77221
1.7027
1.62932
1.55191
1.47025
1.3842
1.29356
1.19816
1.09786
0.992468
0.881889
0.765993
0.644725
0.518038
0.385935
0.24849
0.105833
-0.0418391
-0.194208
-0.35092
-0.511397
-0.675076
-0.841136
-1.00866
-1.17661
-1.34368
-1.50867
-1.66963
-1.82572
-1.97338
-2.11442
-2.23939
-2.36103
-2.44997
-2.54061
-2.56821
-2.65604
-2.61434
-2.75646
-2.55245
-2.86636
-2.3024
-3.06371
-1.74206
-3.53114
-0.714925
-4.63399
2.79189
2.80017
2.809
2.81847
2.82854
2.83925
2.85063
2.86265
2.87535
2.88873
2.90275
2.91742
2.93277
2.94885
2.96571
2.98338
3.00188
3.0212
3.04143
3.06258
3.08467
3.10772
3.13175
3.15678
3.18285
3.20998
3.23809
3.26731
3.29758
3.32891
3.36132
3.39469
3.42909
3.4645
3.50072
3.53779
3.57567
3.61417
3.6532
3.69267
3.73231
3.77201
3.81158
3.85069
3.88909
3.92648
3.96256
3.99689
4.02903
4.05861
4.08506
4.10787
4.12662
4.14055
4.14917
4.15194
4.14812
4.13723
4.11861
4.09182
4.05626
4.01179
3.95733
3.89432
3.81927
3.73887
3.64075
3.56098
3.46541
3.39831
3.2525
3.21834
2.9645
3.05525
2.55839
2.99296
1.9481
3.23222
0.94164
4.25758
2.03713
2.02964
2.02177
2.01357
2.00494
1.99582
1.98618
1.97598
1.96519
1.95373
1.94154
1.92852
1.91457
1.89959
1.88348
1.86624
1.84792
1.82852
1.80802
1.78632
1.76336
1.73907
1.71339
1.68622
1.65748
1.6271
1.59495
1.56095
1.52502
1.48702
1.44686
1.40441
1.35954
1.31215
1.2621
1.20924
1.15346
1.09461
1.03257
0.967189
0.898347
0.825911
0.749756
0.669788
0.585899
0.498033
0.406124
0.310155
0.210152
0.106161
-0.00170334
-0.113261
-0.228293
-0.346439
-0.467342
-0.590454
-0.715162
-0.840755
-0.966307
-1.09104
-1.21341
-1.33309
-1.44687
-1.55725
-1.65495
-1.75343
-1.8235
-1.90168
-1.92194
-2.00372
-1.96254
-2.10329
-1.91377
-2.22721
-1.70302
-2.45239
-1.21929
-2.94984
-0.34026
-4.03924
2.04368
2.04978
2.05628
2.06325
2.07066
2.07855
2.08692
2.09576
2.10509
2.1149
2.12518
2.13593
2.14721
2.15902
2.17142
2.18442
2.19803
2.21228
2.22722
2.24286
2.25918
2.27624
2.29409
2.31268
2.33206
2.35227
2.37326
2.3951
2.41778
2.4413
2.46566
2.49081
2.5168
2.54362
2.57113
2.59939
2.62837
2.65792
2.688
2.71858
2.74947
2.78057
2.81178
2.84284
2.87365
2.90394
2.93352
2.9621
2.98933
3.01496
3.03856
3.05976
3.07822
3.09339
3.10487
3.11223
3.11487
3.11242
3.10429
3.09013
3.06938
3.0419
3.00673
2.96517
2.91376
2.85896
2.7887
2.73396
2.66243
2.61976
2.50404
2.49654
2.28213
2.39746
1.95586
2.40442
1.4435
2.71652
0.57798
3.79316
1.37691
1.37177
1.36639
1.36079
1.35488
1.34862
1.342
1.33503
1.32764
1.31982
1.31155
1.30277
1.29341
1.28342
1.27269
1.26114
1.24883
1.23582
1.22208
1.20755
1.19218
1.17593
1.15875
1.14058
1.12137
1.10106
1.07957
1.05687
1.03287
1.0075
0.980688
0.952363
0.922427
0.890819
0.857436
0.822194
0.785014
0.745777
0.704433
0.660866
0.614989
0.566715
0.515956
0.462644
0.406709
0.348105
0.286767
0.222687
0.155868
0.0863216
0.0141103
-0.060667
-0.137885
-0.217327
-0.298779
-0.381914
-0.466346
-0.551636
-0.637156
-0.722511
-0.80649
-0.889277
-0.967978
-1.04575
-1.1135
-1.18549
-1.23266
-1.29448
-1.30347
-1.37514
-1.32926
-1.46428
-1.28194
-1.59175
-1.09687
-1.83127
-0.676955
-2.32788
0.0564898
-3.30538
1.38141
1.38558
1.39003
1.3948
1.39984
1.40519
1.41083
1.41677
1.42304
1.42962
1.43648
1.44363
1.45113
1.45899
1.46722
1.47584
1.48485
1.49431
1.50422
1.51457
1.52537
1.53667
1.54851
1.56083
1.57367
1.58707
1.60101
1.61553
1.6306
1.64626
1.6625
1.6793
1.69669
1.71465
1.73311
1.75214
1.77171
1.79173
1.81214
1.83299
1.85413
1.87548
1.89702
1.91857
1.9401
1.96139
1.98233
2.00276
2.02244
2.0412
2.05876
2.07488
2.08931
2.10169
2.11177
2.1192
2.12356
2.12462
2.12193
2.11525
2.10411
2.08847
2.06745
2.04232
2.00975
1.976
1.92932
1.89625
1.84587
1.82486
1.73626
1.75317
1.57446
1.71341
1.32096
1.78398
0.897254
2.15069
0.16922
3.2082
0.683163
0.681967
0.680997
0.680297
0.679849
0.679667
0.679745
0.680043
0.680471
0.680921
0.681244
0.681203
0.68052
0.678927
0.676164
0.672041
0.66658
0.660003
0.652591
0.644586
0.636101
0.627123
0.617627
0.607584
0.596972
0.585769
0.573944
0.561485
0.548353
0.534514
0.519934
0.504591
0.488437
0.471438
0.453554
0.434747
0.414976
0.394169
0.372317
0.349353
0.325239
0.299935
0.273377
0.245535
0.21638
0.185878
0.153987
0.120706
0.0860247
0.0499426
0.0124863
-0.0262981
-0.0663652
-0.107605
-0.149919
-0.193152
-0.237114
-0.281606
-0.326264
-0.371011
-0.414984
-0.458796
-0.499934
-0.542088
-0.576594
-0.618151
-0.638691
-0.679818
-0.674324
-0.731091
-0.678093
-0.799414
-0.626779
-0.913498
-0.470666
-1.13038
-0.143865
-1.5363
0.376335
-2.17933
0.684298
0.685466
0.686986
0.688876
0.691149
0.693803
0.696802
0.700153
0.703834
0.707777
0.711929
0.716272
0.720836
0.725627
0.730652
0.735918
0.741439
0.747254
0.753326
0.759664
0.766295
0.773206
0.780421
0.787913
0.7957
0.803784
0.812168
0.820852
0.829814
0.839097
0.848662
0.858504
0.868633
0.879024
0.889656
0.90054
0.911678
0.923007
0.934509
0.946212
0.958009
0.969878
0.981829
0.993761
1.00565
1.01741
1.02897
1.04025
1.05115
1.06158
1.07143
1.08054
1.08882
1.09607
1.10216
1.10692
1.11011
1.11167
1.1113
1.10889
1.10414
1.09716
1.08719
1.07551
1.05901
1.04366
1.01833
1.005
0.974401
0.973516
0.91139
0.95011
0.808882
0.962993
0.631596
1.07591
0.315384
1.426
-0.217159
2.23738
0.282263
0.279399
0.275985
0.271947
0.267203
0.261698
0.255392
0.248278
0.240411
0.231932
0.223057
0.214064
0.20529
0.19712
0.18996
0.184129
0.179757
0.176687
0.174461
0.17257
0.170697
0.168719
0.166633
0.164426
0.16208
0.159589
0.156919
0.154061
0.151004
0.147723
0.144195
0.140422
0.136379
0.132054
0.127442
0.122525
0.117298
0.111743
0.105861
0.0996341
0.0930683
0.0861595
0.0788841
0.0712489
0.0632588
0.0549062
0.0461817
0.0371006
0.0276597
0.0178615
0.00771886
-0.00275431
-0.0135486
-0.024633
-0.0359842
-0.0475638
-0.0593212
-0.0712387
-0.083143
-0.0952065
-0.106818
-0.118939
-0.129334
-0.142039
-0.149057
-0.164588
-0.163251
-0.185249
-0.168648
-0.208547
-0.155263
-0.249851
-0.109326
-0.326829
-0.00777235
-0.46176
0.167417
-0.661411
0.401387
-0.788706
0.284636
0.286667
0.288449
0.289941
0.291127
0.291992
0.292527
0.292771
0.292762
0.292538
0.292144
0.291622
0.291013
0.290325
0.289567
0.288742
0.287859
0.286938
0.285956
0.284935
0.283898
0.282828
0.281746
0.280663
0.279598
0.27855
0.27755
0.2766
0.275705
0.274913
0.274209
0.273617
0.273145
0.27281
0.272629
0.272601
0.272749
0.273061
0.273561
0.274263
0.275117
0.276142
0.277357
0.278714
0.280217
0.28184
0.283559
0.285338
0.287145
0.288957
0.290742
0.292436
0.294021
0.295409
0.296575
0.297467
0.297966
0.298147
0.297816
0.29702
0.29558
0.29373
0.290843
0.288161
0.282978
0.280526
0.271222
0.271989
0.257189
0.269157
0.231164
0.27772
0.181154
0.315805
0.085964
0.415722
-0.0845971
0.626679
-0.34044
0.998918
)
;

boundaryField
{
    inlet
    {
        type            freestreamPressure;
        freestreamValue uniform 0;
        value           nonuniform List<scalar> 
134
(
4.9797
3.90862
2.63742
1.35083
0.238077
-0.69421
-1.30748
-1.5486
-1.40663
-0.768682
-0.166918
-0.280749
-0.514908
-0.774114
-1.06409
-1.38642
-1.73953
-2.12117
-2.53244
-2.97822
5.8934
-3.46679
-4.00092
-4.55024
-5.05071
-5.40188
-5.56852
-5.84456
-5.86072
-5.95724
-7.02869
-6.46967
-6.44109
-6.5101
-6.55036
-6.54463
-6.5345
-6.58576
-6.78302
-7.03434
6.62322
7.204
7.42248
7.1415
6.22772
4.51893
1.9164
-7.62656
-7.40003
-7.08301
-6.85898
-6.67954
-6.48512
-6.27277
-6.05697
-5.84217
-5.62611
-5.4067
-5.18396
-4.95798
-4.72769
-4.49114
-4.24505
-3.98331
-3.70096
-3.38716
-3.17841
-2.99023
-2.77799
-2.54457
-2.29163
-1.99749
-1.63453
-1.07765
-0.389977
0.469252
1.07698
1.77591
2.45536
3.10842
3.72885
4.24586
4.61679
4.85075
4.95996
4.9759
4.93304
4.85937
4.77527
4.70905
4.71039
4.80372
4.92146
5.00662
5.06391
5.10586
5.13556
5.14994
5.1474
5.12971
5.10093
5.06877
5.04875
5.08286
5.23454
5.61856
5.77684
5.61062
5.41508
5.28427
5.17601
5.05537
4.92412
4.79123
4.65836
4.52361
4.38575
4.24418
4.09825
3.94643
3.78601
3.61323
3.4207
3.2024
2.93136
2.79136
2.67519
2.52569
2.35028
2.15532
1.92023
1.62415
1.13271
0.505763
)
;
    }
    outlet
    {
        type            freestreamPressure;
        freestreamValue uniform 0;
        value           nonuniform List<scalar> 
160
(
5.32295e-06
5.37173e-06
5.26244e-06
5.41125e-06
5.18856e-06
5.44319e-06
5.09989e-06
5.46645e-06
4.99527e-06
5.48046e-06
4.87426e-06
5.48532e-06
4.73709e-06
5.48138e-06
4.58491e-06
5.47051e-06
4.42022e-06
5.45529e-06
4.24715e-06
5.43832e-06
4.07089e-06
5.42243e-06
3.89737e-06
5.40898e-06
3.73292e-06
5.39794e-06
3.58406e-06
5.388e-06
3.45681e-06
5.37786e-06
3.35468e-06
5.36726e-06
3.27768e-06
5.35592e-06
3.22146e-06
5.34426e-06
3.17827e-06
5.33211e-06
3.1405e-06
5.31929e-06
3.10315e-06
5.30691e-06
3.06404e-06
5.29425e-06
3.0231e-06
5.28188e-06
2.9798e-06
5.26999e-06
2.93406e-06
5.25891e-06
2.88558e-06
5.24888e-06
2.83387e-06
5.24003e-06
2.77875e-06
5.23312e-06
2.72006e-06
5.22759e-06
2.65731e-06
5.22486e-06
2.5902e-06
5.22459e-06
2.51877e-06
5.2271e-06
2.44255e-06
5.233e-06
2.36145e-06
5.24222e-06
2.27537e-06
5.25565e-06
2.18403e-06
5.27296e-06
2.08742e-06
5.29501e-06
1.98523e-06
5.32157e-06
1.87759e-06
5.35316e-06
1.76415e-06
5.39034e-06
1.64518e-06
5.43241e-06
1.52052e-06
5.47954e-06
1.38991e-06
5.53273e-06
1.25343e-06
5.59101e-06
1.11127e-06
5.65477e-06
9.63222e-07
5.72375e-06
8.09198e-07
5.79767e-06
6.49399e-07
5.87617e-06
4.8375e-07
5.95882e-06
3.12202e-07
6.0454e-06
1.3488e-07
6.13559e-06
-4.81316e-08
6.22838e-06
-2.3687e-07
6.32347e-06
-4.31055e-07
6.4196e-06
-6.30603e-07
6.51589e-06
-8.35235e-07
6.61199e-06
-1.04455e-06
6.70489e-06
-1.25875e-06
6.79635e-06
-1.47556e-06
6.88245e-06
-1.69838e-06
6.963e-06
-1.91805e-06
7.03525e-06
-2.15052e-06
7.10154e-06
-2.3611e-06
7.15088e-06
-2.6141e-06
7.20437e-06
-2.78398e-06
7.20989e-06
-3.09501e-06
7.26838e-06
-3.14644e-06
7.18714e-06
-3.5657e-06
7.29572e-06
-3.36792e-06
7.06179e-06
-4.05878e-06
7.39939e-06
-3.28239e-06
6.64327e-06
-4.84633e-06
7.77096e-06
-2.54012e-06
5.57052e-06
-6.08619e-06
8.80396e-06
-2.11044e-07
2.9433e-06
-7.59711e-06
1.09728e-05
5.81189e-06
-3.45319e-06
-8.02753e-06
1.39845e-05
1.9921e-05
-1.84376e-05
-4.68622e-06
1.46955e-05
)
;
    }
    walls
    {
        type            zeroGradient;
    }
    frontAndBack
    {
        type            empty;
    }
}


// ************************************************************************* //
