/*--------------------------------*- C++ -*----------------------------------*\
| =========                 |                                                 |
| \\      /  F ield         | OpenFOAM: The Open Source CFD Toolbox           |
|  \\    /   O peration     | Version:  v1806                                 |
|   \\  /    A nd           | Web:      www.OpenFOAM.com                      |
|    \\/     M anipulation  |                                                 |
\*---------------------------------------------------------------------------*/
FoamFile
{
    version     2.0;
    format      ascii;
    class       volScalarField;
    location    "260";
    object      p;
}
// * * * * * * * * * * * * * * * * * * * * * * * * * * * * * * * * * * * * * //

dimensions      [0 2 -2 0 0 0 0];


internalField   nonuniform List<scalar> 
10720
(
1769.08
1638.85
1454.39
1225.2
958.401
650.704
328.561
4.8836
-317.875
-622.145
-905.598
-1165.8
-1400.04
-1607.94
-1788.23
-1937.75
-2058.78
-2144.95
-2199.03
-2215.76
-2198.84
-2142.28
-2053.86
-1936.65
-1807.23
-1691.24
-1585.91
-1475.46
-1359.37
-1239.35
-1115.18
-986.782
-854.119
-716.63
-573.365
-419.641
-250.805
-36.4712
230.062
1858.31
1902.62
1909.6
1873.94
1769.52
1592.68
1358.86
1094.9
831.881
586.983
379.426
218.124
92.8598
-3.51322
-75.264
-135.167
-185.846
-232.925
-278.808
-327.804
-379.058
-434.486
-492.182
-548.004
-586.183
-599.723
-599.092
-588.116
-566.898
-535.155
-493.675
-443.349
-384.797
-317.856
-242.01
-153.926
-48.5613
98.3404
315.122
1697.74
1599.93
1464.96
1292.53
1086.01
846.364
583.339
305.998
20.7955
-262.387
-537.236
-798.761
-1042.59
-1265.58
-1464.72
-1636.96
-1781.29
-1893.41
-1973.67
-2017.92
-2025.9
-1995.4
-1932.38
-1841.17
-1735.72
-1636.28
-1541.8
-1440.18
-1331.13
-1216.73
-1097.15
-972.515
-842.92
-707.905
-566.574
-414.331
-246.656
-33.1143
227.672
1766.21
1806.54
1815.03
1783.33
1702.23
1571.03
1396.72
1193.87
980.208
770.464
578.344
412.343
271.844
154.668
58.4304
-23.3437
-93.8655
-157.185
-216.215
-274.486
-332.518
-391.813
-451.135
-506.653
-546.408
-564.545
-568.469
-561.641
-544.238
-516.067
-477.851
-430.421
-374.354
-309.497
-235.318
-148.517
-44.1756
102.028
312.438
1599.26
1516.88
1401.72
1252.32
1071.82
859.457
621.033
364.72
97.1975
-173.904
-440.74
-697.704
-939.831
-1163.03
-1363.82
-1539.32
-1687.22
-1804.56
-1889.93
-1940.18
-1955.12
-1933.83
-1880.53
-1800.1
-1704.04
-1609.07
-1516.9
-1418.47
-1312.66
-1201.21
-1084.36
-962.129
-834.578
-701.259
-561.273
-410.084
-243.266
-30.9665
224.056
1656.23
1689.83
1698.37
1675
1611.7
1505.99
1360.75
1185.95
995.071
801.143
616.208
449.773
305.431
182.973
80.7884
-5.13769
-78.7072
-143.695
-203.39
-261.043
-318.023
-375.445
-432.415
-485.536
-525.448
-546.152
-552.305
-547.307
-531.596
-505.08
-468.422
-422.422
-367.628
-303.89
-230.633
-144.573
-40.8493
104.33
308.043
1489.68
1419.96
1322.53
1196.34
1044.14
863.514
658.809
435.779
199.031
-45.2395
-290.572
-531.73
-763.633
-981.848
-1182.25
-1361.35
-1515.95
-1642.93
-1739.82
-1803.94
-1834.64
-1830.9
-1795.24
-1732.18
-1651.17
-1566.32
-1481.22
-1389.25
-1288.91
-1181.92
-1068.81
-949.694
-824.719
-693.512
-555.209
-405.38
-239.744
-29.3402
219.648
1538.38
1567.65
1576.67
1559.46
1509.36
1424
1304.94
1159.76
998.494
830.8
666.443
513.545
376.034
254.998
150.018
58.9525
-20.9765
-92.5239
-158.341
-221.004
-281.94
-341.955
-400.346
-454.138
-495.885
-519.982
-529.395
-527.374
-514.479
-490.61
-456.347
-412.457
-359.474
-297.265
-225.248
-140.19
-37.3657
106.247
302.953
1381.23
1320.68
1235.88
1125.98
993.793
835.834
655.42
456.995
243.596
20.3942
-207.225
-434.502
-656.374
-868.203
-1065.64
-1244.72
-1401.77
-1533.43
-1636.72
-1709.23
-1749.14
-1755.83
-1730.96
-1679.05
-1608.35
-1530.64
-1450.34
-1362.84
-1266.56
-1163.09
-1053.14
-936.823
-814.289
-685.173
-548.616
-400.267
-236.032
-27.9504
214.442
1423.87
1450.04
1459.61
1447.25
1407.41
1337.64
1238.49
1115.78
977.254
830.119
682.293
540.769
409.508
290.54
184.557
90.8189
7.60757
-67.0809
-135.426
-199.614
-261.163
-320.858
-378.208
-430.71
-472.468
-498.416
-510.033
-510.114
-499.247
-477.356
-444.957
-402.781
-351.338
-290.495
-219.646
-135.593
-33.7791
107.964
297.353
1277.58
1224.06
1149.2
1052.44
936.749
798.095
639.226
463.681
273.314
72.2839
-135.122
-344.969
-552.659
-753.784
-944.111
-1119.53
-1276.04
-1410.1
-1518.35
-1598.08
-1647.32
-1665.37
-1653.23
-1614.61
-1556.28
-1487.88
-1414.24
-1332.57
-1241.47
-1142.38
-1036.18
-923.065
-803.235
-676.381
-541.693
-394.953
-232.305
-26.9789
208.402
1315.68
1339.7
1349.81
1341.19
1309.3
1251.7
1168.43
1064.22
945.35
817.264
686.355
558.508
437.161
324.501
221.717
128.793
44.803
-31.5685
-101.933
-167.978
-230.987
-291.58
-349.3
-401.944
-444.716
-473.09
-487.503
-490.214
-481.862
-462.398
-432.265
-392.142
-342.512
-283.243
-213.725
-130.817
-30.1782
109.351
291.214
1180.65
1132.57
1065.52
979.112
876.475
753.308
611.961
455.405
284.598
102.948
-86.1842
-279.658
-473.402
-663.417
-845.689
-1016.08
-1170.52
-1305.26
-1416.7
-1501.95
-1558.69
-1585.95
-1584.03
-1556.07
-1507.86
-1447.41
-1379.58
-1303.05
-1216.64
-1121.62
-1018.97
-908.963
-791.815
-667.254
-534.5
-389.474
-228.589
-26.4295
201.64
1215.25
1237.65
1248.24
1242.61
1216.99
1169.05
1098.46
1009.2
906.508
794.549
678.514
563.339
451.837
346.06
247.428
156.388
72.6463
-4.43974
-75.9253
-143.004
-206.68
-267.422
-324.829
-377.016
-420.098
-450.092
-466.663
-471.518
-465.275
-447.916
-419.808
-381.567
-333.64
-275.892
-207.694
-125.979
-26.629
110.368
284.63
1090.78
1047.03
986.297
908.318
816.351
706.032
579.463
439.226
285.716
121.678
-50.1952
-227.492
-406.777
-584.541
-757.104
-920.543
-1070.83
-1204.18
-1316.86
-1405.82
-1468.47
-1503.68
-1511.34
-1493.76
-1455.7
-1403.68
-1342.33
-1271.42
-1190.11
-1099.52
-1000.7
-894.035
-779.767
-657.663
-526.995
-383.839
-224.9
-26.2791
194.294
1122.65
1143.78
1154.77
1151.56
1130.94
1090.74
1030.44
953.445
864.229
766.103
663.339
560.098
458.623
360.678
267.669
180.216
98.4423
22.1553
-49.2423
-116.525
-180.391
-241.136
-298.346
-350.359
-393.918
-425.519
-444.297
-451.43
-447.476
-432.407
-406.504
-370.313
-324.239
-268.143
-201.393
-121.006
-23.1178
111.019
277.682
1007.88
967.654
912.088
841.059
757.883
658.259
544.105
417.747
279.17
130.665
-25.6368
-187.94
-353.369
-518.923
-681.357
-837.024
-982.074
-1112.77
-1225.39
-1316.75
-1384.08
-1425.9
-1441.77
-1433.2
-1404.15
-1359.95
-1304.81
-1239.33
-1162.99
-1076.79
-981.822
-878.548
-767.236
-647.687
-519.219
-378.084
-221.276
-26.541
186.429
1037.51
1057.62
1068.94
1067.7
1051.13
1017.23
965.362
898.475
820.499
734.128
642.939
550.47
458.474
368.393
281.492
198.406
119.484
44.8578
-25.719
-92.6295
-156.261
-216.711
-273.535
-325.234
-369.047
-401.888
-422.556
-431.732
-429.864
-416.916
-393.101
-358.888
-314.639
-260.203
-194.942
-115.972
-19.6973
111.279
270.386
931.539
894.228
842.986
777.792
701.986
611.378
507.774
393.325
267.75
132.992
-9.25913
-157.682
-309.884
-463.407
-615.422
-762.603
-901.415
-1028.26
-1139.48
-1231.82
-1302.43
-1349.55
-1372.49
-1372.07
-1351.42
-1314.81
-1265.98
-1206.02
-1134.77
-1053.1
-962.122
-862.371
-754.145
-637.282
-511.153
-372.208
-217.741
-27.2363
178.077
959.309
978.555
990.14
990.508
977.249
948.528
903.651
845.187
776.645
700.29
619.166
536.341
453.171
370.784
290.261
212.167
136.926
64.8442
-4.05934
-69.8786
-132.729
-192.527
-248.765
-300.07
-344.029
-377.899
-400.274
-411.406
-411.609
-400.807
-379.136
-346.976
-304.634
-251.946
-188.275
-110.85
-16.3623
111.156
262.758
861.266
826.431
778.864
718.623
649.072
566.154
471.588
367.387
253.13
130.487
0.809017
-134.966
-274.86
-416.854
-558.548
-697.016
-829.023
-951.2
-1060.01
-1152.25
-1225
-1276.27
-1305.15
-1311.81
-1298.68
-1269.16
-1226.46
-1171.94
-1105.73
-1028.62
-941.689
-845.546
-740.511
-626.456
-502.804
-366.22
-214.313
-28.3669
169.253
887.455
905.949
917.725
919.43
908.908
884.491
845.454
794.067
733.493
665.688
593.3
519.022
443.903
368.803
294.622
221.791
150.704
81.7591
15.135
-49.0446
-110.677
-169.505
-224.964
-275.755
-319.708
-354.364
-378.206
-391.124
-393.273
-384.518
-364.927
-334.793
-294.363
-243.458
-181.441
-105.671
-13.1368
110.653
254.827
796.561
763.864
719.469
663.503
599.322
523.025
436.275
340.975
236.61
124.66
6.21868
-118.068
-246.573
-377.674
-509.349
-639.045
-763.889
-880.771
-986.349
-1077.5
-1151.3
-1205.62
-1239.32
-1252.12
-1245.75
-1222.86
-1186.13
-1136.99
-1075.81
-1003.3
-920.499
-828.06
-726.326
-615.203
-494.172
-360.128
-211.006
-29.9306
159.989
821.386
839.215
851.115
853.918
845.68
824.87
790.756
745.359
691.562
631.095
566.29
499.548
431.702
363.398
295.351
227.853
161.225
95.866
32.0397
-29.9925
-89.959
-147.47
-201.907
-252.016
-295.796
-331.005
-356.08
-370.619
-374.614
-367.85
-350.324
-322.232
-283.758
-234.7
-174.424
-100.436
-10.0282
109.783
246.618
736.951
706.124
664.498
612.262
552.748
482.218
402.28
314.756
219.083
116.578
8.16558
-105.742
-223.796
-344.705
-466.803
-587.892
-705.443
-816.634
-918.357
-1007.63
-1081.58
-1137.97
-1175.47
-1193.48
-1193.06
-1176.25
-1145.21
-1101.33
-1045.1
-977.197
-898.58
-809.923
-711.594
-603.525
-485.26
-353.941
-207.826
-31.9113
150.317
760.567
777.799
789.758
793.465
787.144
769.385
739.451
699.16
651.167
597.021
538.81
478.708
417.392
355.336
293.097
230.833
168.778
107.288
46.641
-12.8395
-70.77
-126.662
-179.845
-229.093
-272.527
-308.068
-334.144
-350.124
-355.836
-350.971
-335.453
-309.384
-272.878
-225.708
-167.251
-95.1622
-7.05027
108.555
238.164
681.988
652.819
613.641
564.695
509.281
443.82
369.865
289.182
201.176
107.049
7.59325
-96.9475
-205.458
-316.908
-429.956
-542.731
-653.005
-758.274
-855.681
-942.419
-1015.71
-1073.29
-1113.65
-1135.97
-1140.73
-1129.45
-1103.8
-1065.02
-1013.66
-950.346
-875.949
-791.144
-696.316
-591.425
-476.075
-347.665
-204.787
-34.2892
140.274
704.513
721.19
733.17
737.615
732.907
717.741
691.388
655.482
612.486
563.812
511.354
457.104
401.622
345.26
288.447
231.229
173.738
116.262
59.0499
2.43761
-53.1361
-107.122
-158.814
-207.01
-249.912
-285.561
-312.402
-329.631
-336.921
-333.863
-320.297
-296.235
-261.715
-216.483
-159.924
-89.8604
-4.21192
106.989
229.497
631.263
603.579
566.59
520.578
468.801
407.827
339.172
264.544
183.343
96.6812
5.24351
-90.8494
-190.671
-293.413
-397.98
-502.797
-605.941
-705.198
-797.99
-881.706
-953.684
-1011.67
-1054.03
-1079.82
-1089.02
-1082.69
-1062.07
-1028.19
-981.576
-922.798
-852.637
-771.742
-680.504
-578.909
-466.622
-341.31
-201.89
-37.0452
129.908
652.799
668.946
680.9
685.955
682.609
669.659
646.392
614.278
575.612
531.698
484.277
435.187
384.91
333.709
281.919
229.486
176.453
123.019
69.3828
15.8593
-37.1034
-88.9312
-138.909
-185.862
-228.047
-263.59
-290.968
-309.25
-317.964
-316.605
-304.92
-282.831
-250.303
-207.048
-152.464
-84.5447
-1.52323
105.102
220.653
584.397
558.064
523.052
479.685
431.16
374.191
310.267
241.034
165.901
85.9118
1.66159
-86.8137
-178.731
-273.463
-370.131
-467.412
-563.659
-656.934
-744.93
-825.243
-895.37
-953.101
-996.711
-1025.18
-1038.1
-1036.14
-1020.17
-990.934
-948.922
-894.611
-828.68
-751.739
-664.171
-565.986
-456.909
-334.883
-199.142
-40.1486
119.267
605.033
620.676
632.562
638.114
635.922
624.878
604.285
575.469
540.577
500.828
457.832
413.302
367.669
321.132
273.951
226.001
177.246
127.8
77.794
27.4998
-22.6624
-72.1279
-120.191
-165.712
-206.989
-242.217
-269.906
-289.04
-299.015
-299.237
-289.353
-269.199
-238.661
-197.42
-144.884
-79.2283
1.00991
102.919
211.67
541.068
515.971
482.758
441.794
396.194
342.831
283.152
218.756
149.062
75.0533
-2.7327
-84.3188
-169.051
-256.437
-345.783
-435.982
-525.628
-613.04
-696.161
-772.81
-840.653
-897.565
-941.768
-972.195
-988.157
-990.004
-978.248
-953.393
-915.799
-865.854
-804.127
-731.164
-647.336
-552.668
-446.947
-328.391
-196.541
-43.5679
108.398
560.866
576.029
587.812
593.763
592.553
583.153
564.89
538.958
507.372
471.284
432.191
391.704
350.217
307.885
264.917
221.132
176.431
130.854
84.4602
37.4592
-9.77657
-56.719
-102.698
-146.613
-186.804
-221.516
-249.299
-269.082
-280.147
-281.822
-273.648
-255.376
-226.82
-187.621
-137.203
-73.9249
3.38367
100.467
202.585
500.976
477.018
445.461
406.686
363.745
313.646
257.805
197.763
132.97
64.3515
-7.6006
-82.9604
-161.161
-241.83
-324.41
-407.98
-491.357
-573.076
-651.33
-724.147
-789.381
-845.002
-889.234
-920.963
-939.35
-944.445
-936.474
-915.69
-882.308
-836.603
-779.029
-710.055
-630.023
-538.972
-436.747
-321.839
-194.086
-47.2657
97.3618
519.987
534.684
546.34
552.61
552.233
544.259
528.033
504.639
475.968
443.114
407.48
370.588
332.804
294.26
255.125
215.187
174.29
132.416
89.5557
45.8493
1.60601
-42.7001
-86.4519
-128.605
-167.54
-201.547
-229.217
-249.448
-261.428
-264.419
-257.854
-241.405
-214.811
-177.677
-129.443
-68.6472
5.59487
97.7765
193.445
463.849
440.951
410.922
374.165
333.651
286.529
234.171
178.079
117.718
53.9731
-12.7036
-82.4164
-154.676
-229.194
-305.535
-382.929
-460.385
-536.638
-610.102
-679.009
-741.394
-795.344
-839.127
-871.581
-891.813
-899.624
-895
-877.961
-848.558
-806.943
-753.448
-688.454
-612.261
-524.919
-426.323
-315.234
-191.769
-51.2009
86.2151
482.118
496.362
507.871
514.389
514.719
507.988
493.554
472.403
446.314
416.331
383.776
350.089
315.623
280.492
244.84
208.434
171.082
132.712
93.2618
52.7991
11.563
-30.0427
-71.4645
-111.72
-149.241
-182.367
-209.728
-230.211
-242.93
-247.092
-242.026
-227.33
-202.67
-167.617
-121.622
-63.409
7.64535
94.8785
184.292
429.447
407.546
378.935
344.041
305.761
261.361
212.187
159.689
103.356
44.0347
-17.8501
-82.4313
-149.273
-218.16
-288.757
-360.42
-432.315
-503.359
-572.159
-637.138
-696.516
-748.503
-791.436
-824.116
-845.668
-855.691
-853.977
-840.342
-814.665
-776.968
-727.455
-666.411
-594.087
-510.53
-415.688
-308.58
-189.581
-55.3297
75.017
447.012
460.818
472.159
478.865
479.794
474.148
461.298
442.14
418.352
390.93
361.126
330.309
298.822
266.77
234.277
201.103
167.034
131.957
95.7589
58.4438
20.1818
-18.696
-57.7142
-95.9646
-131.94
-164.024
-190.894
-211.44
-224.723
-229.904
-226.223
-213.199
-190.437
-157.471
-113.767
-58.2221
9.53763
91.8078
175.171
397.554
376.589
349.304
316.145
279.925
238.033
191.78
142.569
89.9107
34.6207
-22.9069
-82.813
-144.717
-208.451
-273.759
-340.111
-406.799
-472.899
-537.192
-598.284
-654.562
-704.367
-746.119
-778.608
-801.01
-812.776
-813.55
-802.969
-780.747
-746.773
-701.125
-643.984
-575.539
-495.834
-404.86
-301.88
-187.504
-59.6029
63.8315
414.45
427.826
438.981
445.824
447.264
442.569
431.124
413.745
392.014
366.887
339.552
311.314
282.508
253.233
223.607
193.387
162.345
130.341
97.2179
62.9251
27.5681
-8.5972
-45.173
-81.3404
-115.657
-146.559
-172.771
-193.201
-206.874
-212.923
-210.503
-199.066
-178.156
-147.273
-105.899
-53.0993
11.2776
88.6012
166.125
367.974
347.893
321.851
290.313
256.007
216.432
172.873
126.678
77.3904
25.7845
-27.7632
-83.4056
-140.795
-199.81
-260.258
-321.689
-383.519
-444.951
-504.926
-562.211
-615.351
-662.82
-703.128
-735.076
-757.911
-770.994
-773.851
-765.973
-746.924
-716.464
-674.543
-621.236
-556.665
-480.862
-393.856
-295.137
-185.523
-63.9684
52.7246
384.231
397.186
408.137
415.075
416.951
413.092
402.899
387.114
367.232
344.172
319.063
293.149
266.761
240.001
212.978
185.452
157.192
128.036
97.7963
66.3797
33.83
0.330548
-33.8019
-67.8351
-100.402
-129.999
-155.405
-175.554
-189.452
-196.214
-194.928
-184.984
-165.87
-137.059
-98.0449
-48.0513
12.8723
85.294
157.203
340.528
321.286
296.416
266.4
233.872
196.451
155.383
111.971
65.7784
17.5551
-32.3491
-84.086
-137.343
-192.031
-248.008
-304.893
-362.197
-419.242
-475.104
-528.694
-578.702
-623.731
-662.397
-693.527
-716.431
-730.441
-735
-729.48
-713.317
-686.146
-647.797
-598.237
-537.516
-465.648
-382.696
-288.352
-183.616
-68.3782
41.7573
356.174
368.72
379.451
386.446
388.694
385.571
376.499
362.147
343.934
322.745
299.65
275.84
251.642
227.159
202.497
177.427
151.717
125.191
97.6406
68.9393
39.0773
8.16922
-23.5451
-55.4206
-86.1735
-114.367
-138.834
-158.552
-172.518
-179.841
-179.561
-171.011
-153.629
-126.866
-90.2309
-43.0895
14.3329
81.9237
148.446
315.057
296.613
272.851
244.267
213.402
177.989
139.234
98.3942
55.059
9.94379
-36.6143
-84.7702
-134.236
-184.949
-236.808
-289.493
-342.593
-395.522
-447.481
-497.508
-544.431
-586.969
-623.846
-653.936
-676.598
-691.197
-697.107
-693.614
-680.049
-655.93
-620.979
-575.059
-518.148
-450.234
-371.399
-281.525
-181.758
-72.7761
30.9955
330.115
342.261
352.764
359.787
362.347
359.874
351.805
338.75
322.051
302.56
281.297
259.397
237.187
214.771
192.256
169.424
146.046
121.941
96.8885
70.7323
43.4207
15.0087
-14.3369
-44.0585
-72.9579
-99.6721
-123.093
-142.242
-156.131
-163.868
-164.464
-157.203
-141.484
-116.735
-82.4841
-38.2238
15.6707
78.5271
139.899
291.412
273.73
251.02
223.786
194.482
160.946
124.346
85.8946
45.202
2.95615
-40.5207
-85.3824
-131.366
-178.429
-226.494
-275.297
-324.492
-373.572
-421.846
-468.458
-512.369
-552.406
-587.392
-616.268
-638.436
-653.325
-660.266
-658.482
-647.228
-625.924
-594.184
-551.785
-498.622
-434.656
-359.989
-274.653
-179.923
-77.1086
20.5016
305.908
317.66
327.928
334.95
337.774
335.875
328.712
316.834
301.513
283.57
263.976
243.818
223.418
202.885
182.324
161.529
140.281
118.399
95.6547
71.8718
46.9625
20.9326
-6.11497
-33.7059
-60.7367
-85.9146
-108.201
-126.664
-140.343
-148.352
-149.698
-143.619
-129.484
-106.708
-74.8307
-33.464
16.8989
75.1398
131.601
269.462
252.508
230.799
204.841
177.006
145.229
110.643
74.414
36.1738
-3.4163
-44.0507
-85.8764
-128.653
-172.354
-216.923
-262.138
-307.707
-353.197
-397.999
-441.362
-482.353
-519.91
-552.949
-580.483
-601.953
-616.873
-624.555
-624.184
-614.963
-596.231
-567.514
-528.493
-479.001
-418.964
-348.484
-267.739
-178.08
-81.3217
10.3362
283.416
294.783
304.808
311.805
314.851
313.462
307.117
296.313
282.251
265.725
247.66
229.095
210.347
191.529
172.748
153.811
134.508
114.663
94.0442
72.4642
49.8055
26.0336
1.19462
-24.3157
-49.4799
-73.0888
-94.1718
-111.851
-125.202
-133.352
-135.322
-130.317
-117.681
-96.8242
-67.3
-28.818
18.0309
71.7961
123.592
249.086
232.828
212.072
187.325
160.876
130.751
98.051
63.8968
27.9378
-9.18795
-47.1927
-86.2154
-126.036
-166.636
-207.981
-249.879
-292.086
-334.225
-375.766
-416.047
-454.228
-489.35
-520.418
-546.518
-567.133
-581.871
-590.042
-590.815
-583.358
-566.957
-541.06
-505.272
-459.353
-403.198
-336.916
-260.778
-176.202
-85.3697
0.556671
262.514
273.505
283.284
290.237
293.467
292.533
286.928
277.105
264.198
248.973
232.313
215.209
197.975
180.725
163.567
146.324
128.798
110.815
92.15
72.6035
52.0426
30.3975
7.66436
-15.8268
-39.1505
-61.1792
-81.0113
-97.8264
-110.746
-118.919
-121.393
-117.352
-106.126
-87.125
-59.9184
-24.2949
19.082
68.5255
115.903
230.169
214.581
194.733
171.137
145.996
117.43
86.5013
54.2856
20.4547
-14.3809
-49.9467
-86.3783
-123.465
-161.204
-199.569
-238.399
-277.487
-316.506
-354.99
-392.356
-427.851
-460.602
-489.707
-514.315
-533.96
-548.337
-556.775
-558.447
-552.508
-538.203
-514.921
-482.201
-439.747
-387.412
-325.303
-253.771
-174.262
-89.1992
-8.78642
243.09
253.715
263.244
270.135
273.519
272.989
268.058
259.134
247.29
233.264
217.898
202.138
186.294
170.481
154.808
139.111
123.203
106.922
90.0454
72.373
53.7571
34.1028
13.3676
-8.18394
-29.7099
-50.1646
-68.7173
-84.6075
-97.0079
-105.097
-107.961
-104.778
-94.8701
-77.6527
-52.7108
-19.9028
20.0645
65.3608
108.567
212.609
197.664
178.684
156.184
132.284
105.187
75.925
45.5271
13.6846
-19.0182
-52.3167
-86.3448
-120.904
-155.994
-191.606
-227.598
-263.794
-299.91
-335.535
-370.15
-403.086
-433.55
-460.716
-483.811
-502.405
-516.277
-524.796
-527.148
-522.495
-510.061
-489.189
-459.369
-420.249
-371.655
-313.674
-246.716
-172.222
-92.7683
-17.6431
225.041
235.306
244.584
251.4
254.909
254.741
250.423
242.325
231.463
218.546
204.377
189.857
175.29
160.796
146.481
132.196
117.768
103.039
87.7989
71.847
55.0285
37.2283
18.3738
-1.32678
-21.1121
-40.018
-57.2801
-72.2024
-84.0123
-91.9255
-95.0752
-92.6453
-83.9605
-68.4454
-45.7056
-15.6486
20.9957
62.325
101.607
196.313
181.984
163.836
142.381
119.656
93.9499
66.2585
37.5683
7.588
-23.1223
-54.3122
-86.1077
-118.323
-150.964
-184.027
-217.391
-250.904
-284.318
-317.273
-349.306
-379.814
-408.082
-433.357
-454.933
-472.425
-485.685
-494.128
-496.97
-493.392
-482.612
-463.95
-436.854
-400.931
-355.973
-302.055
-239.611
-170.063
-96.0316
-25.9687
208.27
218.183
227.209
233.939
237.55
237.704
233.948
226.612
216.658
204.769
191.708
178.335
164.947
151.666
138.595
125.601
112.521
99.2105
85.464
71.0881
55.9239
39.8437
22.7496
4.80258
-13.3107
-30.7051
-46.6834
-60.6125
-71.7771
-79.4365
-82.7763
-80.999
-73.4415
-59.5421
-38.9258
-11.5393
21.885
59.4418
95.0429
181.191
167.457
150.104
129.646
108.038
83.6489
57.4401
30.3563
2.12277
-26.7256
-55.9478
-85.6668
-115.707
-146.075
-176.777
-207.705
-238.731
-269.635
-300.097
-329.705
-357.921
-384.092
-407.537
-427.612
-443.977
-456.541
-464.783
-467.954
-465.261
-455.936
-439.287
-414.736
-381.859
-340.421
-290.472
-232.46
-167.756
-98.9549
-33.7285
192.689
202.26
211.034
217.668
221.358
221.801
218.559
211.928
202.817
191.882
179.851
167.541
155.243
143.078
131.149
119.335
107.488
95.4681
83.0847
70.15
56.5043
42.0122
26.5574
10.2613
-6.25746
-22.1908
-36.9076
-49.8329
-60.3124
-67.6543
-71.1
-69.8808
-63.3534
-50.9775
-32.395
-7.58197
22.7447
56.7292
88.8893
167.164
154.001
137.411
117.906
97.3594
74.2197
49.4125
23.8416
-2.75225
-29.8559
-57.2419
-85.0252
-113.042
-141.3
-169.813
-198.483
-227.2
-255.771
-283.909
-311.249
-337.304
-361.485
-383.17
-401.776
-417.01
-428.825
-436.765
-440.128
-438.152
-430.097
-415.273
-393.089
-363.099
-325.044
-278.953
-225.265
-165.279
-101.506
-40.8934
178.218
187.454
195.977
202.505
206.258
206.959
204.188
198.21
189.882
179.837
168.764
157.442
146.153
135.017
124.138
113.405
102.681
91.8394
80.6975
69.077
56.8214
43.7906
29.8567
15.1071
0.096719
-14.4373
-27.9261
-39.8529
-49.6234
-56.5973
-60.0742
-59.3252
-53.733
-42.7823
-26.1348
-3.78349
23.5845
54.2023
83.156
154.156
141.542
125.685
107.091
87.5552
65.6015
42.121
17.978
-7.07304
-32.5403
-58.2096
-84.1879
-110.321
-136.621
-163.1
-189.676
-216.25
-242.652
-268.628
-293.846
-317.872
-340.17
-360.175
-377.361
-391.474
-402.507
-410.071
-413.509
-412.106
-405.152
-391.974
-371.98
-344.711
-309.892
-267.526
-218.028
-162.615
-103.658
-47.4374
164.78
173.69
181.963
188.378
192.178
193.11
190.772
185.4
177.803
168.586
158.406
148.002
137.649
127.464
117.55
107.808
98.1106
88.3408
78.329
67.9058
56.9193
45.2287
32.6987
19.39
5.79915
-7.40451
-19.7101
-30.6566
-39.7072
-46.2753
-49.7211
-49.3615
-44.6123
-34.9856
-20.1642
-0.150381
24.4096
51.8698
77.8459
142.096
130.013
114.859
97.1364
78.5639
57.7366
35.5135
12.7183
-10.8785
-34.8098
-58.8708
-83.1631
-107.541
-132.019
-156.611
-181.242
-205.827
-230.216
-254.178
-277.418
-299.541
-320.064
-338.472
-354.293
-367.312
-377.551
-384.685
-388.107
-387.151
-381.147
-369.446
-351.469
-326.752
-295.008
-256.217
-210.758
-159.748
-105.39
-53.3463
152.305
160.897
168.922
175.22
179.051
180.191
178.252
173.442
166.526
158.082
148.737
139.189
129.703
120.398
111.373
102.538
93.778
84.9852
76.0011
66.6665
56.8364
46.3709
35.1318
23.1584
10.8946
-1.0528
-12.228
-22.2218
-30.5537
-36.6916
-40.0556
-40.0123
-36.0166
-27.6112
-14.5002
3.30944
25.2251
49.7383
72.9563
130.922
119.349
104.87
87.9814
70.3276
50.572
29.5407
8.02046
-14.2069
-36.694
-59.2476
-81.9637
-104.705
-127.486
-150.322
-173.148
-195.886
-218.404
-240.494
-261.891
-282.236
-301.091
-317.992
-332.512
-344.471
-353.918
-360.588
-363.923
-363.306
-358.116
-347.738
-331.61
-309.274
-280.437
-245.053
-203.463
-156.673
-106.692
-58.6099
140.727
149.009
156.79
162.965
166.816
168.141
166.569
162.283
156.002
148.283
139.717
130.965
122.287
113.796
105.589
97.5858
89.6824
81.7787
73.7283
65.3821
56.6025
47.2544
37.1991
26.458
15.4281
4.6582
-5.44618
-14.5241
-22.1497
-27.8434
-31.0842
-31.2928
-27.9655
-20.6787
-9.15751
6.59167
26.0319
47.8086
68.481
120.571
109.49
95.6607
79.5701
62.7928
44.0571
24.1577
3.8431
-17.0927
-38.221
-59.3601
-80.6014
-101.815
-123.015
-144.219
-165.366
-186.39
-207.171
-227.521
-247.201
-265.888
-283.182
-298.665
-311.951
-322.895
-331.566
-337.752
-340.945
-340.581
-336.085
-326.886
-312.446
-292.321
-266.215
-234.062
-196.153
-153.385
-107.554
-63.2265
129.987
137.967
145.507
151.555
155.415
156.905
155.671
151.873
146.186
139.143
131.306
123.299
115.37
107.632
100.179
92.9392
85.8179
78.7229
71.5201
64.0703
56.2441
47.912
38.9378
29.3296
19.4416
9.76841
0.670489
-7.53629
-14.4763
-19.7214
-22.8081
-23.2119
-20.4723
-14.2021
-4.14756
9.68893
26.8306
46.0773
64.4081
110.988
100.382
87.1758
71.8497
55.9091
38.1443
19.319
0.145514
-19.5698
-39.4191
-59.2298
-79.0899
-98.8753
-118.602
-138.286
-157.875
-177.307
-196.474
-215.209
-233.295
-250.437
-266.272
-280.426
-292.551
-302.53
-310.45
-316.145
-319.156
-318.973
-315.071
-306.92
-294.015
-275.932
-252.378
-223.267
-188.842
-149.884
-107.976
-67.2001
120.027
127.713
135.015
140.935
144.793
146.429
145.507
142.163
137.032
130.622
123.467
116.154
108.922
101.882
95.1238
88.5839
82.1762
75.8172
69.3831
62.7449
55.7821
48.3715
40.3816
31.8104
22.9735
14.3166
6.15765
-1.22732
-7.50988
-12.3107
-15.2213
-15.7711
-13.5449
-8.19169
0.520762
12.5959
27.6172
44.539
60.7219
102.121
91.9726
79.3647
64.7714
49.6295
32.7893
14.984
-3.10828
-21.6701
-40.3145
-58.8783
-77.4439
-95.8947
-114.246
-132.516
-150.654
-168.608
-186.279
-203.515
-220.119
-235.826
-250.305
-263.218
-274.254
-283.322
-290.524
-295.732
-298.536
-298.476
-295.078
-287.857
-276.344
-260.139
-238.955
-212.692
-181.544
-146.177
-107.965
-70.5408
110.795
118.196
125.262
131.05
134.898
136.666
136.03
133.108
128.496
122.68
116.162
109.497
102.914
96.5201
90.4022
84.5041
78.7476
73.0574
67.3194
61.4153
55.2328
48.6561
41.5596
33.9338
26.0604
18.3395
11.0515
4.43494
-1.2238
-5.59197
-8.31202
-8.96637
-7.18478
-2.65243
4.84179
15.3071
28.3867
43.1821
57.4024
93.9195
84.2124
72.18
58.2889
43.9095
27.9507
11.1145
-5.95307
-23.4257
-40.9345
-58.326
-75.6776
-92.8799
-109.949
-126.901
-143.692
-160.272
-176.555
-192.401
-207.631
-222.006
-235.225
-246.983
-257.005
-265.219
-271.741
-276.474
-279.057
-279.075
-276.105
-269.707
-259.452
-244.966
-225.973
-202.362
-174.276
-142.276
-107.532
-73.2662
102.241
109.363
116.2
121.854
125.684
127.567
127.196
124.667
120.54
115.279
109.356
103.295
97.3156
91.5202
85.9923
80.6825
75.5202
70.4369
65.3291
60.0876
54.6089
48.7855
42.4976
35.7311
28.7368
21.8733
15.3873
9.484
4.41124
0.458639
-2.06307
-2.78767
-1.38797
2.41537
8.81244
17.8182
29.1323
41.9942
54.4276
86.3393
77.057
65.5774
52.3592
38.7082
23.5889
7.67433
-8.42243
-24.865
-41.3033
-57.5918
-73.8054
-89.8402
-105.712
-121.437
-136.974
-152.281
-167.275
-181.833
-195.792
-208.933
-220.985
-231.672
-240.751
-248.17
-254.052
-258.331
-260.685
-260.748
-258.143
-252.472
-243.351
-230.431
-213.453
-192.294
-167.056
-138.196
-106.693
-75.3974
94.3187
101.172
107.782
113.301
117.106
119.091
118.961
116.798
113.124
108.381
103.016
97.5185
92.0989
86.8572
81.8725
77.1014
72.4806
67.9481
63.4097
58.7658
53.9211
48.7758
43.2179
37.2295
31.0342
24.9524
19.2004
13.9544
9.42706
5.86864
3.5472
2.78076
3.85507
7.01598
12.4327
20.1257
29.8462
40.9599
51.772
79.3368
70.4639
59.5157
46.9419
33.9864
19.6673
4.62874
-10.5481
-26.0164
-41.445
-56.697
-71.8428
-86.7848
-101.539
-116.12
-130.492
-144.616
-158.417
-171.783
-184.564
-196.565
-207.537
-217.236
-225.442
-232.124
-237.412
-241.26
-243.385
-243.468
-241.172
-236.146
-228.043
-216.545
-201.409
-182.508
-159.902
-133.955
-105.472
-76.9605
86.986
93.5764
99.9646
105.348
109.122
111.194
111.286
109.463
106.212
101.953
97.1077
92.1354
87.2362
82.5064
78.0213
73.7431
69.6153
65.5821
61.5576
57.4513
53.1763
48.6404
43.7395
38.4536
32.9813
27.609
22.5253
17.8808
13.8571
10.6685
8.54457
7.75896
8.55874
11.1578
15.7057
22.2268
30.5193
40.0611
49.4091
72.872
64.3935
53.9557
41.9993
29.7084
16.1515
1.94573
-12.3589
-26.9067
-41.3828
-55.6596
-69.8034
-83.7229
-97.4327
-110.95
-124.239
-137.264
-149.96
-162.223
-173.917
-184.864
-194.841
-203.628
-211.031
-217.035
-221.771
-225.215
-227.119
-227.203
-225.172
-220.716
-213.524
-203.313
-189.855
-173.019
-152.834
-129.576
-103.894
-77.9876
80.2019
86.5374
92.7078
97.9547
101.691
103.839
104.135
102.626
99.7684
95.9612
91.601
87.117
82.7003
78.4432
74.4173
70.5899
66.9106
63.3292
59.7678
56.1447
52.3806
48.3911
44.0798
39.4258
34.6055
29.8741
25.3957
21.2982
17.7357
14.8907
12.9581
12.1711
12.7414
14.8531
18.6368
24.1203
31.1422
39.2796
47.3112
66.9075
58.8087
48.8614
37.4962
25.8402
13.0096
-0.405241
-13.883
-27.5596
-41.1376
-54.4969
-67.7009
-80.6632
-93.3988
-105.924
-118.206
-130.214
-141.886
-153.129
-163.82
-173.797
-182.858
-190.806
-197.473
-202.854
-207.083
-210.152
-211.846
-211.918
-210.114
-206.161
-199.787
-190.734
-178.797
-163.842
-145.87
-125.083
-101.99
-78.512
73.9287
80.0166
85.9736
91.0836
94.7769
96.9899
97.4702
96.2522
93.7611
90.3749
86.4661
82.4359
78.4659
74.6447
71.0404
67.6246
64.3526
61.1794
58.035
54.8453
51.5385
48.0375
44.2541
40.1668
35.9323
31.7772
27.8442
24.2411
21.0982
18.5694
16.8193
16.0446
16.425
18.1172
21.2345
25.8059
31.7058
38.5958
45.4494
61.408
53.6751
44.1987
33.3997
22.3497
10.2111
-2.45165
-15.1454
-27.9988
-40.73
-53.2266
-65.5484
-77.6155
-89.4416
-101.043
-112.389
-123.454
-134.179
-144.481
-154.247
-163.33
-171.55
-178.731
-184.724
-189.536
-193.301
-196.025
-197.521
-197.576
-195.967
-192.46
-186.814
-178.803
-168.237
-154.987
-139.029
-120.501
-99.7906
-78.571
68.1309
73.9786
79.7266
84.6993
88.3448
90.6115
91.2597
90.3105
88.1591
85.164
81.6749
78.0657
74.5089
71.0891
67.871
64.8304
61.9278
59.1231
56.3532
53.5514
50.6529
47.588
44.2759
40.6953
36.985
33.3461
29.9022
26.7436
23.9797
21.7397
20.1614
19.4093
19.6341
20.9683
23.5088
27.2853
32.2012
37.9903
43.7955
56.3408
48.9601
39.9358
29.6789
19.2073
7.72817
-4.22023
-16.1711
-28.2461
-40.1788
-51.8637
-63.3582
-74.5875
-85.5651
-96.3068
-106.785
-116.975
-126.825
-136.258
-145.172
-153.436
-160.885
-167.362
-172.741
-177.036
-180.38
-182.79
-184.103
-184.135
-182.696
-179.583
-174.587
-167.507
-158.174
-146.463
-132.328
-115.857
-97.3311
-78.2032
62.7754
68.3898
73.9334
78.769
82.3622
84.6725
85.4721
84.7702
82.9332
80.3012
77.2014
73.9818
70.8061
67.7555
64.8906
62.1917
59.6235
57.1504
54.7163
52.2613
49.727
47.0501
44.1575
41.0286
37.7859
34.6075
31.6001
28.8391
26.4156
24.4373
23.019
22.2966
22.3957
23.4269
25.4725
28.5612
32.6208
37.4446
42.3215
51.675
44.6334
36.0431
26.3051
16.3857
5.53444
-5.73521
-16.9823
-28.3217
-39.5013
-50.4234
-61.1422
-71.5876
-81.7736
-91.7153
-101.387
-110.768
-119.809
-128.441
-136.573
-144.084
-150.828
-156.665
-161.486
-165.312
-168.276
-170.399
-171.545
-171.553
-170.263
-167.499
-163.08
-156.833
-148.604
-138.274
-125.784
-111.176
-94.646
-77.4495
57.8312
63.2193
68.5628
73.2618
76.7982
79.1424
80.078
79.6028
78.0563
75.7603
73.0206
70.161
67.3363
64.6242
62.0819
59.6932
57.4272
55.2526
53.119
50.9731
48.7624
46.4302
43.9101
41.1827
38.3558
35.5866
32.9672
30.56
28.4406
26.698
25.427
24.7393
24.7382
25.5152
27.1394
29.6378
32.9574
36.9402
41.0006
47.3819
40.6666
32.4927
23.2513
13.8589
3.60512
-7.01988
-17.6004
-28.2444
-38.7145
-48.9195
-58.9108
-68.6238
-78.0715
-87.2687
-96.1928
-104.824
-113.119
-121.014
-128.428
-135.249
-141.35
-146.604
-150.919
-154.322
-156.943
-158.809
-159.803
-159.789
-158.629
-156.174
-152.269
-146.763
-139.519
-130.424
-119.411
-106.485
-91.7704
-76.3505
53.2692
58.4377
63.5856
68.1482
71.6241
73.9931
75.0499
74.7818
73.5027
71.5168
69.1094
66.5814
64.0794
61.677
59.4287
57.3212
55.3278
53.4209
51.5558
49.6847
47.7613
45.7343
43.5442
41.1724
38.7141
36.3073
34.0313
31.9376
30.0883
28.5568
27.4205
26.7705
26.6909
27.2567
28.525
30.5207
33.2056
36.461
39.8074
43.4346
37.0332
29.2589
20.4924
11.6026
1.91763
-8.09563
-18.0449
-28.0321
-37.8333
-47.3647
-56.6744
-65.7023
-74.4621
-82.9674
-91.1983
-99.1362
-106.743
-113.961
-120.715
-126.907
-132.42
-137.146
-141.003
-144.026
-146.339
-147.975
-148.834
-148.798
-147.754
-145.573
-142.124
-137.275
-130.907
-122.914
-113.222
-101.808
-88.7389
-74.9469
49.0622
54.0178
58.9744
63.4011
66.8129
69.1981
70.3618
70.282
69.2482
67.5477
65.4465
63.2232
61.0168
58.8973
56.9161
55.063
53.3148
51.6475
50.0217
48.3948
46.7255
44.9682
43.0695
41.0121
38.8793
36.7923
34.8191
33.002
31.3917
30.048
29.0341
28.4233
28.2836
28.6754
29.6457
31.2167
33.3614
35.9919
38.7181
39.8078
33.7083
26.3173
18.005
9.59452
0.450722
-8.98199
-18.3337
-27.7006
-36.8722
-45.7706
-54.4418
-62.8299
-70.9486
-78.8109
-86.3991
-93.6969
-100.67
-107.264
-113.414
-119.031
-124.011
-128.257
-131.703
-134.385
-136.423
-137.854
-138.592
-138.538
-137.596
-135.659
-132.613
-128.348
-122.757
-115.743
-107.228
-97.1683
-85.5845
-73.2786
45.1847
49.9338
54.7034
58.995
62.3393
64.7325
65.9897
66.0802
65.2706
63.8319
62.0116
60.0676
58.1313
56.2695
54.5305
52.9068
51.3789
49.9256
48.5124
47.1018
45.6569
44.1374
42.4954
40.7149
38.8687
37.0632
35.356
33.7819
32.3821
31.205
30.3015
29.7302
29.5456
29.7959
30.519
31.7339
33.4223
35.5196
37.7111
36.478
30.6688
23.6453
15.7671
7.81355
-0.815497
-9.6972
-18.4834
-27.265
-35.8441
-44.148
-52.2211
-60.0116
-67.5333
-74.7987
-81.7918
-88.4984
-94.8871
-100.91
-106.508
-111.6
-116.095
-119.908
-122.984
-125.361
-127.154
-128.403
-129.035
-128.966
-128.116
-126.394
-123.707
-119.957
-115.054
-108.906
-101.436
-92.5859
-82.339
-71.3847
41.6129
46.162
50.7489
54.9059
58.1795
60.5731
61.9109
62.1545
61.5491
60.3496
58.7862
57.0974
55.4072
53.7794
52.2594
50.8423
49.5115
48.2491
47.0244
45.8048
44.5576
43.2471
41.8307
40.2935
38.6991
37.1402
35.6661
34.3048
33.0896
32.0595
31.2552
30.7231
30.5062
30.6426
31.1623
32.0814
33.3872
35.0332
36.767
33.4231
27.893
21.2219
13.7585
6.24039
-1.89924
-10.2584
-18.5098
-26.7392
-34.7604
-42.5066
-50.0199
-57.2528
-64.2184
-70.9297
-77.372
-83.5332
-89.3847
-94.8839
-99.9762
-104.592
-108.647
-112.069
-114.812
-116.917
-118.494
-119.582
-120.121
-120.04
-119.272
-117.742
-115.371
-112.078
-107.78
-102.398
-95.8544
-88.0798
-79.0318
-69.3027
38.3246
42.6796
47.0881
51.1114
54.3116
56.6982
58.1043
58.4848
58.0641
57.0824
55.7532
54.2967
52.8301
51.4142
50.0917
48.8599
47.7052
46.6123
45.5546
44.5033
43.4299
42.3027
41.084
39.76
38.3861
37.0428
35.7721
34.5965
33.5428
32.6419
31.9263
31.4323
31.1935
31.2394
31.5935
32.2689
33.2566
34.5235
35.8685
30.6227
25.3609
19.0272
11.9602
4.857
-2.81758
-10.6815
-18.4272
-26.1354
-33.6318
-40.8548
-47.8444
-54.5571
-61.0056
-67.2027
-73.1356
-78.7938
-84.1515
-89.1706
-93.8019
-97.9831
-101.64
-104.711
-107.156
-109.019
-110.404
-111.352
-111.809
-111.719
-111.026
-109.667
-107.576
-104.683
-100.92
-96.2128
-90.4864
-83.6661
-75.6903
-67.067
35.299
39.4659
43.7002
47.5907
50.7148
53.0874
54.5502
55.0519
54.7978
54.0133
52.8967
51.6512
50.387
49.1622
48.0172
46.9514
45.9536
45.011
44.1006
43.1973
42.2761
41.3093
40.2633
39.1257
37.9443
36.789
35.6953
34.6813
33.7683
32.9808
32.3443
31.8869
31.6345
31.6097
31.8304
32.3068
33.0323
33.9832
35.0009
28.0575
23.0534
17.0432
10.3547
3.64643
-3.58628
-10.9808
-18.2484
-25.4655
-32.4684
-39.2007
-45.7004
-51.9278
-57.8954
-63.6161
-69.0782
-74.2726
-79.1769
-83.7565
-87.9673
-91.7541
-95.0516
-97.8055
-99.9847
-101.633
-102.85
-103.673
-104.061
-103.965
-103.339
-102.131
-100.287
-97.7486
-94.4549
-90.3408
-85.3347
-79.3588
-72.3386
-64.7105
32.5166
36.5013
40.5654
44.3242
47.3697
49.7217
51.2302
51.8383
51.7332
51.1268
50.2025
49.1475
48.066
47.0132
46.0272
45.1094
44.251
43.4412
42.6605
41.887
41.0989
40.2719
39.3766
38.4015
37.3878
36.3959
35.4559
34.5822
33.7915
33.1031
32.5368
32.1142
31.855
31.776
31.8905
32.2059
32.7172
33.4071
34.1515
25.7097
20.9531
15.2526
8.92535
2.59328
-4.21968
-11.1697
-17.9855
-24.7397
-31.2786
-37.5509
-43.5928
-49.3678
-54.8885
-60.1674
-65.1945
-69.962
-74.45
-78.6276
-82.4555
-85.8846
-88.8572
-91.3269
-93.2687
-94.727
-95.7948
-96.5101
-96.8381
-96.7386
-96.1734
-95.1008
-93.4751
-91.2476
-88.3662
-84.7726
-80.3999
-75.1694
-68.9986
-62.2632
29.9593
33.7674
37.6655
41.2935
44.2581
46.5835
48.1271
48.8276
48.8551
48.4083
47.6572
46.7737
45.8564
44.9576
44.1138
43.3276
42.5926
41.9
41.233
40.573
39.901
39.1958
38.4315
37.5976
36.7295
35.8794
35.0725
34.3202
33.6356
33.0336
32.5296
32.1399
31.8791
31.7596
31.7906
31.9774
32.3154
32.7917
33.3102
23.5624
19.0437
13.6397
7.65718
1.68311
-4.73133
-11.2603
-17.6494
-23.9673
-30.0704
-35.9116
-41.5256
-46.879
-51.9844
-56.8541
-61.4797
-65.8544
-69.9605
-73.7706
-77.25
-80.3548
-83.0343
-85.249
-86.9795
-88.2697
-89.207
-89.8284
-90.1052
-90.0044
-89.4948
-88.5422
-87.1092
-85.155
-82.6351
-79.4977
-75.6808
-71.1068
-65.6894
-59.7519
27.6102
31.2472
34.9834
38.4817
41.3635
43.6564
45.2252
46.0048
46.149
45.8446
45.2485
44.5188
43.7484
42.9873
42.2699
41.6004
40.9743
40.3847
39.8174
39.2563
38.6853
38.0858
37.4351
36.7238
35.9819
35.2543
34.5624
33.915
33.3222
32.7956
32.3467
31.9879
31.7296
31.5806
31.5472
31.6323
31.8316
32.1348
32.4686
21.6003
17.31
12.1898
6.53622
0.902786
-5.13358
-11.2639
-17.2501
-23.1571
-28.8507
-34.288
-39.5023
-44.4629
-49.1828
-53.6736
-57.9284
-61.9416
-65.6977
-69.1722
-72.3345
-75.1456
-77.5611
-79.5474
-81.0898
-82.2314
-83.0546
-83.5947
-83.8282
-83.7279
-83.2688
-82.423
-81.1601
-79.446
-77.2428
-74.5047
-71.1747
-67.178
-62.427
-57.201
25.4535
28.9248
32.503
35.8729
38.6699
40.925
42.5095
43.3556
43.6018
43.4234
42.9655
42.373
41.7336
41.0949
40.4896
39.9232
39.393
38.8935
38.4132
37.9382
37.4547
36.9467
36.3944
35.7891
35.1563
34.5345
33.9417
33.3847
32.8712
32.4101
32.0101
31.68
31.4273
31.258
31.1757
31.1818
31.2715
31.436
31.6204
19.809
15.7378
10.8892
5.54931
0.239804
-5.43768
-11.1906
-16.7966
-22.3166
-27.6256
-32.6846
-37.5253
-42.1203
-46.482
-50.6222
-54.5349
-58.2158
-61.6511
-64.8193
-67.6932
-70.2386
-72.4165
-74.1984
-75.5737
-76.5846
-77.3078
-77.7775
-77.9745
-77.8764
-77.4633
-76.7127
-75.5999
-74.0965
-72.1706
-69.7817
-66.8777
-63.3877
-59.2251
-54.6318
23.4747
26.7855
30.2096
33.4522
36.1628
38.375
39.9665
40.8671
41.2013
41.1336
40.7981
40.3273
39.8041
39.2738
38.7675
38.2919
37.8457
37.425
37.0203
36.6199
36.2122
35.7832
35.3157
34.8019
34.2633
33.7327
33.2251
32.7459
32.3009
31.8968
31.5398
31.2365
30.9917
30.8093
30.691
30.6366
30.6408
30.6958
30.7611
18.175
14.314
9.72518
4.68436
-0.317102
-5.65419
-11.0501
-16.2971
-21.4527
-26.4005
-31.1052
-35.5971
-39.8515
-43.8808
-47.6966
-51.2937
-54.6689
-57.8104
-60.6992
-63.3111
-65.6162
-67.5803
-69.1794
-70.4063
-71.302
-71.9381
-72.3471
-72.5136
-72.4191
-72.0479
-71.3822
-70.4018
-69.0835
-67.4002
-65.3165
-62.7849
-59.7391
-56.0952
-52.063
21.6601
24.8155
28.0893
31.2061
33.8288
35.9932
37.5831
38.5272
38.9359
38.9647
38.7369
38.3737
37.953
37.5182
37.099
36.7029
36.3302
35.978
35.6388
35.3031
34.9606
34.5997
34.2053
33.7703
33.3126
32.8604
32.4261
32.0138
31.6278
31.2731
30.9543
30.6757
30.4405
30.2508
30.1068
30.0071
29.946
29.9156
29.8877
16.6858
13.0265
8.68607
3.9302
-0.77841
-5.79265
-10.8508
-15.7589
-20.5714
-25.18
-29.5529
-33.7191
-37.6564
-41.3773
-44.8926
-48.1986
-51.293
-54.1654
-56.7992
-59.1732
-61.261
-63.0328
-64.4687
-65.5641
-66.3585
-66.9188
-67.2755
-67.4164
-67.3267
-66.9939
-66.4039
-65.5406
-64.3848
-62.9137
-61.0964
-58.8904
-56.2335
-53.046
-49.5104
19.997
23.002
26.1294
29.1217
31.6551
33.7673
35.3479
36.3248
36.7954
36.9073
36.7739
36.505
36.1742
35.8232
35.4801
35.1535
34.8446
34.5519
34.2694
33.9892
33.7029
33.4005
33.0688
32.7015
32.3134
31.9284
31.557
31.2021
30.8669
30.5551
30.27
30.0143
29.7898
29.5974
29.4361
29.3034
29.1934
29.0979
28.9982
15.3298
11.8638
7.76084
3.27644
-1.15386
-5.862
-10.6005
-15.1889
-19.6782
-23.9682
-28.0303
-31.8922
-35.5343
-38.9687
-42.2061
-45.2437
-48.0799
-50.7059
-53.1071
-55.2651
-57.1565
-58.7556
-60.0457
-61.0245
-61.73
-62.2243
-62.5362
-62.6561
-62.572
-62.2742
-61.7519
-60.992
-59.9789
-58.6936
-57.109
-55.1872
-52.8706
-50.0843
-46.9876
18.4737
21.3332
24.3181
27.1873
29.6303
31.6862
33.2499
34.2498
34.7699
34.9525
34.9012
34.7147
34.4621
34.1841
33.9073
33.641
33.3874
33.146
32.9124
32.68
32.4419
32.1895
31.9116
31.6022
31.2739
30.9465
30.6288
30.3232
30.0319
29.7574
29.502
29.2674
29.0543
28.8626
28.6906
28.535
28.3895
28.2455
28.092
14.0967
10.8159
6.93972
2.71378
-1.45219
-5.87028
-10.3065
-14.5932
-18.7781
-22.7689
-26.5395
-30.1169
-33.4839
-36.6526
-39.6328
-42.4225
-45.0214
-47.4217
-49.6109
-51.5726
-53.2867
-54.7305
-55.8906
-56.7663
-57.3937
-57.8307
-58.1044
-58.2071
-58.1293
-57.8637
-57.4018
-56.7334
-55.8458
-54.7231
-53.3419
-51.6681
-49.6492
-47.2152
-44.5056
17.0795
19.7981
22.6443
25.3918
27.7434
29.7391
31.279
32.2926
32.8504
33.0924
33.1122
32.9967
32.8118
32.5969
32.3775
32.1633
31.9574
31.7602
31.5684
31.377
31.1801
30.9704
30.7385
30.4788
30.2015
29.9234
29.6518
29.3884
29.1348
28.8927
28.6636
28.4484
28.2472
28.0589
27.8814
27.7109
27.5407
27.3617
27.1693
12.9767
9.87332
6.21369
2.23387
-1.68103
-5.82425
-9.97458
-13.9769
-17.8748
-21.5847
-25.0822
-28.3934
-31.5045
-34.4263
-37.1681
-39.729
-42.1094
-44.3031
-46.2987
-48.0823
-49.6361
-50.9406
-51.9846
-52.7691
-53.3282
-53.7156
-53.9566
-54.0455
-53.9746
-53.7385
-53.3308
-52.7435
-51.9663
-50.9861
-49.7825
-48.3254
-46.5667
-44.4419
-42.0735
15.8047
18.3869
21.098
23.7251
25.9843
27.9161
29.4253
30.444
31.0283
31.3201
31.4011
31.3461
31.2188
31.0579
30.888
30.7186
30.5536
30.3943
30.2383
30.0818
29.9199
29.7468
29.554
29.3367
29.103
28.867
28.6348
28.4076
28.1865
27.9727
27.7669
27.5696
27.3802
27.1974
27.0186
26.8394
26.6531
26.4502
26.2308
11.9599
9.0265
5.57349
1.82796
-1.84861
-5.73103
-9.61077
-13.3445
-16.9715
-20.4178
-23.6588
-26.7215
-29.5948
-32.2875
-34.808
-37.1572
-39.3366
-41.3407
-43.1595
-44.7811
-46.1901
-47.3695
-48.31
-49.0137
-49.5131
-49.8576
-50.071
-50.1489
-50.0854
-49.8765
-49.5176
-49.0022
-48.3225
-47.4672
-46.419
-45.1512
-43.6201
-41.7665
-39.6983
14.6392
17.0898
19.6699
22.1779
24.3442
26.2084
27.6803
28.6956
29.2949
29.6289
29.7628
29.7583
29.679
29.5642
29.4364
29.3052
29.1751
29.048
28.9225
28.7957
28.6637
28.5215
28.362
28.1808
27.9843
27.7842
27.5857
27.3896
27.1967
27.0075
26.8225
26.6417
26.4641
26.2883
26.1112
25.9284
25.7328
25.5148
25.2781
11.0367
8.26517
5.00891
1.48586
-1.96413
-5.59975
-9.22288
-12.7022
-16.0725
-19.2716
-22.2688
-25.0977
-27.7509
-30.2313
-32.5462
-34.6995
-36.694
-38.5244
-40.182
-41.6564
-42.9345
-44.0014
-44.8497
-45.4822
-45.9293
-46.2368
-46.427
-46.4964
-46.4407
-46.2569
-45.9418
-45.4906
-44.8968
-44.1513
-43.2391
-42.1368
-40.805
-39.1893
-37.3851
13.5733
15.8974
18.3509
20.742
22.8155
24.6093
26.0379
27.0413
27.6407
28.0109
28.1915
28.2282
28.1883
28.1122
28.0205
27.9219
27.8213
27.7215
27.6218
27.52
27.4132
27.2971
27.1659
27.0154
26.8505
26.6812
26.5115
26.3421
26.1735
26.0059
25.8395
25.6739
25.5081
25.3402
25.1673
24.9847
24.7854
24.5592
24.3131
10.2007
7.58333
4.51394
1.20158
-2.03412
-5.43693
-8.81714
-12.0563
-15.1841
-18.1515
-20.9133
-23.5196
-25.9686
-28.2521
-30.3756
-32.3476
-34.172
-35.8433
-37.3537
-38.6947
-39.8546
-40.8208
-41.5874
-42.1571
-42.5589
-42.8347
-43.0055
-43.0689
-43.0212
-42.861
-42.5856
-42.1917
-41.674
-41.0253
-40.2326
-39.2752
-38.1176
-36.7107
-35.1386
12.6006
14.8027
17.1339
19.4098
21.3911
23.1117
24.493
25.4774
26.0594
26.4601
26.6815
26.7506
26.742
26.6984
26.6372
26.5661
26.4906
26.4138
26.336
26.2554
26.1699
26.076
25.9687
25.8443
25.7065
25.5634
25.4185
25.2722
25.1246
24.976
24.8264
24.6749
24.5205
24.3614
24.1945
24.0151
23.8162
23.5874
23.338
9.45198
6.98247
4.09184
0.979425
-2.05385
-5.23711
-8.38957
-11.4046
-14.3064
-17.0537
-19.5964
-21.9996
-24.2599
-26.3568
-28.2991
-30.1016
-31.768
-33.2918
-34.6663
-35.8851
-36.9378
-37.8135
-38.507
-39.0214
-39.3837
-39.6326
-39.7875
-39.8467
-39.8074
-39.669
-39.4297
-39.0869
-38.6371
-38.0739
-37.3862
-36.5561
-35.5516
-34.3282
-32.9601
11.7198
13.8032
16.0133
18.1733
20.0603
21.7022
23.0323
23.9922
24.549
24.9812
25.2346
25.3242
25.3389
25.322
25.2857
25.2369
25.1819
25.1242
25.0645
25.0018
24.9341
24.859
24.7721
24.6699
24.5551
24.4347
24.3111
24.1849
24.0559
23.9243
23.7898
23.6515
23.5084
23.3586
23.1991
23.0253
22.8302
22.6034
22.3561
8.78541
6.45811
3.74002
0.818379
-2.02161
-4.99581
-7.93164
-10.7382
-13.4273
-15.966
-18.3086
-20.5434
-22.6363
-24.5504
-26.3163
-27.9597
-29.4793
-30.8655
-32.1138
-33.2198
-34.1748
-34.9684
-35.5962
-36.0618
-36.3898
-36.6159
-36.7584
-36.8155
-36.7852
-36.668
-36.4621
-36.1654
-35.776
-35.2884
-34.6931
-33.9745
-33.1042
-32.0421
-30.8538
10.9258
12.8932
14.9829
17.0244
18.8129
20.3665
21.6403
22.5612
23.0931
23.5792
23.8567
23.9491
23.9787
23.9845
23.9688
23.9378
23.8991
23.857
23.8123
23.764
23.7111
23.6514
23.5813
23.4977
23.4024
23.3009
23.1956
23.0866
22.9738
22.8572
22.7364
22.6106
22.4786
22.3383
22.1872
22.0205
21.8316
21.6098
21.3678
8.27111
6.05377
3.46432
0.694892
-1.98557
-4.77719
-7.50084
-10.0871
-12.5167
-14.8278
-16.8304
-18.9592
-20.9966
-22.8022
-24.4628
-26.0242
-27.4714
-28.788
-29.9718
-31.0205
-31.9253
-32.6763
-33.2691
-33.708
-34.0166
-34.2291
-34.3639
-34.4191
-34.3954
-34.2937
-34.1054
-33.838
-33.4889
-33.0524
-32.5196
-31.8768
-31.0986
-30.1486
-29.0872
10.3117
12.1817
14.168
16.0872
17.7559
19.169
20.3012
21.0461
21.483
22.1888
22.5698
22.6922
22.7583
22.8056
22.8228
22.8167
22.7989
22.7754
22.7473
22.7146
22.6767
22.632
22.5777
22.5109
22.4327
22.3473
22.2567
22.1611
22.0606
21.9549
21.8439
21.7267
21.6022
21.4688
21.3236
21.162
20.9776
20.7596
20.5223
7.86397
5.73569
3.25132
0.607611
-1.93409
-4.55591
-7.07401
-9.42922
-11.5708
-13.6278
-15.2093
-17.3011
-19.3613
-21.1101
-22.7128
-24.2416
-25.6644
-26.9561
-28.1159
-29.1429
-30.0284
-30.7621
-31.3397
-31.7661
-32.0652
-32.2711
-32.4033
-32.4584
-32.4402
-32.3508
-32.1695
-31.9189
-31.5959
-31.1926
-30.7007
-30.1087
-29.3937
-28.5206
-27.545
9.82081
11.606
13.4926
15.2859
16.8168
18.0533
18.9893
19.4857
19.7767
20.7872
21.3347
21.5151
21.6341
21.7363
21.7966
21.8223
21.83
21.8283
21.8193
21.8036
21.7816
21.7527
21.7146
21.6645
21.6027
21.5321
21.4546
21.3706
21.2803
21.1834
21.0797
20.9685
20.8487
20.7189
20.5762
20.4162
20.2326
20.0137
19.774
7.46822
5.4304
3.05325
0.537732
-1.86352
-4.31341
-6.62833
-8.75465
-10.6227
-12.4292
-13.6158
-15.6523
-17.7229
-19.4133
-20.9513
-22.4392
-23.8325
-25.0957
-26.2286
-27.232
-28.0974
-28.8132
-29.3763
-29.7912
-30.0818
-30.2822
-30.4127
-30.4687
-30.4572
-30.382
-30.2102
-29.9788
-29.6848
-29.3169
-28.8675
-28.3272
-27.6754
-26.8801
-26.0012
9.33994
11.0402
12.8268
14.4952
15.8919
16.9544
17.703
17.9626
18.109
19.3663
20.0773
20.3161
20.4796
20.6307
20.7324
20.7886
20.8206
20.8394
20.8487
20.8496
20.843
20.8291
20.8067
20.7729
20.727
20.6708
20.606
20.5333
20.4528
20.3646
20.2687
20.1645
20.0511
19.9269
19.7893
19.6338
19.454
19.2388
19.0081
7.08604
5.13917
2.87056
0.484031
-1.77621
-4.05367
-6.16941
-8.06923
-9.67998
-11.2294
-12.0629
-14.0211
-16.08
-17.7123
-19.1832
-20.6223
-21.9804
-23.212
-24.3156
-25.2936
-26.1375
-26.8353
-27.3842
-27.7884
-28.0717
-28.2676
-28.3968
-28.4532
-28.4475
-28.3838
-28.2183
-28.0018
-27.7318
-27.3943
-26.9826
-26.4895
-25.8959
-25.1682
-24.3512
8.87204
10.4881
12.1752
13.721
14.9876
15.879
16.4504
16.4822
16.4903
17.9288
18.7937
19.0961
19.2981
19.4915
19.6316
19.7175
19.7724
19.8104
19.8364
19.8528
19.8608
19.8614
19.8539
19.8359
19.8057
19.7638
19.712
19.6506
19.5798
19.4997
19.4097
19.3098
19.1991
19.0766
18.94
18.7853
18.6059
18.3879
18.1429
6.72092
4.86456
2.70475
0.446745
-1.67348
-3.78004
-5.70215
-7.37946
-8.7498
-10.0343
-10.5602
-12.4164
-14.4361
-16.007
-17.4094
-18.7933
-20.1096
-21.3061
-22.3784
-23.3297
-24.1517
-24.8321
-25.3669
-25.7608
-26.0378
-26.2321
-26.3652
-26.4295
-26.4389
-26.3976
-26.2516
-26.0627
-25.8279
-25.5307
-25.1642
-24.7227
-24.1917
-23.5475
-22.8611
8.42144
9.95456
11.5435
12.9697
14.1104
14.8328
15.236
15.0404
14.9188
16.4778
17.4802
17.8515
18.0899
18.3193
18.4938
18.6079
18.685
18.7417
18.784
18.8148
18.8364
18.8504
18.8567
18.8533
18.8376
18.8092
18.7697
18.7204
18.6618
18.5944
18.5181
18.4325
18.3363
18.2278
18.1043
17.9614
17.794
17.5944
17.3965
6.37578
4.60841
2.55579
0.424527
-1.55836
-3.49746
-5.23325
-6.69406
-7.84056
-8.85261
-9.11403
-10.8441
-12.7939
-14.2971
-15.6302
-16.9533
-18.2217
-19.3793
-20.4182
-21.3414
-22.1415
-22.8063
-23.3305
-23.7167
-23.9859
-24.1718
-24.2968
-24.353
-24.3572
-24.3144
-24.1642
-23.9792
-23.7575
-23.4815
-23.1452
-22.7441
-22.2593
-21.6516
-20.9341
7.99239
9.44485
10.9373
12.2481
13.2665
13.8214
14.0642
13.6338
13.3875
15.0148
16.1349
16.5784
16.8544
17.117
17.3223
17.4607
17.557
17.6308
17.6897
17.7361
17.7722
17.8
17.8205
17.832
17.8308
17.815
17.7851
17.7416
17.6849
17.6147
17.5316
17.4362
17.329
17.21
17.078
16.9287
16.7532
16.5292
16.2485
6.05397
4.3713
2.42144
0.412134
-1.43738
-3.21427
-4.77086
-6.02168
-6.95892
-7.69268
-7.72979
-9.30877
-11.1575
-12.5837
-13.8442
-15.1009
-16.316
-17.4319
-18.436
-19.3298
-20.106
-20.7528
-21.2671
-21.6554
-21.9401
-22.1511
-22.3091
-22.4046
-22.4559
-22.467
-22.3671
-22.2351
-22.0689
-21.8481
-21.5663
-21.2231
-20.815
-20.3409
-19.9117
7.59073
8.9663
10.3648
11.5644
12.4602
12.8445
12.9297
12.2496
11.8785
13.5379
14.7582
15.2716
15.5844
15.8804
16.1201
16.2849
16.3974
16.4811
16.5485
16.6047
16.6524
16.6935
16.7288
16.7569
16.7746
16.7809
16.7767
16.7636
16.7423
16.7127
16.6741
16.6249
16.5624
16.4836
16.3861
16.267
16.1274
15.9754
15.8806
5.75936
4.15406
2.29849
0.402638
-1.32041
-2.94236
-4.32499
-5.36954
-6.10918
-6.56199
-6.41001
-7.81279
-9.52983
-10.8674
-12.0495
-13.232
-14.3862
-15.4569
-16.4282
-17.2984
-18.0577
-18.6891
-19.1803
-19.5284
-19.7593
-19.9137
-20.0158
-20.0565
-20.0553
-20.016
-19.8729
-19.7121
-19.5314
-19.311
-19.0448
-18.7273
-18.3298
-17.7864
-17.0324
7.22298
8.52738
9.83645
10.9296
11.6973
11.9028
11.8269
10.8734
10.3632
12.0345
13.3514
13.9369
14.2795
14.5953
14.8635
15.0648
15.213
15.3233
15.4056
15.4676
15.5163
15.5572
15.593
15.6203
15.6312
15.621
15.591
15.5425
15.4766
15.3942
15.2974
15.1891
15.0719
14.9486
14.8184
14.674
14.4948
14.2333
13.8278
5.4957
3.96127
2.19151
0.398167
-1.20955
-2.68985
-3.90759
-4.75535
-5.31187
-5.4805
-5.15863
-6.35735
-7.91246
-9.14857
-10.2467
-11.3471
-12.428
-13.4394
-14.3663
-15.2089
-15.963
-16.6211
-17.1814
-17.6441
-18.0121
-18.3005
-18.5343
-18.706
-18.8436
-18.9473
-18.9256
-18.8745
-18.7954
-18.6637
-18.4751
-18.2383
-17.9786
-17.7454
-17.7467
6.89212
8.1315
9.35838
10.3548
10.9934
11.0268
10.7914
9.51255
8.8126
10.4762
11.8929
12.5766
12.9776
13.3103
13.5648
13.7471
13.8951
14.0341
14.1663
14.2859
14.3899
14.4798
14.561
14.6407
14.7235
14.8042
14.8769
14.9411
14.9961
15.0406
15.0719
15.0862
15.08
15.049
14.9917
14.9107
14.8275
14.7903
14.9418
5.26517
3.79764
2.10805
0.408066
-1.09788
-2.45733
-3.53206
-4.21575
-4.61474
-4.48215
-3.98335
-4.95248
-6.3099
-7.41958
-8.42511
-9.44655
-10.46
-11.4125
-12.2807
-13.0547
-13.7185
-14.2484
-14.6222
-14.8367
-14.9462
-15.0175
-15.064
-15.0674
-15.037
-14.9813
-14.8336
-14.6813
-14.5283
-14.3588
-14.1625
-13.9222
-13.5757
-12.9963
-11.9707
6.59857
7.77816
8.93194
9.84586
10.3671
10.2693
9.87964
8.17176
7.21282
8.85115
10.3236
11.0941
11.6169
12.0855
12.4357
12.6272
12.6931
12.6925
12.6731
12.6611
12.6658
12.688
12.7205
12.7407
12.721
12.6661
12.5919
12.5028
12.4003
12.2874
12.168
12.047
11.9282
11.8118
11.6953
11.5637
11.3679
11.0086
10.3295
5.07078
3.64994
2.01951
0.394849
-1.02474
-2.27739
-3.22012
-3.76454
-4.00213
-3.53263
-2.86919
-3.61923
-4.75178
-5.68702
-6.55222
-7.46436
-8.41581
-9.36671
-10.2968
-11.1992
-12.0692
-12.9045
-13.7036
-14.4471
-15.0584
-15.5105
-15.8726
-16.1608
-16.435
-16.6864
-16.811
-16.8787
-16.9043
-16.8754
-16.7933
-16.6833
-16.6259
-16.7612
-17.4641
6.35937
7.49271
8.58369
9.41559
9.81073
9.58725
8.95021
6.69306
5.52341
7.22244
8.70465
9.42536
9.89347
10.3873
10.9256
11.469
11.9789
12.4111
12.7423
12.976
13.1318
13.2337
13.3155
13.4301
13.6158
13.8342
14.0361
14.2121
14.3636
14.4899
14.5867
14.6484
14.6726
14.6607
14.6218
14.5784
14.5917
14.7772
15.3841
4.92465
3.48705
1.84731
0.241865
-1.1221
-2.26381
-3.03104
-3.36258
-3.30302
-2.44944
-1.73999
-2.33154
-3.27264
-4.04169
-4.71495
-5.37487
-6.02617
-6.64947
-7.22929
-7.7474
-8.16599
-8.42292
-8.47543
-8.3465
-8.21382
-8.17848
-8.19204
-8.16522
-8.08043
-7.99369
-7.81107
-7.65954
-7.56385
-7.47452
-7.3653
-7.21538
-6.90832
-6.24235
-4.7539
6.22252
7.34811
8.39526
9.1199
9.31514
8.81522
7.59608
4.73757
3.58874
5.54724
7.29759
8.24511
8.66358
8.70663
8.45475
8.05384
7.64913
7.3557
7.20513
7.18017
7.24642
7.37472
7.52152
7.6021
7.54663
7.4206
7.30408
7.2032
7.11201
7.02764
6.9565
6.90592
6.87943
6.87462
6.87763
6.85206
6.70084
6.23765
5.16591
4.84735
3.33388
1.61554
-0.0389477
-1.39617
-2.44621
-3.01993
-3.06469
-2.56949
-1.32344
-0.591058
-0.966671
-1.6963
-2.4552
-3.26865
-4.14918
-5.09701
-6.11027
-7.19552
-8.37024
-9.66044
-11.0751
-12.5384
-13.8781
-14.8138
-15.3607
-15.8795
-16.3033
-16.9767
-18.0267
-17.6339
-17.5776
-17.7932
-17.9302
-17.9423
-17.9449
-18.1211
-18.7102
-20.1909
6.20466
7.3639
8.39852
9.01846
8.98291
8.08707
6.05195
2.67557
1.32947
3.07988
5.11599
7.14185
9.12392
11.0268
12.6359
13.8232
14.6106
15.0298
15.1709
15.1346
15.0043
14.8431
14.7398
14.8461
15.2326
15.6895
16.0419
16.3042
16.5136
16.6785
16.7878
16.835
16.8232
16.7639
16.6834
16.6352
16.7547
17.2503
18.4776
708.947
688.496
664.199
637.224
607.688
576.159
543.508
510.599
478.045
446.158
415.071
384.85
355.552
327.233
299.942
273.726
248.615
224.629
201.779
180.065
159.476
139.996
121.601
104.266
87.9579
72.6464
58.2992
44.8847
32.3766
20.7464
9.97008
0.0261774
-9.10779
-17.4498
-25.018
-31.8318
-37.9098
-43.2734
-47.9449
-51.9491
-55.3124
-58.0651
-60.2394
-61.8685
-62.9896
-63.6407
-63.8606
-63.6888
-63.1654
-62.3301
-61.2216
-59.877
-58.332
-56.6203
-54.7729
-52.8185
-50.7834
-48.6908
-46.5614
-44.4135
-42.2626
-40.1222
-38.0035
-35.9153
-33.8662
-31.8602
-29.9052
-28.2524
-26.7817
-25.3304
-23.7155
-22.3661
-20.3626
-19.6487
-16.4127
-17.8212
-11.1766
-17.9631
-3.84168
-21.1572
708.351
685.372
658.534
630.833
602.184
573.053
544.02
515.45
487.524
460.344
433.972
408.468
383.885
360.268
337.653
316.067
295.524
276.033
257.589
240.178
223.782
208.372
193.917
180.381
167.725
155.911
144.898
134.648
125.123
116.288
108.111
100.559
93.6
87.206
81.3483
75.9982
71.1275
66.7074
62.7091
59.1029
55.8591
52.9478
50.3386
48.0016
45.9074
44.0273
42.3337
40.8002
39.4022
38.1171
36.9241
35.8046
34.7422
33.7227
32.7339
31.7658
30.8101
29.8604
28.912
27.9613
27.0064
26.0458
25.0793
24.1071
23.1297
22.1497
21.1653
20.3248
19.5719
18.8194
17.9309
17.2452
15.9966
15.8259
13.4765
15.0643
9.82402
15.7522
4.4843
19.0093
266.331
263.475
262.669
261.827
260.513
258.625
256.015
252.549
248.138
242.755
236.416
229.164
221.059
212.168
202.565
192.329
181.55
170.321
158.734
146.889
134.882
122.807
110.755
98.8087
87.0474
75.5405
64.3496
53.5277
43.1218
33.1685
23.6995
14.7408
6.311
-1.57372
-8.9015
-15.665
-21.8594
-27.4839
-32.5405
-37.0344
-40.9745
-44.3735
-47.2474
-49.6143
-51.4974
-52.9221
-53.9153
-54.507
-54.7288
-54.6131
-54.1931
-53.5016
-52.5712
-51.4335
-50.1187
-48.6554
-47.0704
-45.3882
-43.6312
-41.8196
-39.9715
-38.1023
-36.226
-34.3538
-32.4965
-30.661
-28.8554
-27.3211
-25.9442
-24.5924
-23.0533
-21.8039
-19.8529
-19.2357
-16.0534
-17.4917
-11.0315
-17.5773
-4.09416
-20.5623
268.113
268.647
271.38
274.252
276.233
277.254
277.262
276.201
274.08
270.95
266.873
261.913
256.144
249.64
242.484
234.763
226.565
217.979
209.102
200.024
190.832
181.61
172.436
163.379
154.502
145.857
137.489
129.435
121.72
114.366
107.387
100.791
94.5814
88.7572
83.3155
78.2493
73.5499
69.206
65.2047
61.5311
58.1688
55.1002
52.3058
49.7655
47.4585
45.3634
43.4584
41.7224
40.1343
38.6741
37.323
36.0631
34.8784
33.7543
32.6778
31.6378
30.6248
29.631
28.65
27.6769
26.7078
25.7404
24.7727
23.8042
22.8342
21.8648
20.8927
20.0657
19.323
18.5876
17.7069
17.045
15.8027
15.6496
13.3403
14.8684
9.8204
15.4569
4.69015
18.5002
120.452
119.24
118.217
117.009
115.789
114.629
113.529
112.473
111.438
110.396
109.3
108.099
106.738
105.158
103.309
101.139
98.6094
95.686
92.343
88.5667
84.3548
79.715
74.666
69.2386
63.4712
57.4118
51.1143
44.6373
38.0434
31.3951
24.7548
18.1837
11.7381
5.47159
-0.567383
-6.33595
-11.7964
-16.9167
-21.6704
-26.0362
-29.9988
-33.5486
-36.6807
-39.3939
-41.6939
-43.5896
-45.0939
-46.2233
-46.9975
-47.4388
-47.5712
-47.4203
-47.0129
-46.3755
-45.535
-44.5177
-43.3485
-42.0516
-40.6492
-39.1621
-37.6094
-36.0079
-34.3733
-32.7183
-31.0555
-29.3944
-27.7423
-26.3306
-25.0523
-23.8013
-22.3494
-21.1896
-19.3263
-18.7539
-15.7259
-17.0485
-10.9917
-17.0152
-4.48457
-19.7142
120.938
120.806
121.162
121.627
122.28
123.244
124.462
125.863
127.389
128.977
130.553
132.041
133.373
134.48
135.304
135.791
135.898
135.59
134.842
133.644
131.993
129.899
127.381
124.471
121.206
117.63
113.792
109.745
105.541
101.232
96.869
92.4995
88.1658
83.9067
79.7552
75.7392
71.8815
68.1998
64.7073
61.4125
58.3201
55.4312
52.7431
50.2506
47.9457
45.8183
43.8569
42.048
40.3779
38.8321
37.396
36.0553
34.7964
33.6061
32.4727
31.3853
30.3343
29.3115
28.31
27.3239
26.3486
25.3804
24.4169
23.4565
22.4978
21.5425
20.5858
19.7746
19.0453
18.3274
17.4621
16.8152
15.6044
15.4307
13.2296
14.603
9.87872
15.0597
4.97986
17.8996
121.54
120.895
120.041
118.904
117.501
115.817
113.867
111.687
109.309
106.763
104.062
101.223
98.2577
95.1773
91.992
88.7066
85.3255
81.849
78.2723
74.5896
70.7934
66.8739
62.8218
58.6298
54.2921
49.8076
45.1796
40.4164
35.5336
30.5508
25.4942
20.3954
15.2884
10.2111
5.20282
0.303171
-4.44876
-9.01615
-13.3642
-17.4618
-21.2821
-24.803
-28.0064
-30.8786
-33.4123
-35.6035
-37.4532
-38.9666
-40.1525
-41.0235
-41.595
-41.8848
-41.9129
-41.7005
-41.2698
-40.6437
-39.8446
-38.8947
-37.8154
-36.627
-35.3486
-33.9978
-32.591
-31.1422
-29.6649
-28.1712
-26.6672
-25.373
-24.1873
-23.0305
-21.6607
-20.5867
-18.8029
-18.2851
-15.3757
-16.6487
-10.8654
-16.5781
-4.64957
-19.1237
121.895
122.033
122.068
121.916
121.613
121.172
120.588
119.888
119.102
118.25
117.351
116.418
115.462
114.491
113.507
112.51
111.492
110.443
109.347
108.186
106.941
105.591
104.114
102.495
100.718
98.7726
96.6542
94.3639
91.9082
89.2996
86.5562
83.6997
80.7553
77.7505
74.7137
71.673
68.6555
65.6861
62.7875
59.9787
57.2757
54.6912
52.2339
49.9093
47.7201
45.6655
43.7426
41.9461
40.2687
38.702
37.2365
35.8619
34.5677
33.3436
32.1795
31.0656
29.9934
28.9547
27.9427
26.9512
25.9754
25.011
24.0549
23.1051
22.1594
21.2191
20.2785
19.4828
18.7659
18.0641
17.213
16.5817
15.3958
15.2164
13.0881
14.3749
9.85217
14.7672
5.09011
17.5076
110.654
110.047
109.36
108.594
107.717
106.698
105.524
104.191
102.693
101.023
99.1706
97.1275
94.8877
92.4476
89.8073
86.9684
83.9364
80.7191
77.326
73.7691
70.0617
66.2173
62.25
58.1739
54.002
49.7473
45.4216
41.0365
36.6041
32.136
27.6453
23.1472
18.6575
14.1949
9.78018
5.43603
1.18686
-2.9421
-6.92453
-10.7348
-14.3483
-17.7425
-20.8971
-23.7943
-26.4203
-28.764
-30.8186
-32.5813
-34.0525
-35.2369
-36.1421
-36.7787
-37.1599
-37.3011
-37.2195
-36.9335
-36.462
-35.8245
-35.0405
-34.1289
-33.1079
-31.995
-30.8065
-29.5572
-28.261
-26.9318
-25.5746
-24.3971
-23.3033
-22.2402
-20.9523
-19.9657
-18.2567
-17.8068
-14.99
-16.2641
-10.6687
-16.2022
-4.68514
-18.6575
111.031
111.231
111.429
111.633
111.816
111.932
111.953
111.868
111.666
111.339
110.88
110.283
109.547
108.672
107.661
106.518
105.25
103.867
102.378
100.793
99.1231
97.3772
95.5634
93.688
91.7557
89.7697
87.731
85.6401
83.4971
81.302
79.0563
76.7623
74.4244
72.0494
69.646
67.2251
64.7992
62.3818
59.9871
57.6293
55.3221
53.0777
50.9069
48.8187
46.8196
44.9143
43.105
41.3919
39.773
38.2449
36.8026
35.4401
34.1502
32.9256
31.7586
30.6414
29.5666
28.5271
27.5167
26.5296
25.5608
24.6062
23.6623
22.7269
21.7972
20.8745
19.9519
19.1729
18.4692
17.7841
16.9474
16.3336
15.1689
14.9948
12.9177
14.158
9.77125
14.5164
5.10871
17.1883
85.2699
84.6986
84.1005
83.4739
82.7894
82.0366
81.2126
80.3177
79.3531
78.3155
77.1985
75.9941
74.6922
73.2831
71.7563
70.1013
68.3085
66.3691
64.2756
62.0222
59.6057
57.0245
54.2803
51.3774
48.3225
45.1252
41.7971
38.3514
34.8038
31.1702
27.468
23.7155
19.9311
16.1337
12.3433
8.57966
4.86371
1.21627
-2.34089
-5.7865
-9.09921
-12.2584
-15.2442
-18.0375
-20.6223
-22.9841
-25.1116
-26.9963
-28.6327
-30.0187
-31.1556
-32.0471
-32.7003
-33.1244
-33.3312
-33.3342
-33.148
-32.7887
-32.2726
-31.6166
-30.8373
-29.9508
-28.9729
-27.9185
-26.8009
-25.6357
-24.426
-23.3671
-22.3678
-21.4012
-20.199
-19.3027
-17.6731
-17.2936
-14.5741
-15.8502
-10.4488
-15.7968
-4.70658
-18.1505
85.5702
85.6403
85.7456
85.8941
86.0657
86.2432
86.4167
86.5812
86.7302
86.8579
86.9574
87.0198
87.0355
86.9937
86.8842
86.6963
86.4198
86.0455
85.5658
84.9749
84.2683
83.4441
82.5026
81.446
80.2783
79.0054
77.6339
76.1717
74.6269
73.0076
71.3222
69.5784
67.7841
65.9467
64.0738
62.1734
60.2533
58.3223
56.3891
54.4631
52.5538
50.6706
48.8224
47.0178
45.2641
43.5675
41.9328
40.3633
38.8607
37.4252
36.0556
34.7494
33.5031
32.3121
31.1714
30.0756
29.019
27.9961
27.0017
26.0306
25.0786
24.1417
23.2165
22.3008
21.3917
20.4904
19.5893
18.8295
18.1415
17.4749
16.6554
16.0604
14.9195
14.7515
12.7285
13.9208
9.67642
14.2409
5.12378
16.8296
65.9886
65.5402
65.0762
64.5818
64.033
63.4247
62.7548
62.0242
61.2393
60.4033
59.516
58.5752
57.5778
56.5206
55.3999
54.2113
52.9499
51.6107
50.1873
48.6733
47.0625
45.3484
43.5247
41.5861
39.5283
37.3489
35.0467
32.6228
30.081
27.427
24.6693
21.8191
18.8889
15.8939
12.8506
9.77712
6.69254
3.6166
0.570265
-2.4257
-5.35033
-8.18304
-10.9038
-13.493
-15.9333
-18.208
-20.3027
-22.2052
-23.9054
-25.3965
-26.6739
-27.7362
-28.5846
-29.2229
-29.6573
-29.8964
-29.9504
-29.8311
-29.5517
-29.1259
-28.568
-27.8926
-27.1139
-26.2461
-25.3017
-24.2973
-23.2336
-22.2933
-21.3895
-20.5204
-19.4067
-18.6016
-17.0562
-16.7457
-14.1332
-15.4023
-10.2138
-15.3535
-4.71979
-17.5944
66.2359
66.3172
66.4301
66.5629
66.7043
66.848
66.9889
67.1256
67.2573
67.3844
67.5068
67.6228
67.7303
67.8266
67.9089
67.9732
68.0144
68.0263
68.0028
67.9367
67.82
67.6443
67.4017
67.0847
66.6865
66.2009
65.6237
64.9522
64.1855
63.324
62.3705
61.3289
60.2046
59.0044
57.7355
56.4061
55.0248
53.6004
52.142
50.6585
49.1592
47.6529
46.1484
44.6539
43.177
41.725
40.304
38.9189
37.5737
36.2713
35.0131
33.7996
32.6301
31.5027
30.4151
29.3639
28.3458
27.3566
26.3926
25.4499
24.5248
23.6141
22.7147
21.8247
20.941
20.0653
19.1894
18.4517
17.7818
17.1357
16.3361
15.761
14.6476
14.4845
12.5222
13.6597
9.57042
13.9374
5.13654
16.4375
54.5899
54.2535
53.9036
53.5291
53.1136
52.6526
52.1414
51.577
50.9624
50.3009
49.5919
48.833
48.0215
47.1547
46.2303
45.2455
44.1981
43.0861
41.9071
40.6589
39.3397
37.9472
36.4789
34.9327
33.3062
31.5975
29.8043
27.9252
25.9596
23.9074
21.7701
19.5509
17.2543
14.8867
12.4567
9.97497
7.45385
4.90736
2.35142
-0.197204
-2.72073
-5.20087
-7.61917
-9.95694
-12.1967
-14.3211
-16.3144
-18.1624
-19.8522
-21.3736
-22.7183
-23.8805
-24.8569
-25.6466
-26.2513
-26.6749
-26.9232
-27.0042
-26.9271
-26.7026
-26.3424
-25.8584
-25.2634
-24.5703
-23.79
-22.9398
-22.0178
-21.1936
-20.384
-19.6112
-18.5864
-17.8716
-16.4131
-16.1699
-13.6687
-14.9293
-9.95529
-14.8907
-4.70025
-17.0293
54.8002
54.9133
55.0499
55.1999
55.3585
55.5212
55.6812
55.8355
55.983
56.1229
56.2543
56.3757
56.4856
56.5824
56.6648
56.7314
56.7804
56.8103
56.8193
56.8054
56.7661
56.6985
56.5992
56.4646
56.2905
56.0721
55.8045
55.4831
55.103
54.6599
54.1504
53.5717
52.9224
52.2024
51.4127
50.5558
49.6354
48.6566
47.625
46.5472
45.4305
44.2824
43.1106
41.9227
40.7261
39.5281
38.3351
37.1532
35.9874
34.8419
33.7202
32.6245
31.5562
30.5157
29.5026
28.5159
27.5536
26.6136
25.6935
24.7906
23.9023
23.026
22.1594
21.3009
20.4476
19.6018
18.7546
18.0415
17.392
16.768
15.9906
15.4363
14.3533
14.195
12.296
13.3795
9.44443
13.6191
5.12642
16.0406
46.217
45.9468
45.6649
45.3662
45.0393
44.6803
44.285
43.8497
43.3742
42.8616
42.3122
41.7239
41.0939
40.4196
39.698
38.926
38.1007
37.2192
36.2787
35.2762
34.2096
33.0766
31.8753
30.6042
29.2622
27.8485
26.3626
24.8047
23.1754
21.4753
19.7062
17.8702
15.9701
14.0097
11.9939
9.92865
7.82139
5.68077
3.5171
1.34186
-0.832194
-2.99119
-5.12046
-7.20441
-9.22763
-11.1744
-13.0295
-14.7785
-16.408
-17.906
-19.2621
-20.4677
-21.5164
-22.4038
-23.1279
-23.6886
-24.088
-24.3304
-24.4215
-24.3686
-24.1805
-23.867
-23.4381
-22.9056
-22.2785
-21.5741
-20.7874
-20.0754
-19.3576
-18.6788
-17.7422
-17.116
-15.7455
-15.5686
-13.18
-14.4342
-9.66901
-14.4144
-4.64193
-16.4674
46.3965
46.5093
46.6398
46.7837
46.9387
47.1018
47.2673
47.4323
47.5959
47.7572
47.9154
48.069
48.2163
48.3558
48.4853
48.603
48.7067
48.7943
48.8636
48.9125
48.9387
48.9403
48.9153
48.8615
48.7772
48.6603
48.5085
48.32
48.0923
47.8232
47.5103
47.1513
46.744
46.2865
45.7774
45.2159
44.6018
43.9359
43.2197
42.4557
41.6473
40.7988
39.9148
39.0006
38.0619
37.1043
36.1336
35.1551
34.1742
33.1952
32.2224
31.259
30.3076
29.3701
28.4475
27.5402
26.6481
25.7704
24.9059
24.0532
23.2106
22.3767
21.5495
20.7283
19.9104
19.0985
18.2837
17.5978
16.9709
16.3707
15.6177
15.0853
14.0351
13.8825
12.0479
13.0809
9.29472
13.2895
5.08872
15.6438
38.9291
38.7029
38.4671
38.2193
37.9505
37.6573
37.337
36.9861
36.6029
36.1894
35.7477
35.2767
34.7747
34.2397
33.6695
33.0618
32.4142
31.7242
30.9893
30.2066
29.3737
28.4877
27.5461
26.5465
25.4867
24.3647
23.1792
21.929
20.6137
19.2334
17.7887
16.2812
14.713
13.0871
11.4072
9.67792
7.90475
6.0941
4.25353
2.39148
0.51744
-1.35816
-3.22399
-5.06765
-6.87653
-8.63729
-10.3365
-11.961
-13.4978
-14.9349
-16.2611
-17.4663
-18.5426
-19.4829
-20.2826
-20.9387
-21.45
-21.8177
-22.0442
-22.1339
-22.0928
-21.9277
-21.6468
-21.2598
-20.7734
-20.2052
-19.5465
-18.9417
-18.3126
-17.7249
-16.8753
-16.3357
-15.0538
-14.9417
-12.6666
-13.9157
-9.35522
-13.9216
-4.5507
-15.9024
39.0831
39.1848
39.3009
39.4293
39.5679
39.7152
39.8673
40.0218
40.1781
40.3361
40.4953
40.6552
40.8147
40.973
41.1288
41.2809
41.4277
41.5674
41.6984
41.8184
41.9254
42.017
42.0907
42.1442
42.1749
42.1804
42.1582
42.1061
42.022
41.9037
41.7495
41.5576
41.3266
41.055
40.7416
40.3857
39.9865
39.5437
39.0574
38.5281
37.9571
37.3461
36.6973
36.0135
35.2981
34.5549
33.7877
33.0008
32.1985
31.3846
30.5632
29.7377
28.9111
28.0859
27.2641
26.4471
25.6358
24.8305
24.0313
23.2376
22.4489
21.6644
20.883
20.1046
19.3268
18.5531
17.7743
17.1181
16.5161
15.9415
15.2154
14.7061
13.691
13.5452
11.7762
12.7617
9.1211
12.9455
5.0273
15.2407
32.8368
32.6472
32.4499
32.2436
32.0206
31.7784
31.5149
31.2273
30.9131
30.5727
30.2085
29.8207
29.4083
28.9697
28.5033
28.0075
27.4805
26.9206
26.3259
25.6945
25.0244
24.3135
23.5599
22.7615
21.9161
21.0219
20.077
19.0796
18.0285
16.9225
15.7609
14.5437
13.2713
11.9448
10.5662
9.13824
7.66453
6.14953
4.59882
3.01873
1.41656
-0.199536
-1.82054
-3.43643
-5.03686
-6.61061
-8.14617
-9.63185
-11.0558
-12.4066
-13.6734
-14.8456
-15.9144
-16.8713
-17.71
-18.4254
-19.0139
-19.4739
-19.8054
-20.0099
-20.0906
-20.0523
-19.9003
-19.6427
-19.2838
-18.8408
-18.3016
-17.7981
-17.2536
-16.7534
-15.9887
-15.5329
-14.3394
-14.2903
-12.1293
-13.3736
-9.01524
-13.4102
-4.43081
-15.3285
32.9696
33.0625
33.1677
33.2832
33.4074
33.5395
33.6769
33.8175
33.9611
34.1076
34.2568
34.4085
34.5622
34.7173
34.8732
35.0292
35.1845
35.3381
35.489
35.6359
35.7774
35.9121
36.0382
36.1539
36.2572
36.3457
36.4173
36.4695
36.4998
36.5058
36.4851
36.4352
36.3543
36.2401
36.091
35.9055
35.6823
35.4208
35.1202
34.7804
34.4016
33.9843
33.5296
33.0388
32.5137
31.9565
31.3698
30.7565
30.1194
29.4618
28.7869
28.0976
27.3969
26.6874
25.9714
25.2508
24.5271
23.8015
23.0746
22.347
21.6186
20.8896
20.1596
19.4288
18.6957
17.9639
17.2247
16.6009
16.026
15.4789
14.7819
14.2971
13.3195
13.1817
11.4797
12.4203
8.92353
12.5846
4.94462
14.8272
27.9552
27.7963
27.6311
27.459
27.2738
27.0735
26.8563
26.6201
26.3626
26.0824
25.7812
25.4604
25.1194
24.7569
24.3717
23.9625
23.5278
23.0661
22.5759
22.0557
21.5039
20.919
20.2992
19.6431
18.949
18.2154
17.4408
16.6239
15.7632
14.8578
13.9066
12.9092
11.8651
10.7744
9.63787
8.45661
7.23249
5.96808
4.66687
3.33309
1.97182
0.589056
-0.8084
-2.21271
-3.61556
-5.00777
-6.37964
-7.72107
-9.0216
-10.2708
-11.4585
-12.5745
-13.6095
-14.5548
-15.4029
-16.1474
-16.783
-17.3061
-17.7146
-18.0078
-18.1866
-18.2533
-18.211
-18.0662
-17.8204
-17.4908
-17.0612
-16.6521
-16.1874
-15.7698
-15.087
-14.7114
-13.6053
-13.6166
-11.5696
-12.8088
-8.6503
-12.8802
-4.28361
-14.7457
28.0703
28.156
28.252
28.3566
28.4689
28.5883
28.713
28.8414
28.9731
29.1084
29.247
29.389
29.5338
29.6813
29.8308
29.9822
30.1347
30.2876
30.4404
30.5922
30.7422
30.8892
31.0323
31.1703
31.3017
31.4251
31.5389
31.6414
31.7307
31.8048
31.8617
31.899
31.9148
31.9066
31.8725
31.8104
31.7184
31.5948
31.4382
31.2476
31.0222
30.7616
30.4656
30.1346
29.7693
29.3707
28.9402
28.4795
27.9905
27.4755
26.9367
26.3766
25.7976
25.202
24.592
23.9696
23.3366
22.6945
22.0444
21.3875
20.7242
20.0554
19.3811
18.7022
18.0174
17.3312
16.6346
16.0455
15.4999
14.982
14.3164
13.8573
12.9195
12.7907
11.1574
12.0556
8.70167
12.2058
4.84111
14.4012
23.9802
23.8458
23.7063
23.5614
23.4062
23.2392
23.0588
22.8634
22.6511
22.42
22.1703
21.9036
21.6202
21.3194
21
20.6608
20.3008
19.9187
19.5131
19.0829
18.6266
18.1428
17.6302
17.0874
16.5129
15.9054
15.2635
14.586
13.8718
13.1199
12.3292
11.4993
10.6296
9.71989
8.77045
7.78176
6.75482
5.69111
4.5928
3.46258
2.30388
1.12082
-0.0817237
-1.29793
-2.52147
-3.74513
-4.96105
-6.16087
-7.33571
-8.47645
-9.5738
-10.6185
-11.6015
-12.5142
-13.3488
-14.0979
-14.7555
-15.3166
-15.7774
-16.1355
-16.3898
-16.5408
-16.5894
-16.5405
-16.3932
-16.1641
-15.8335
-15.5109
-15.1203
-14.78
-14.1751
-13.8752
-12.8545
-12.9228
-10.9893
-12.2226
-8.26163
-12.3322
-4.11224
-14.1541
24.0804
24.1584
24.245
24.3392
24.44
24.5472
24.6595
24.7756
24.8955
25.0191
25.1466
25.2777
25.4124
25.5506
25.6918
25.8358
25.9823
26.1307
26.2807
26.4316
26.5828
26.7335
26.8829
27.0301
27.1741
27.3137
27.4479
27.5753
27.6945
27.8041
27.9024
27.9878
28.0585
28.1127
28.1486
28.1642
28.1576
28.127
28.0707
27.9871
27.8747
27.7323
27.5591
27.3543
27.1177
26.8492
26.5493
26.2186
25.858
25.4688
25.0524
24.6105
24.1447
23.657
23.1492
22.6231
22.0803
21.5225
20.951
20.3671
19.7718
19.1662
18.5507
17.9268
17.2934
16.6554
16.0042
15.452
14.9375
14.4502
13.8181
13.3859
12.49
12.3716
10.8083
11.6666
8.45488
11.8077
4.71767
13.9607
20.6543
20.5395
20.4206
20.2975
20.1663
20.0256
19.8743
19.711
19.5342
19.3422
19.134
18.9106
18.6731
18.4212
18.154
17.8706
17.57
17.2513
16.9133
16.5551
16.1755
15.7732
15.3472
14.8963
14.4191
13.9145
13.3813
12.8182
12.2243
11.5983
10.9395
10.2469
9.52007
8.75847
7.96202
7.13084
6.26544
5.36666
4.43589
3.47493
2.48611
1.47235
0.437154
-0.615191
-1.67992
-2.75148
-3.82369
-4.88983
-5.94256
-6.97417
-7.97664
-8.94164
-9.86101
-10.7265
-11.5304
-12.2653
-12.9247
-13.5027
-13.9945
-14.3964
-14.7059
-14.9218
-15.0434
-15.0739
-15.0103
-14.8687
-14.6259
-14.3813
-14.0585
-13.7892
-13.2575
-13.0283
-12.0902
-12.2116
-10.3901
-11.6158
-7.85064
-11.7656
-3.91962
-13.5509
20.7416
20.8119
20.8895
20.9735
21.0633
21.1587
21.2588
21.3628
21.4705
21.582
21.6974
21.8167
21.9399
22.0669
22.1975
22.3316
22.4689
22.6092
22.7523
22.8976
23.0448
23.1933
23.3426
23.492
23.6408
23.788
23.9328
24.0742
24.2109
24.3419
24.4658
24.5812
24.6867
24.7807
24.8618
24.9281
24.9781
25.01
25.0223
25.0132
24.9812
24.9248
24.8426
24.7335
24.5966
24.4311
24.2365
24.0127
23.7597
23.4779
23.168
22.8307
22.4671
22.0784
21.6659
21.231
20.775
20.2995
19.8058
19.2951
18.7686
18.2275
17.6726
17.1056
16.5256
15.938
15.3343
14.8204
14.3387
13.8833
13.2863
12.8823
12.0301
11.9232
10.4315
11.252
8.1831
11.3882
4.57593
13.5006
17.8447
17.7462
17.6443
17.5391
17.4274
17.3081
17.1803
17.0428
16.8944
16.7338
16.5596
16.3716
16.1711
15.9585
15.7332
15.4945
15.2415
14.9735
14.6895
14.3887
14.0701
13.7328
13.3759
12.9982
12.5989
12.1767
11.7307
11.2599
10.7633
10.2398
9.68855
9.10879
8.49975
7.86084
7.19172
6.49218
5.76231
5.00248
4.21347
3.39637
2.55277
1.68465
0.794522
-0.114446
-1.03868
-1.97394
-2.91539
-3.85765
-4.79479
-5.72042
-6.62774
-7.50954
-8.35857
-9.16733
-9.92857
-10.6352
-11.2804
-11.8583
-12.3633
-12.7909
-13.1374
-13.4008
-13.5784
-13.6728
-13.6783
-13.6112
-13.4447
-13.2692
-13.0073
-12.8024
-12.3388
-12.1743
-11.3156
-11.4851
-9.77472
-10.9887
-7.42055
-11.1787
-3.71129
-12.9305
17.921
17.9841
18.0533
18.128
18.2077
18.2923
18.3812
18.4737
18.5698
18.6696
18.7732
18.8806
18.992
19.1072
19.2261
19.3488
19.4752
19.605
19.7381
19.8743
20.0133
20.1548
20.2984
20.4436
20.5899
20.7367
20.8834
21.0291
21.173
21.3142
21.4517
21.5842
21.7106
21.8295
21.9397
22.0397
22.1278
22.2027
22.2627
22.3063
22.3318
22.3378
22.3228
22.2854
22.2243
22.1384
22.0268
21.8887
21.7235
21.531
21.311
21.0638
20.7896
20.489
20.1628
19.8118
19.4371
19.0397
18.6207
18.1813
17.7226
17.2458
16.7517
16.2424
15.7169
15.1808
14.626
14.1516
13.7038
13.2814
12.721
12.3459
11.5392
11.4447
10.0268
10.8102
7.88793
10.9442
4.41984
13.0123
15.4666
15.3818
15.2941
15.2037
15.1082
15.0064
14.8979
14.7815
14.6563
14.5212
14.375
14.2168
14.047
13.8667
13.6758
13.4736
13.2595
13.0328
12.7927
12.5386
12.2696
11.985
11.6838
11.3654
11.0288
10.6731
10.2974
9.90088
9.48264
9.04179
8.57752
8.0891
7.5758
7.037
6.47224
5.88116
5.26362
4.61967
3.94965
3.2542
2.53424
1.79109
1.02649
0.242695
-0.557678
-1.37142
-2.19482
-3.02363
-3.85311
-4.67804
-5.49274
-6.29113
-7.0669
-7.81338
-8.52404
-9.19218
-9.8114
-10.3756
-10.8792
-11.3172
-11.6852
-11.9802
-12.1985
-12.342
-12.403
-12.3974
-12.2959
-12.1803
-11.9723
-11.8246
-11.4233
-11.3171
-10.5344
-10.7456
-9.14665
-10.3408
-6.97616
-10.5681
-3.49282
-12.2838
15.5335
15.5899
15.6515
15.7179
15.7886
15.8635
15.9422
16.0243
16.1097
16.1986
16.2912
16.3874
16.4873
16.591
16.6985
16.8097
16.9246
17.0431
17.1652
17.2907
17.4195
17.5514
17.686
17.8232
17.9625
18.1035
18.2458
18.3888
18.5319
18.6744
18.8155
18.9543
19.0899
19.2211
19.347
19.4662
19.5774
19.6793
19.7704
19.8494
19.9146
19.9646
19.9978
20.0129
20.0083
19.9828
19.9351
19.8641
19.7689
19.6488
19.503
19.3312
19.1332
18.9091
18.6589
18.3831
18.0822
17.7569
17.4079
17.0362
16.6426
16.2283
15.7941
15.3418
14.8707
14.3866
13.8811
13.4469
13.0337
12.6448
12.1222
11.7767
11.0173
10.935
9.59424
10.3383
7.57173
10.4679
4.25552
12.4843
13.4408
13.3675
13.2917
13.2138
13.1317
13.0446
12.9519
12.8529
12.7468
12.6325
12.5093
12.3761
12.2324
12.0791
11.9167
11.7449
11.563
11.3705
11.1667
10.9511
10.723
10.4818
10.2266
9.9569
9.67185
9.37073
9.05275
8.71715
8.36318
7.99008
7.59711
7.18358
6.74884
6.29226
5.81338
5.31177
4.78719
4.23951
3.66884
3.07547
2.45996
1.82314
1.16618
0.490659
-0.201531
-0.908021
-1.62599
-2.35218
-3.08282
-3.81375
-4.54031
-5.25742
-5.95972
-6.6414
-7.2967
-7.91963
-8.50419
-9.04454
-9.53509
-9.97085
-10.347
-10.66
-10.9055
-11.0846
-11.1883
-11.232
-11.1841
-11.1192
-10.9582
-10.86
-10.5156
-10.4593
-9.75153
-9.99254
-8.51263
-9.66826
-6.52786
-9.92151
-3.27766
-11.594
13.4993
13.5497
13.6044
13.6632
13.7258
13.792
13.8616
13.9342
14.01
14.089
14.1713
14.2571
14.3464
14.4393
14.5357
14.6358
14.7395
14.8468
14.9577
15.0721
15.19
15.3112
15.4355
15.5629
15.6929
15.8255
15.9601
16.0964
16.2341
16.3725
16.511
16.649
16.7857
16.9205
17.0521
17.1799
17.3026
17.419
17.5281
17.6284
17.7187
17.7975
17.8634
17.9149
17.9506
17.9691
17.9691
17.9492
17.9082
17.845
17.7588
17.6487
17.5141
17.3546
17.1698
16.9596
16.7242
16.4639
16.1788
15.8698
15.5375
15.1826
14.8058
14.409
13.9912
13.5582
13.1021
12.708
12.3297
11.9744
11.4907
11.174
10.4653
10.3915
9.13776
9.82953
7.24377
9.94718
4.10274
11.8933
11.7064
11.6419
11.5749
11.5061
11.4339
11.3578
11.2775
11.1927
11.1027
11.007
10.9048
10.7949
10.6757
10.5466
10.408
10.2607
10.1049
9.94025
9.76616
9.58205
9.38735
9.18153
8.96402
8.7342
8.4914
8.23504
7.96447
7.67901
7.37798
7.06073
6.72662
6.37504
6.00535
5.617
5.20948
4.78241
4.33544
3.86836
3.3811
2.87381
2.34675
1.80042
1.23562
0.653459
0.0552593
-0.557192
-1.18181
-1.81609
-2.45705
-3.10148
-3.74556
-4.38506
-5.01558
-5.63221
-6.22992
-6.80339
-7.34723
-7.85607
-8.32455
-8.74787
-9.121
-9.44045
-9.70105
-9.90345
-10.0378
-10.119
-10.1144
-10.0904
-9.97017
-9.9122
-9.62187
-9.60214
-8.97463
-9.22296
-7.88322
-8.96165
-6.08998
-9.22755
-3.08608
-10.8471
11.7586
11.8042
11.8534
11.9059
11.9614
12.02
12.0814
12.1456
12.2126
12.2825
12.3555
12.4317
12.5111
12.5937
12.6798
12.7692
12.8621
12.9584
13.0582
13.1614
13.2681
13.3781
13.4914
13.6079
13.7274
13.8498
13.9747
14.1019
14.2311
14.362
14.4941
14.6268
14.7596
14.892
15.0231
15.152
15.278
15.4003
15.5176
15.629
15.7331
15.8289
15.9149
15.9899
16.0525
16.1013
16.135
16.152
16.1513
16.1315
16.0915
16.0302
15.9466
15.8399
15.7097
15.5553
15.3764
15.1731
14.945
14.6926
14.4163
14.1165
13.7937
13.4495
13.083
12.6995
12.2916
11.9368
11.5938
11.2708
10.828
10.5365
9.88619
9.80895
8.66402
9.27277
6.91695
9.36414
3.98068
11.2213
9.75686
9.70436
9.64969
9.59358
9.53489
9.47314
9.40793
9.33876
9.26519
9.18669
9.10253
9.01204
8.91463
8.80975
8.69757
8.5784
8.45228
8.31897
8.17806
8.02913
7.87174
7.70541
7.52968
7.34413
7.14812
6.94117
6.72285
6.49249
6.24958
5.99354
5.72384
5.43995
5.14127
4.82731
4.49755
4.15164
3.78918
3.40983
3.01341
2.59986
2.1692
1.72162
1.25751
0.777526
0.28244
-0.226569
-0.748137
-1.28054
-1.82167
-2.36916
-2.92021
-3.4716
-4.0199
-4.5612
-5.09135
-5.60584
-6.10008
-6.56929
-7.00859
-7.4133
-7.77857
-8.10058
-8.37415
-8.59864
-8.76492
-8.8839
-8.92856
-8.94471
-8.87634
-8.85243
-8.63942
-8.63627
-8.13561
-8.34437
-7.22748
-8.14359
-5.66573
-8.42748
-2.94471
-10.0146
9.80006
9.8385
9.87981
9.92393
9.97073
10.0201
10.072
10.1263
10.1831
10.2425
10.3047
10.3697
10.4376
10.5085
10.5824
10.6595
10.7397
10.8233
10.9101
11.0002
11.0936
11.1904
11.2905
11.3939
11.5004
11.6101
11.7228
11.8383
11.9564
12.0769
12.1996
12.324
12.4497
12.5765
12.7037
12.8306
12.9567
13.0813
13.2036
13.3227
13.4376
13.5472
13.6505
13.7465
13.8338
13.9112
13.9773
14.0308
14.0705
14.0948
14.1026
14.0927
14.0636
14.0144
13.9442
13.8521
13.7371
13.5989
13.4369
13.251
13.0412
12.8075
12.5502
12.2704
11.9673
11.645
11.2985
10.9914
10.696
10.4089
10.028
9.7533
9.20233
9.08597
8.13003
8.57106
6.5887
8.62361
3.9221
10.3831
7.82979
7.78922
7.74696
7.70366
7.65841
7.61083
7.56055
7.50707
7.44996
7.3888
7.32308
7.25238
7.17669
7.09577
7.00957
6.91799
6.82081
6.71797
6.60928
6.49447
6.37318
6.24501
6.1096
5.96665
5.81565
5.65622
5.488
5.31047
5.12321
4.92576
4.71769
4.49853
4.26779
4.02503
3.76975
3.5016
3.22018
2.92513
2.61615
2.29304
1.95562
1.60388
1.23785
0.857806
0.464103
0.0573019
-0.36177
-0.792135
-1.23247
-1.68118
-2.13642
-2.59598
-3.0573
-3.5175
-3.97344
-4.42152
-4.85799
-5.27884
-5.67978
-6.05665
-6.4048
-6.7206
-6.99863
-7.23805
-7.429
-7.58182
-7.66869
-7.72749
-7.70225
-7.72433
-7.56869
-7.61673
-7.19364
-7.44501
-6.4423
-7.36198
-5.07124
-7.74544
-2.59064
-9.47074
7.86378
7.89472
7.92795
7.96346
8.00115
8.04092
8.08274
8.12665
8.17262
8.22082
8.27135
8.32422
8.37955
8.43753
8.49812
8.56134
8.62746
8.69643
8.76837
8.84332
8.92124
9.00236
9.08665
9.17398
9.2645
9.35818
9.45502
9.55492
9.65774
9.76346
9.87193
9.98286
10.0961
10.2116
10.3287
10.4471
10.5665
10.6863
10.8061
10.925
11.0424
11.1576
11.2697
11.3778
11.4808
11.5777
11.6674
11.7484
11.8198
11.8801
11.9279
11.9622
11.9814
11.9841
11.9694
11.936
11.8826
11.8086
11.7128
11.5947
11.454
11.2902
11.1032
10.8935
10.6603
10.4071
10.1292
9.87928
9.63499
9.39781
9.07443
8.84772
8.36645
8.28505
7.42681
7.86702
6.04172
8.0103
3.56086
9.95385
6.3322
6.29965
6.2656
6.23062
6.19411
6.15588
6.11579
6.07366
6.02919
5.98206
5.93197
5.87849
5.82129
5.7598
5.69363
5.62262
5.54672
5.46616
5.38099
5.29104
5.19604
5.09565
4.9896
4.87763
4.75933
4.63446
4.50264
4.36352
4.21677
4.06199
3.89884
3.72693
3.54585
3.35523
3.15467
2.9438
2.72228
2.48977
2.24598
1.99064
1.72354
1.44455
1.15355
0.850634
0.535909
0.209639
-0.127711
-0.475593
-0.833163
-1.19942
-1.57311
-1.95274
-2.33648
-2.72224
-3.10769
-3.49008
-3.86646
-4.23365
-4.5881
-4.92627
-5.24407
-5.53833
-5.80378
-6.03983
-6.23635
-6.4037
-6.51328
-6.59866
-6.60223
-6.65704
-6.54341
-6.63273
-6.26904
-6.56301
-5.64669
-6.59254
-4.44022
-7.09215
-2.18008
-8.97843
6.36005
6.38589
6.41344
6.44269
6.47359
6.50614
6.54036
6.5762
6.61382
6.65331
6.69468
6.738
6.78343
6.83107
6.88086
6.93296
6.98749
7.04443
7.10397
7.16607
7.23071
7.29815
7.36838
7.44136
7.51725
7.59596
7.67754
7.76206
7.84938
7.93949
8.03241
8.12791
8.22597
8.32653
8.42921
8.53382
8.64018
8.74788
8.85655
8.96579
9.07509
9.18384
9.29148
9.3972
9.50031
9.60001
9.69523
9.78493
9.86817
9.94384
10.0106
10.0673
10.1127
10.1454
10.1643
10.1681
10.1554
10.1253
10.0766
10.0084
9.91996
9.81067
9.67995
9.528
9.35376
9.16003
8.94256
8.74412
8.54633
8.35558
8.08543
7.90612
7.48849
7.4492
6.67394
7.14048
5.43445
7.41274
3.13204
9.59231
5.10549
5.07965
5.05258
5.02468
4.99554
4.96505
4.93316
4.89977
4.86472
4.82771
4.7885
4.74685
4.70253
4.65506
4.60405
4.54921
4.49029
4.42742
4.36073
4.29019
4.21572
4.13705
4.05396
3.96619
3.87347
3.77559
3.67222
3.56309
3.44796
3.32649
3.19841
3.06338
2.92106
2.77115
2.61334
2.44728
2.27267
2.08924
1.8967
1.69477
1.48326
1.262
1.03082
0.789703
0.538644
0.277752
0.00727659
-0.272477
-0.560982
-0.857611
-1.16148
-1.47161
-1.78672
-2.10526
-2.42559
-2.74559
-3.06305
-3.3755
-3.68013
-3.97407
-4.25383
-4.5169
-4.75839
-4.97823
-5.16634
-5.33335
-5.45048
-5.54887
-5.56973
-5.64483
-5.56184
-5.67931
-5.36569
-5.68847
-4.85516
-5.81108
-3.80368
-6.4132
-1.76742
-8.41336
5.12791
5.14896
5.1714
5.19514
5.22018
5.24659
5.27434
5.30341
5.33396
5.36607
5.39974
5.43505
5.47213
5.51102
5.55172
5.5944
5.63909
5.68582
5.73475
5.78584
5.83918
5.89487
5.95297
6.01349
6.07654
6.14206
6.21012
6.28082
6.35405
6.42984
6.50824
6.58909
6.67239
6.75813
6.84601
6.93601
7.02797
7.12159
7.21666
7.31289
7.40991
7.5073
7.60463
7.70132
7.79685
7.89061
7.98177
8.06953
8.15306
8.23152
8.30376
8.36883
8.42567
8.47298
8.50977
8.5348
8.54674
8.54467
8.52734
8.4937
8.44296
8.37424
8.28676
8.18052
8.05424
7.91015
7.74432
7.59083
7.43448
7.28543
7.06461
6.92864
6.57292
6.57168
5.88288
6.36878
4.79652
6.76617
2.69483
9.11711
4.05159
4.03136
4.01014
3.98819
3.96521
3.94119
3.91608
3.88984
3.86241
3.83358
3.80314
3.77092
3.73675
3.70034
3.66141
3.61968
3.57477
3.52655
3.47509
3.4205
3.3628
3.30188
3.2376
3.16968
3.09791
3.02216
2.94217
2.85772
2.76861
2.67458
2.5754
2.47084
2.36058
2.2444
2.12204
1.99321
1.85768
1.71515
1.56542
1.40823
1.24338
1.0707
0.89
0.701213
0.504262
0.299161
0.0860191
-0.135014
-0.363636
-0.59945
-0.841898
-1.09032
-1.34383
-1.60133
-1.86166
-2.12326
-2.38448
-2.64346
-2.89798
-3.14587
-3.38421
-3.61113
-3.82222
-4.018
-4.18867
-4.34523
-4.45913
-4.5605
-4.58981
-4.67557
-4.61359
-4.74907
-4.47621
-4.81751
-4.0592
-5.01538
-3.14922
-5.70435
-1.33358
-7.78159
4.06928
4.08604
4.10388
4.12274
4.14261
4.16352
4.18551
4.20858
4.23282
4.25833
4.28512
4.31325
4.34278
4.37376
4.40625
4.44036
4.47609
4.51349
4.55267
4.59368
4.6366
4.68144
4.72827
4.77715
4.82815
4.8813
4.93659
4.99414
5.05393
5.11598
5.18033
5.24689
5.3157
5.38676
5.45986
5.53501
5.61216
5.69107
5.77161
5.85359
5.93671
6.02075
6.10535
6.19012
6.27462
6.35839
6.44089
6.52146
6.59938
6.67403
6.74452
6.81
6.86967
6.92236
6.96721
7.00322
7.02914
7.0441
7.04697
7.03671
7.01248
6.9734
6.91856
6.84785
6.75998
6.6567
6.53436
6.41951
6.29951
6.18739
6.01141
5.91487
5.61755
5.65132
5.04685
5.54914
4.11155
6.06351
2.21991
8.54833
3.1353
3.11989
3.10365
3.0868
3.06914
3.05066
3.03131
3.0111
2.99001
2.96793
2.94471
2.92022
2.89432
2.86684
2.83763
2.80647
2.77301
2.737
2.69836
2.65713
2.61339
2.56719
2.51848
2.46705
2.41272
2.35538
2.29483
2.23091
2.16346
2.09229
2.01722
1.93806
1.85457
1.7666
1.67392
1.57631
1.47358
1.36549
1.25188
1.13252
1.00725
0.875895
0.738288
0.594335
0.44394
0.287055
0.12371
-0.0460417
-0.222049
-0.404071
-0.591792
-0.784744
-0.982397
-1.18397
-1.38866
-1.5954
-1.80295
-2.00996
-2.21478
-2.41581
-2.61069
-2.79815
-2.97428
-3.14023
-3.28661
-3.42486
-3.52699
-3.62324
-3.65358
-3.74194
-3.69253
-3.83729
-3.59595
-3.94741
-3.25424
-4.20459
-2.46565
-4.96206
-0.857295
-7.08381
3.14888
3.16185
3.17561
3.19014
3.20543
3.22153
3.23846
3.25623
3.27491
3.29457
3.31522
3.33692
3.3597
3.38362
3.40873
3.43509
3.46273
3.49167
3.52202
3.55382
3.58711
3.62193
3.65835
3.69638
3.73613
3.77761
3.82081
3.86585
3.91273
3.96149
4.01214
4.06464
4.11909
4.17546
4.2336
4.29358
4.35536
4.41879
4.4838
4.5503
4.61802
4.68687
4.75663
4.82695
4.89756
4.96812
5.03826
5.10748
5.17523
5.24105
5.30422
5.36406
5.42002
5.47108
5.51652
5.55557
5.58716
5.61051
5.62461
5.62864
5.62175
5.60309
5.57187
5.52785
5.46981
5.3992
5.31268
5.23044
5.14175
5.06169
4.92564
4.86418
4.62059
4.68598
4.16079
4.67795
3.36743
5.29964
1.67956
7.90062
2.30737
2.29626
2.28449
2.27226
2.25943
2.24597
2.23188
2.21716
2.2018
2.18577
2.16902
2.15144
2.13291
2.11335
2.09267
2.07072
2.04727
2.0221
1.99498
1.96579
1.93456
1.90142
1.8664
1.8294
1.79032
1.74902
1.70536
1.65924
1.61055
1.55915
1.50488
1.44763
1.38721
1.3235
1.25635
1.18557
1.11103
1.03257
0.950041
0.863291
0.77217
0.676544
0.576293
0.471318
0.361536
0.246893
0.127373
0.00298954
-0.126179
-0.260009
-0.398305
-0.540788
-0.687108
-0.836769
-0.989247
-1.14381
-1.29962
-1.45573
-1.61095
-1.76423
-1.91372
-2.05872
-2.19585
-2.32692
-2.44302
-2.55599
-2.63878
-2.72266
-2.7474
-2.831
-2.7865
-2.93215
-2.71393
-3.06672
-2.42909
-3.36504
-1.74374
-4.16315
-0.33371
-6.24829
2.31725
2.3267
2.33673
2.34731
2.35845
2.37019
2.38255
2.39553
2.40919
2.42356
2.43866
2.45454
2.47125
2.4888
2.50725
2.52663
2.54694
2.56827
2.59066
2.61414
2.63871
2.66446
2.69145
2.71965
2.74915
2.77999
2.81215
2.84572
2.88071
2.91717
2.95508
2.99445
3.03534
3.07774
3.12155
3.16687
3.21365
3.26178
3.31122
3.36196
3.41381
3.46667
3.52044
3.57485
3.62979
3.68495
3.74011
3.79494
3.84903
3.90205
3.95348
4.00285
4.04971
4.09334
4.1332
4.16866
4.19891
4.22336
4.24117
4.25171
4.25424
4.24803
4.23252
4.20737
4.17151
4.12621
4.06845
4.01312
3.95096
3.89826
3.79723
3.76633
3.57138
3.66409
3.21183
3.73915
2.54672
4.44991
1.05299
7.09329
1.58
1.57244
1.56443
1.55609
1.54729
1.53801
1.52824
1.518
1.50725
1.49596
1.48417
1.47179
1.45875
1.44497
1.43039
1.41493
1.39854
1.38117
1.36264
1.34279
1.32153
1.2989
1.27501
1.24991
1.22351
1.19567
1.16626
1.13523
1.10247
1.06791
1.03144
0.992977
0.952413
0.909651
0.864585
0.817105
0.767111
0.714478
0.659127
0.600942
0.539819
0.475661
0.408383
0.33791
0.264185
0.187161
0.106806
0.0231281
-0.0638368
-0.154027
-0.247323
-0.343567
-0.442547
-0.543958
-0.647464
-0.752635
-0.858922
-0.965727
-1.07225
-1.17791
-1.28131
-1.38232
-1.47805
-1.57096
-1.65265
-1.73542
-1.79318
-1.85926
-1.87309
-1.9463
-1.89984
-2.04019
-1.83577
-2.18491
-1.58937
-2.5058
-0.98883
-3.29959
0.225032
-5.18734
1.58667
1.59301
1.59976
1.60687
1.61433
1.62218
1.63043
1.63909
1.64821
1.65779
1.66784
1.67839
1.68948
1.70113
1.71336
1.72617
1.7396
1.75372
1.76852
1.78401
1.80021
1.81719
1.835
1.85361
1.87305
1.89337
1.9146
1.93676
1.95987
1.98397
2.00905
2.03513
2.06227
2.09041
2.11957
2.14978
2.18106
2.2133
2.24649
2.28066
2.31567
2.35147
2.388
2.42511
2.46274
2.50068
2.53878
2.57686
2.61465
2.65192
2.68834
2.7236
2.75738
2.78922
2.81878
2.84558
2.86905
2.88884
2.90432
2.91506
2.92052
2.92013
2.91356
2.90049
2.88006
2.85344
2.81796
2.78429
2.74392
2.71376
2.64252
2.63726
2.48457
2.60004
2.21093
2.74422
1.6527
3.50865
0.340461
6.0465
0.72896
0.724452
0.719771
0.71505
0.710318
0.705708
0.701408
0.697627
0.69459
0.692567
0.691849
0.692657
0.695124
0.69927
0.704946
0.711786
0.719113
0.725891
0.730823
0.732657
0.73047
0.723908
0.713356
0.699771
0.6843
0.667762
0.650411
0.632189
0.612991
0.592775
0.571522
0.549231
0.525867
0.501397
0.475791
0.449015
0.421026
0.391764
0.361206
0.3293
0.295996
0.261257
0.225024
0.18726
0.14794
0.107029
0.0644995
0.0203492
-0.0254192
-0.0727858
-0.121705
-0.172106
-0.223907
-0.276963
-0.33111
-0.386154
-0.441829
-0.497851
-0.553778
-0.60942
-0.663857
-0.717449
-0.767874
-0.818111
-0.860514
-0.907584
-0.934854
-0.977458
-0.975792
-1.03271
-0.980159
-1.10614
-0.916294
-1.23992
-0.710518
-1.5347
-0.234511
-2.18894
0.664936
-3.48321
0.733064
0.737091
0.741415
0.745992
0.750841
0.755964
0.761347
0.767043
0.773076
0.779432
0.78611
0.793133
0.80054
0.80833
0.816504
0.825072
0.834058
0.843502
0.853367
0.863672
0.874451
0.885701
0.897438
0.909647
0.922352
0.93555
0.949263
0.963477
0.978185
0.993431
1.00917
1.02541
1.04215
1.05937
1.07705
1.09521
1.11384
1.13288
1.15232
1.17218
1.19234
1.21281
1.23356
1.25452
1.27563
1.29683
1.31802
1.33911
1.36
1.38056
1.40068
1.42018
1.43892
1.45665
1.47324
1.48843
1.50192
1.51361
1.52309
1.53014
1.53447
1.53581
1.53398
1.52884
1.51978
1.50785
1.49075
1.47542
1.45402
1.44383
1.39948
1.4167
1.30349
1.43388
1.11101
1.61599
0.673047
2.31258
-0.360848
4.24462
0.434007
0.434443
0.434843
0.435128
0.435154
0.43474
0.433633
0.431497
0.427929
0.422481
0.41466
0.403937
0.389792
0.37178
0.349653
0.323524
0.29411
0.262836
0.231686
0.202994
0.179048
0.161495
0.150728
0.145468
0.14331
0.142085
0.140709
0.139017
0.137118
0.135022
0.132666
0.12999
0.126928
0.123424
0.119446
0.114947
0.109897
0.104268
0.0980369
0.0911871
0.0837133
0.075612
0.0668678
0.0574895
0.0474947
0.0368883
0.0256836
0.0139077
0.00158362
-0.0112625
-0.024595
-0.0383758
-0.0525637
-0.0671117
-0.0819533
-0.0970347
-0.112276
-0.127625
-0.142897
-0.158196
-0.172981
-0.187982
-0.201352
-0.216306
-0.226266
-0.242839
-0.245057
-0.266174
-0.2526
-0.290771
-0.239245
-0.335671
-0.18521
-0.428086
-0.0521592
-0.614605
0.210968
-0.94642
0.649638
-1.34017
0.43346
0.432802
0.432097
0.431315
0.430461
0.429525
0.428485
0.427358
0.426142
0.424823
0.423398
0.421868
0.420244
0.418517
0.416687
0.414756
0.412734
0.410637
0.408444
0.406182
0.403873
0.401506
0.399099
0.396677
0.394257
0.391848
0.389491
0.387187
0.384965
0.382872
0.380907
0.379113
0.377498
0.376103
0.374955
0.374065
0.37347
0.373166
0.373203
0.373586
0.374283
0.375323
0.376721
0.378445
0.380485
0.382827
0.385432
0.388261
0.391278
0.394442
0.397717
0.401021
0.404311
0.407479
0.410482
0.413223
0.415581
0.417605
0.419093
0.42003
0.420338
0.419938
0.418787
0.416842
0.413783
0.410422
0.405136
0.402279
0.394284
0.395923
0.373143
0.398323
0.327613
0.436601
0.221107
0.579351
-0.0347922
0.984473
-0.575896
1.92917
)
;

boundaryField
{
    inlet
    {
        type            freestreamPressure;
        freestreamValue uniform 0;
        value           nonuniform List<scalar> 
134
(
4.84588
3.33287
1.61504
-0.0389358
-1.39575
-2.44547
-3.01901
-3.06376
-2.5687
-1.32304
-0.285264
-0.466609
-0.818962
-1.18565
-1.57893
-2.00493
-2.46382
-2.95477
-3.48103
-4.05111
6.20277
-4.67766
-5.36505
-6.07643
-6.72821
-7.18424
-7.39585
-7.75779
-7.7672
-7.89464
-9.30923
-8.56548
-8.53999
-8.64655
-8.71485
-8.72241
-8.72532
-8.81263
-9.10105
-9.46465
7.36166
8.39596
9.01571
8.98018
8.0846
6.05011
2.67476
-10.2942
-10.005
-9.5927
-9.30574
-9.07928
-8.83298
-8.56282
-8.28826
-8.01523
-7.74069
-7.46178
-7.17851
-6.89098
-6.59769
-6.296
-5.98144
-5.64587
-5.2824
-4.8772
-4.61252
-4.37289
-4.09776
-3.79007
-3.45017
-3.04312
-2.52624
-1.6962
-0.65252
0.68766
1.59244
2.64415
3.68974
4.7121
5.69316
6.52235
7.13377
7.53879
7.7539
7.82563
7.80584
7.73763
7.65346
7.59908
7.65265
7.85056
8.0847
8.26501
8.39888
8.50556
8.58928
8.64443
8.66763
8.66052
8.62891
8.58646
8.5606
8.62096
8.87467
9.505
9.77792
9.51584
9.20674
9.00487
8.8404
8.65567
8.45373
8.2493
8.04494
7.83735
7.6244
7.40506
7.17825
6.94138
6.6901
6.41838
6.11434
5.76868
5.33757
5.11674
4.93077
4.68646
4.39412
4.06128
3.64646
3.1086
2.18244
0.992113
)
;
    }
    outlet
    {
        type            freestreamPressure;
        freestreamValue uniform 0;
        value           nonuniform List<scalar> 
160
(
5.41108e-05
5.40416e-05
5.41726e-05
5.39615e-05
5.42378e-05
5.38791e-05
5.4299e-05
5.3789e-05
5.43406e-05
5.3691e-05
5.43402e-05
5.35841e-05
5.42648e-05
5.34651e-05
5.40688e-05
5.33361e-05
5.3696e-05
5.31972e-05
5.3083e-05
5.30462e-05
5.21596e-05
5.28833e-05
5.08517e-05
5.27082e-05
4.9088e-05
5.25227e-05
4.68101e-05
5.23256e-05
4.39889e-05
5.21168e-05
4.06466e-05
5.18971e-05
3.68853e-05
5.16672e-05
3.28971e-05
5.14295e-05
2.89405e-05
5.11818e-05
2.53109e-05
5.09264e-05
2.22897e-05
5.06676e-05
2.00743e-05
5.04029e-05
1.87071e-05
5.01355e-05
1.80267e-05
4.98679e-05
1.77367e-05
4.9603e-05
1.75692e-05
4.93418e-05
1.73884e-05
4.9089e-05
1.7171e-05
4.88462e-05
1.69282e-05
4.86156e-05
1.66611e-05
4.84048e-05
1.63619e-05
4.82132e-05
1.60235e-05
4.8046e-05
1.56377e-05
4.7906e-05
1.51978e-05
4.77968e-05
1.47e-05
4.77241e-05
1.41385e-05
4.76881e-05
1.35098e-05
4.76952e-05
1.28107e-05
4.77451e-05
1.20385e-05
4.78443e-05
1.11912e-05
4.79953e-05
1.02686e-05
4.81939e-05
9.27022e-06
4.84449e-05
8.19432e-06
4.87513e-05
7.04205e-06
4.91104e-05
5.81563e-06
4.95215e-05
4.51553e-06
4.99846e-05
3.14328e-06
5.04962e-05
1.70189e-06
5.1052e-05
1.93789e-07
5.16495e-05
-1.37841e-06
5.22847e-05
-3.01113e-06
5.29546e-05
-4.70068e-06
5.36503e-05
-6.44326e-06
5.43672e-05
-8.23463e-06
5.50939e-05
-1.00685e-05
5.58242e-05
-1.19402e-05
5.65488e-05
-1.38427e-05
5.72504e-05
-1.57721e-05
5.79378e-05
-1.77092e-05
5.85845e-05
-1.96691e-05
5.91867e-05
-2.15916e-05
5.97358e-05
-2.35641e-05
6.02173e-05
-2.53753e-05
6.06265e-05
-2.74011e-05
6.0952e-05
-2.88775e-05
6.11494e-05
-3.11604e-05
6.13232e-05
-3.1798e-05
6.12543e-05
-3.46413e-05
6.14369e-05
-3.33651e-05
6.08318e-05
-3.82106e-05
6.15971e-05
-3.24551e-05
5.89447e-05
-4.43398e-05
6.31603e-05
-2.62578e-05
5.34855e-05
-5.59981e-05
7.01824e-05
-7.98046e-06
3.80463e-05
-7.67317e-05
9.24521e-05
3.68478e-05
-6.59297e-06
-0.000103778
0.000146643
0.000141721
-0.000132033
-0.000108086
0.00022943
)
;
    }
    walls
    {
        type            zeroGradient;
    }
    frontAndBack
    {
        type            empty;
    }
}


// ************************************************************************* //
